1.8262;-0.49382;-0.24193;-0.34732;-0.28058;-0.21112;-0.090635;-0.013353;0.019173;0.0035815;-0.017546;-0.019063;-0.017079
2.804;0.06154;-0.068686;-0.41222;-0.46395;-0.054929;-0.043624;-0.20869;0.0038774;-0.12249;-0.04863;0.098681;0.011127
4.0395;0.14627;-0.13383;-0.32993;-0.48072;-0.09183;0.0026086;-0.14848;0.023671;-0.17353;-0.019126;0.049147;-0.093985
3.2961;0.13953;-0.10556;-0.36244;-0.43575;-0.068464;-0.022585;-0.15514;0.020832;-0.1661;-0.057479;0.042932;-0.057218
2.0785;-0.31931;-0.16546;-0.40845;-0.37268;-0.21012;-0.07087;-0.026451;0.013345;-0.0095463;-0.024049;-0.0061076;-0.005381
1.8632;-0.45839;-0.15699;-0.24866;-0.21744;-0.21613;-0.14734;-0.10672;-0.079376;-0.045778;-0.0082949;0.024877;0.042225
1.7525;-0.54601;-0.24481;-0.28938;-0.18436;-0.1624;-0.11015;-0.079166;-0.047666;-0.018783;-0.0028249;0.026065;0.01505
1.7435;-0.54645;-0.23498;-0.27051;-0.17687;-0.1561;-0.10797;-0.076652;-0.050803;-0.021235;-0.010407;0.015195;0.01798
1.7507;-0.54537;-0.24845;-0.27733;-0.1851;-0.15716;-0.10704;-0.085899;-0.045325;-0.022229;-0.023582;0.0091111;0.020345
1.742;-0.54878;-0.23963;-0.27403;-0.18094;-0.15649;-0.10852;-0.079864;-0.049132;-0.020932;-0.0056243;0.015014;0.017837
1.7399;-0.5508;-0.24404;-0.27541;-0.19286;-0.15696;-0.10228;-0.077725;-0.045823;-0.021828;-0.0073786;0.015567;0.015443
1.7463;-0.54636;-0.2407;-0.27567;-0.1849;-0.15703;-0.098022;-0.077916;-0.050481;-0.021293;-0.0014865;0.018227;0.012776
1.748;-0.54127;-0.23892;-0.26649;-0.17129;-0.15207;-0.10524;-0.083825;-0.049948;-0.021025;-0.0045867;0.012134;0.012942
1.7486;-0.54469;-0.24439;-0.28719;-0.19396;-0.16534;-0.095584;-0.064423;-0.041569;-0.016905;-0.016722;0.010226;0.01715
1.7658;-0.53866;-0.22564;-0.26637;-0.18238;-0.14622;-0.11583;-0.083599;-0.053511;-0.027388;-0.0081064;0.0091716;0.022038
1.7584;-0.55107;-0.252;-0.27988;-0.17736;-0.15351;-0.10776;-0.079526;-0.056862;-0.02268;-0.002561;0.019842;0.01484
1.7577;-0.54535;-0.25253;-0.2865;-0.16996;-0.14379;-0.089457;-0.083821;-0.060954;-0.019556;-0.0047036;0.019921;0.020315
1.7695;-0.53046;-0.22511;-0.26052;-0.16571;-0.13022;-0.073663;-0.085478;-0.05806;-0.022103;-0.014086;0.023783;0.02121
1.8328;-0.49201;-0.20918;-0.25046;-0.15052;-0.11194;-0.075234;-0.10783;-0.098876;-0.049522;-0.015917;0.032716;0.03164
1.7992;-0.51975;-0.22906;-0.27482;-0.21594;-0.19259;-0.11356;-0.089495;-0.032532;0.011659;0.022949;0.029459;0.010691
1.8475;-0.49685;-0.21704;-0.25084;-0.18361;-0.14615;-0.10801;-0.08705;-0.021791;0.013465;0.024219;0.019248;0.0052092
1.8343;-0.52787;-0.23953;-0.26212;-0.20786;-0.18662;-0.1052;-0.072876;-0.047185;-0.0036829;0.022472;0.031466;0.01364
1.9165;-0.48768;-0.20351;-0.25199;-0.28476;-0.27002;-0.13067;-0.10247;-0.052684;0.054373;0.03574;0.0080563;0.045425
1.9529;-0.46644;-0.19502;-0.26067;-0.20541;-0.20001;-0.21287;-0.19617;-0.11001;0.0049946;-0.019209;0.034149;0.085743
2.0461;-0.4293;-0.195;-0.21741;-0.143;-0.11978;-0.10714;-0.1459;-0.12497;0.010607;0.028418;0.026996;0.041838
2.0617;-0.43455;-0.24617;-0.2365;-0.17374;-0.2021;-0.022769;-0.092246;-0.1149;0.026604;0.01629;-0.010197;-0.00055836
2.1379;-0.41729;-0.24888;-0.25624;-0.15685;-0.16128;-0.11108;-0.19646;-0.17991;-0.05027;0.051618;0.09736;0.017651
2.1532;-0.441;-0.29373;-0.30531;-0.18152;-0.064591;0.0010896;-0.052161;-0.007795;-0.045268;-0.011459;0.0069041;-0.021088
2.2459;-0.39455;-0.18519;-0.24245;-0.14465;-0.15767;-0.11325;-0.22669;-0.22213;0.034178;0.047395;0.01845;0.017277
2.3494;-0.31741;-0.12121;-0.17486;-0.161;-0.14343;-0.078653;-0.11263;-0.057171;-0.09493;-0.052182;-0.017026;-0.0068786
2.3561;-0.33909;-0.15206;-0.21073;-0.12194;-0.14899;-0.17183;-0.082384;-0.088815;0.041218;0.11671;0.090197;0.027663
2.5291;-0.36118;-0.18169;-0.23733;-0.11748;0.0056663;-0.24006;-0.070148;-0.11048;-0.11771;0.025686;0.095058;0.095026
2.4693;-0.43493;-0.18716;-0.20128;-0.16706;-0.028584;-0.15905;-0.057563;-0.056089;-0.053651;-0.13067;0.016574;0.10758
2.564;-0.48455;-0.20868;-0.11067;-0.10024;-0.15866;-0.22134;-0.083514;-0.050604;-0.02093;-0.067013;0.060321;0.12494
2.721;-0.40002;-0.15407;-0.098272;-0.079746;-0.24322;-0.061679;-0.0030487;-0.041818;0.050121;-0.12788;-0.013487;0.083497
2.7739;-0.47453;-0.24412;-0.12498;0.034181;-0.14167;-0.041225;-0.053591;-0.25095;-0.10592;-0.1019;0.12097;0.14556
2.8542;-0.38374;-0.12649;-0.13264;-0.23763;-0.29706;-0.01515;-0.22372;-0.2196;-0.04202;-0.021653;0.050331;0.099124
2.815;-0.39387;-0.18178;-0.23688;-0.10749;-0.17939;-0.093027;-0.039601;-0.088701;-0.18083;-0.090023;0.13787;0.15906
2.9267;-0.3669;-0.12902;-0.26374;-0.12138;-0.18516;-0.058481;-0.19539;-0.27553;-0.067976;0.16899;0.094675;0.05461
2.9708;-0.3481;-0.1465;0.0246;-0.14155;-0.19372;-0.15518;-0.24501;-0.16441;-0.10774;0.11393;0.078215;-0.010024
3.0025;-0.39056;-0.27111;-0.13235;-0.089017;-0.067392;-0.12631;-0.17078;-0.13812;-0.01235;-0.070179;-0.080877;0.04838
3.0518;-0.41107;-0.3024;-0.30454;-0.15754;-0.26421;-0.11268;-0.063662;-0.20552;-0.01179;0.0062064;0.029545;0.045306
3.1985;-0.34933;-0.22388;-0.2392;-0.074308;-0.1066;0.045392;-0.0075398;-0.090532;0.090281;0.0060352;0.053887;-0.015151
3.1832;-0.31921;-0.22959;-0.17282;-0.011036;0.073046;0.061692;-0.14703;-0.18433;-0.078471;-0.050042;0.022855;0.073793
3.3525;-0.31251;-0.20437;-0.24951;-0.20534;-0.12412;-0.065284;-0.093133;-0.19088;-0.10154;-0.028666;-0.014562;0.098349
3.3471;-0.2288;-0.1465;-0.18866;-0.19778;-0.21901;-0.17592;-0.14127;-0.057999;-0.029586;-0.06922;0.046694;0.071511
3.2573;-0.34461;-0.27663;-0.2078;-0.22437;-0.2662;-0.20768;-0.12671;-0.18891;0.021394;0.13726;0.065353;0.026293
3.3627;-0.37309;-0.2312;-0.072919;-0.15265;-0.12566;-0.093223;-0.07084;-0.06644;-0.0055183;0.074189;-0.028361;-0.038854
3.4161;-0.32068;-0.14492;-0.11983;-0.18298;-0.077051;-0.2285;-0.30096;-0.08986;0.014026;-0.05596;0.03812;0.080072
3.3388;-0.32006;-0.11432;-0.20282;-0.15733;-0.25179;-0.18699;-0.16883;-0.031533;-0.050835;-0.16562;-0.088843;0.068531
3.3499;-0.33767;-0.24128;-0.15143;-0.14405;-0.0094503;-0.090521;-0.33474;-0.11469;-0.0029856;-0.11263;0.047578;0.096249
3.2012;-0.35203;-0.21838;-0.19992;-0.20605;-0.13424;-0.010342;-0.15429;-0.17633;-0.039189;0.033595;0.078281;0.0667
3.2223;-0.35479;-0.25626;-0.26641;-0.15421;-0.085063;-0.030938;-0.064841;-0.12013;-0.069719;-0.053834;0.064645;0.067539
3.0818;-0.4168;-0.26227;-0.34057;-0.12867;-0.03099;-0.11343;-0.18994;-0.16756;-0.050077;0.01236;0.023394;0.09521
3.3111;-0.35681;-0.16521;-0.25041;-0.33641;-0.27682;-0.20015;-0.20954;-0.11063;0.11279;-0.086516;-0.15292;0.048374
3.4635;-0.39598;-0.18467;-0.21547;-0.21884;-0.13245;-0.051253;-0.2172;-0.067778;0.095461;-0.13049;-0.16062;0.0045983
3.3073;-0.29552;-0.14533;-0.20116;-0.16125;-0.1438;-0.18672;-0.12401;0.077245;0.068304;-0.040614;-0.06785;-0.0043925
3.2804;-0.38922;-0.14198;-0.09294;-0.041119;-0.061512;0.025353;-0.0076831;0.0013497;-0.043741;-0.099475;0.012008;-0.020297
3.4575;-0.4532;-0.34583;-0.098004;-0.12912;0.045874;0.12545;-0.096835;-0.11517;-0.012438;-0.06211;-0.023068;0.026457
3.5774;-0.35764;-0.32423;-0.15626;-0.0094116;-0.096588;0.019534;-0.0096961;-0.11246;-0.010582;-0.029753;0.078698;0.057224
3.4886;-0.4471;-0.22438;-0.16879;-0.16082;-0.18365;0.0055295;0.038222;-0.1026;-0.0054858;-0.016815;-0.035641;0.092153
3.5153;-0.37339;-0.20109;0.050213;-0.05404;-0.080729;0.027325;-0.07632;-0.08929;-0.12576;0.071285;0.067658;-0.033194
3.5637;-0.34517;-0.11701;-0.14635;-0.13381;-0.09998;-0.048098;-0.033646;-0.15258;-0.073067;0.089211;0.14919;-0.014753
3.6753;-0.28759;-0.14737;-0.016759;-0.087335;-0.15437;-0.1314;0.021763;-0.039811;-0.23769;0.05758;0.12075;0.097567
3.5979;-0.3131;-0.14381;0.015304;-0.16274;-0.19312;-0.068462;-0.045308;-0.17249;-0.05332;0.064597;0.041064;0.12277
3.5007;-0.25577;-0.16382;0.028324;-0.10549;-0.17796;0.024844;-0.069223;-0.085677;0.010594;0.0074693;-0.043317;0.059644
3.615;-0.25088;-0.11198;0.055763;-0.0017374;-0.06006;-0.022761;-0.14697;-0.068114;0.017526;0.022881;-0.030727;0.024793
3.5409;-0.28257;-0.044835;0.037668;0.050797;-0.15592;-0.11347;-0.11161;-0.068614;-0.025039;-0.033811;-0.059682;0.016281
3.4672;-0.2835;-0.17658;-0.051804;-0.11493;-0.1918;-0.0092564;0.052384;-0.040548;-0.13074;-0.060167;-0.0080655;0.024732
3.631;-0.24027;-0.1046;0.049778;0.013466;-0.093019;-0.11986;-0.091573;-0.12368;-0.020793;-0.066814;-0.090902;0.077063
3.5714;-0.24136;-0.15587;-0.10423;0.027484;-0.080003;0.044302;-0.105;-0.044977;-0.20247;-0.04236;0.0067448;-0.048225
3.5445;-0.3049;-0.12533;-0.038758;-0.07309;-0.1116;0.15674;-0.15154;-0.1346;-0.1347;-0.031498;0.094954;-0.044552
3.5496;-0.28829;-0.25181;-0.11273;-0.13721;-0.11249;0.079056;-0.093792;-0.045985;-0.2102;-0.061499;0.12603;-0.040215
3.5402;-0.3108;-0.15424;-0.12286;-0.074502;-0.19024;0.074059;-0.25126;-0.22092;-0.12639;-0.019086;0.018562;-0.057395
3.3736;-0.38211;-0.2282;-0.12063;0.063012;-0.16172;-0.0039617;-0.11979;-0.19078;-0.12981;-0.025657;-0.076574;0.005652
3.3332;-0.3528;-0.20456;-0.078054;0.052551;-0.063127;0.095587;-0.15619;-0.25077;-0.13208;0.072775;-0.029684;-0.032253
3.1726;-0.39648;-0.19299;-0.10135;-0.029589;-0.21023;0.064419;-0.12236;-0.12635;-0.14322;0.016641;0.059584;-0.042504
3.0188;-0.38612;-0.20426;-0.076455;-0.019241;-0.030503;-0.065685;-0.14553;-0.10079;-0.17019;-0.024483;0.031958;-0.012718
3.1774;-0.30808;-0.16168;-0.11726;0.012693;-0.090199;-0.054623;-0.051031;-0.046791;-0.062757;0.0034871;-0.016866;0.0028669
3.1823;-0.26231;-0.19285;-0.16441;-0.043061;-0.055864;-0.048412;-0.093041;-0.15039;-0.083427;0.035147;-0.014217;0.058879
3.4263;-0.32692;-0.18018;-0.091575;-0.040712;-0.053101;-0.033297;-0.046825;-0.081077;-0.16312;-0.013523;0.080548;0.032794
3.6418;-0.30332;-0.10681;-0.15715;-0.084569;-0.063394;-0.041804;-0.069319;-0.088651;-0.039533;0.067528;0.0051832;-0.083278
3.5134;-0.23601;-0.12099;-0.14534;-0.10217;-0.10517;-0.14054;-0.16506;-0.20909;0.0046657;0.10734;0.011804;0.010788
3.4131;-0.23633;0.026157;-0.05411;-0.22726;-0.1335;0.011996;-0.024529;-0.23217;-0.16922;0.042312;0.063722;0.07589
3.284;-0.30724;-0.20825;-0.1598;-0.12619;-0.016131;0.05824;-0.033201;-0.1851;-0.12862;0.047594;-0.025719;0.011511
3.355;-0.39977;-0.32099;-0.17668;-0.1666;-0.00044531;-0.0038375;-0.025157;-0.072644;-0.16932;-0.054323;-0.027445;0.03093
3.4481;-0.30148;-0.18656;-0.1574;-0.12153;-0.086536;-0.12651;-0.3159;-0.079909;-0.061635;0.14002;0.073134;-0.053594
3.3136;-0.3186;-0.20184;-0.18899;0.11328;-0.14646;-0.10674;-0.19775;-0.065958;-0.12915;-0.027172;0.12558;-0.010405
3.4797;-0.30429;-0.18373;-0.15207;0.029904;-0.067081;-0.14626;-0.1331;-0.044373;-0.1035;-0.017834;-0.0072497;-0.048744
3.4807;-0.36442;-0.1288;-0.20692;-0.17576;-0.094932;-0.17687;-0.075066;0.036934;-0.11606;0.009093;0.0077356;-0.049978
3.3018;-0.395;-0.108;-0.14951;-0.19595;-0.26167;-0.1631;-0.043982;-0.064435;-0.12118;0.042475;0.080698;-0.021432
3.4278;-0.35223;-0.14631;-0.1741;-0.25802;-0.26521;-0.25808;-0.22773;-0.15146;-0.027032;0.13225;0.040281;0.01304
3.3887;-0.36119;-0.12279;-0.0092468;-0.21908;-0.29778;-0.042244;-0.18779;-0.1408;0.095974;0.12483;0.078579;0.091008
3.4421;-0.36796;-0.086618;0.010729;-0.25348;-0.29474;-0.024431;-0.0036058;0.062952;0.12623;0.037919;0.0022714;0.04095
3.3945;-0.40066;-0.19011;-0.17462;-0.22377;-0.031101;-0.17267;-0.18323;0.061937;0.066514;0.17517;0.15722;0.06057
3.3731;-0.40952;-0.20269;-0.20234;-0.26078;-0.21925;-0.20606;-0.14281;0.057104;0.023217;0.073039;0.042644;0.1152
3.4231;-0.32622;-0.11703;-0.0081908;-0.21858;-0.15124;-0.043258;-0.13162;0.12985;0.079001;0.010323;0.071795;0.076136
3.4503;-0.29222;-0.10007;-0.093012;-0.23619;-0.12744;-0.10723;-0.094884;0.10123;0.05711;0.10336;0.20084;0.04671
3.519;-0.21328;-0.11248;-0.00031325;-0.24189;-0.17208;-0.028466;-0.14039;0.10953;0.02636;0.057036;0.13394;0.065232
3.3774;-0.19683;-0.19035;-0.065178;-0.17374;-0.10491;0.023465;-0.12198;-0.0016511;0.0095733;0.047959;0.22494;0.059423
3.4474;-0.19776;-0.14861;-0.16913;-0.12215;-0.12144;0.010186;-0.12413;0.017435;0.092265;-0.01518;0.18448;0.025135
3.5275;-0.2329;-0.20047;-0.13144;-0.03801;0.060021;-0.021956;-0.19625;0.010583;0.0025081;0.029117;0.2243;-0.01478
3.4769;-0.29943;-0.13767;-0.052394;-0.19564;0.014081;-0.041494;-0.17712;0.061846;0.19384;-0.012098;0.15488;0.023594
3.3992;-0.36222;-0.18375;-0.10067;-0.13338;0.0095645;0.056974;-0.15211;-0.12815;0.12348;0.16364;0.15119;-0.099145
3.3419;-0.40659;-0.15727;0.0031593;-0.18046;-0.047396;-0.010038;-0.25689;-0.034001;0.14577;0.057318;0.15879;0.0060624
3.3221;-0.37963;-0.19722;0.0090647;-0.07563;-0.11766;-0.17589;-0.42584;0.036122;0.19161;0.023537;0.041231;0.00061681
3.1844;-0.32507;-0.19327;-0.20694;-0.18492;-0.20236;-0.10924;-0.21964;0.018005;0.066099;0.065403;0.12364;-0.018975
3.3147;-0.40239;-0.25236;-0.20848;-0.16291;-0.063926;-0.095688;-0.19986;-0.06593;0.083182;0.13925;0.032646;-0.021583
3.358;-0.41115;-0.23185;-0.18706;-0.092424;0.03465;0.031668;-0.14112;-0.10095;-0.048473;-0.018556;0.050565;0.045489
3.2742;-0.42216;-0.16963;-0.15833;-0.20285;-0.28423;-0.22506;-0.22645;-0.15402;0.071679;0.072351;0.052274;-0.020348
3.4956;-0.35838;-0.18638;-0.21167;-0.20059;-0.24822;-0.18603;-0.37033;-0.30124;0.068205;0.066043;0.07626;0.0049607
3.4718;-0.40409;-0.21331;-0.19887;-0.22527;-0.0053347;0.010494;-0.33879;-0.28063;-0.0003594;-0.042017;-0.0023968;0.017999
3.349;-0.42579;-0.20641;-0.10882;-0.15466;-0.1124;0.037721;-0.2169;-0.39678;-0.062791;-0.062605;0.042104;0.085057
3.286;-0.35502;-0.21771;-0.26342;-0.12894;-0.052812;0.067934;-0.17417;-0.33115;0.020122;-0.11514;0.00033639;0.11941
3.3325;-0.39642;-0.097675;-0.060756;-0.12735;-0.011642;-0.00071812;-0.24991;-0.21655;0.11586;-0.055309;-0.05446;0.039352
3.1916;-0.42539;-0.16018;-0.1589;-0.17645;0.027157;-0.076428;-0.29398;-0.14228;0.040041;-0.079121;0.066691;0.027555
3.1946;-0.37633;-0.18204;-0.18986;-0.1138;-0.055624;-0.027152;-0.16163;-0.14458;0.066166;-0.015058;0.1224;-0.035238
3.2872;-0.47417;-0.22477;-0.29769;-0.24108;-0.049997;-0.13451;-0.21216;0.016917;0.057231;-0.13916;0.030924;0.033634
3.2653;-0.4548;-0.20534;-0.31673;-0.35398;-0.04662;-0.12067;-0.20405;-0.096264;0.22387;-0.064888;-0.093104;0.077118
3.1673;-0.43469;-0.061825;-0.28192;-0.39986;-0.20119;-0.15698;-0.12813;-0.05421;0.16393;-0.0082758;-0.11449;0.019476
3.0601;-0.38907;-0.15057;-0.28332;-0.25144;-0.13259;-0.18276;-0.09698;-0.31164;-0.021827;0.16257;0.10256;0.073898
3.0086;-0.38639;-0.16969;-0.17531;-0.19121;0.022345;-0.090845;-0.16381;-0.17684;0.0015721;0.0060063;-0.014802;0.0030863
2.8446;-0.3776;-0.2232;-0.17021;-0.19095;0.060728;0.083725;-0.13451;-0.16885;-0.092362;0.013024;-0.061838;-0.011643
2.8149;-0.42058;-0.1952;-0.17462;-0.18055;-0.023698;-0.12735;-0.077462;-0.11926;-0.12877;0.08518;0.062946;0.0070934
2.9611;-0.39428;-0.02511;-0.14645;-0.18869;0.04913;-0.09141;-0.17816;-0.13261;-0.12292;-0.018488;0.11462;0.014446
3.0284;-0.37953;-0.097329;-0.32926;-0.15529;-0.022821;-0.092856;-0.062039;-0.11323;0.071528;0.014576;0.075696;0.0076121
3.285;-0.49917;0.10924;-0.40089;-0.1208;0.15912;-0.041521;0.023542;-0.15038;0.058965;-0.12258;0.024288;0.006393
3.3434;-0.58313;0.058996;-0.18012;-0.066493;0.2173;-0.085276;-0.1069;-0.1747;-0.086732;-0.12441;0.10702;-0.022781
3.4951;-0.46191;0.036538;-0.12666;-0.090928;0.099057;-0.10886;-0.2306;-0.22871;-0.073882;0.0056498;0.10571;-0.070354
3.6307;-0.22921;0.26742;-0.12826;-0.19293;-0.36677;-0.22821;-0.17431;-0.35795;0.13862;-0.036612;-0.034033;0.00408
3.8951;0.11794;0.40224;-0.32185;-0.36584;-0.41184;-0.17649;-0.12792;-0.23613;-0.017991;-0.085221;0.015529;0.016726
4.3909;0.17076;0.43437;-0.50703;-0.44501;-0.23502;-0.16841;-0.10818;-0.16793;-0.036418;-0.077558;0.012604;-0.053146
4.6003;0.17402;0.44438;-0.52962;-0.47707;-0.11938;-0.21589;-0.17425;-0.08365;-0.086342;-0.11076;0.05738;-0.058703
4.6232;0.10238;0.36813;-0.67263;-0.48886;-0.18285;-0.15227;-0.1404;-0.0090126;-0.053672;-0.043159;0.10409;-0.064912
4.5474;-0.007962;0.36995;-0.72245;-0.47229;-0.17296;-0.26495;-0.11025;0.028292;-0.059453;-0.088964;0.14263;-0.036954
4.6814;0.033474;0.25364;-0.57321;-0.46112;-0.12646;-0.20242;-0.20045;-0.10749;-0.10168;-0.094231;0.040185;0.03537
4.8266;-0.057576;0.27426;-0.50922;-0.47358;0.092269;-0.14549;-0.21489;-0.083755;-0.19714;-0.14858;0.086152;0.013459
4.7997;-0.12897;0.2174;-0.5199;-0.42003;0.02182;-0.14622;-0.12747;-0.12293;-0.211;-0.078407;0.086837;-0.026276
4.7847;-0.15737;0.13695;-0.47475;-0.24393;-0.059287;-0.26454;-0.20749;-0.23425;-0.11464;0.014011;0.02371;-0.033365
5.0214;-0.22692;0.074307;-0.32578;-0.21454;0.01595;-0.25614;-0.35162;-0.27324;-0.042816;0.10034;0.038923;-0.050614
5.3034;-0.21847;0.072283;-0.32307;-0.24212;0.066119;-0.21612;-0.38618;-0.26218;-0.11175;0.062108;0.037461;-0.047332
5.4813;-0.22452;-0.042903;-0.23984;-0.4391;0.12975;-0.12061;-0.2919;-0.18668;-0.1838;-0.005855;0.0026329;0.0096991
5.4045;-0.27784;-0.067489;-0.27577;-0.5851;0.15807;-0.10048;-0.2122;-0.12117;-0.20972;-0.094644;0.025901;0.04584
5.1851;-0.19458;0.00078426;-0.19316;-0.56046;0.020811;-0.22107;-0.27344;-0.061475;-0.23853;-0.11328;0.025433;0.056608
5.1322;-0.21759;0.0097876;0.013112;-0.27153;-0.14876;-0.26577;-0.32231;-0.090528;-0.11172;0.056814;-0.029827;-0.06673
5.044;-0.28738;0.17872;0.11304;-0.43407;-0.26758;-0.21653;-0.047624;-0.21892;-0.035368;0.024102;-0.072804;0.038803
5.035;-0.31499;0.19054;-0.019874;-0.42183;-0.062528;-0.085465;-0.20771;-0.12128;-0.062097;-0.030194;0.032534;0.056197
4.8609;-0.30828;0.25432;-0.007961;-0.32908;-0.16659;-0.23163;-0.27265;-0.11739;0.026551;-0.0064752;-0.089556;0.020431
4.9579;-0.33204;0.23421;0.057007;-0.48788;-0.12152;-0.099183;-0.33998;-0.093844;0.12142;-0.090416;-0.042823;0.062692
4.8601;-0.34971;0.26343;0.13991;-0.48426;-0.1989;-0.023549;-0.22606;-0.082678;0.076889;-0.035824;-0.054426;-0.0016602
4.7148;-0.30976;0.2296;0.17423;-0.47178;-0.19669;-0.14868;-0.27702;-0.083175;-0.01385;-0.048075;0.043552;0.039655
4.6115;-0.24749;0.39088;0.12251;-0.59357;-0.1704;-0.27556;-0.271;0.017898;-0.092944;-0.13765;0.089478;0.044008
4.3054;-0.15585;0.26439;-0.040015;-0.59835;-0.20266;-0.26205;-0.29398;0.096791;-0.065745;-0.081727;0.040586;0.039404
4.1054;-0.21649;0.22289;0.0097189;-0.51106;-0.29706;-0.12142;-0.27815;-0.0067547;-0.092572;-0.077533;0.048005;-0.018791
4.3476;-0.20223;0.19998;-0.11473;-0.5114;-0.17184;-0.11477;-0.10902;-0.093695;-0.12435;-0.010364;-0.028724;0.050954
4.4093;-0.2318;0.1147;-0.25503;-0.53918;-0.01329;-0.29243;-0.1894;-0.0032758;-0.076638;0.018348;0.015481;0.093149
4.5451;-0.22011;0.1094;-0.13848;-0.48467;0.10315;-0.19687;-0.077133;-0.10626;-0.20532;-0.0040456;-0.070393;0.04293
4.4665;-0.19836;0.15138;-0.25949;-0.57754;-0.07635;-0.24541;-0.069663;-0.05589;-0.063664;0.11875;0.00061754;0.08041
4.4328;-0.17114;0.085484;-0.20302;-0.55878;-0.12453;-0.44697;-0.13977;0.0037517;-0.086893;0.06099;0.0032554;0.0057002
4.2713;-0.13152;0.077211;-0.20836;-0.44968;-0.05515;-0.25968;-0.091534;0.047709;-0.061614;0.014583;0.016313;0.0094165
4.1541;-0.1616;0.0039022;-0.3255;-0.50821;-0.085143;-0.34655;-0.035389;0.053603;-0.080103;0.01344;-0.054547;0.081858
4.257;-0.13149;0.19357;-0.15233;-0.4885;0.0027599;-0.24119;-0.057928;-0.07133;-0.13412;0.054815;-0.052043;0.033468
4.2774;-0.098403;0.23371;-0.07844;-0.40274;-0.0080836;-0.23178;-0.13247;-0.076944;-0.13126;0.026778;-0.1455;0.018326
4.3583;-0.19715;0.22131;-0.31568;-0.38509;-0.11333;-0.21234;-0.091139;-0.084965;-0.085735;-0.059018;-0.060153;-0.018206
4.134;-0.23472;0.19969;-0.088865;-0.33156;0.0059721;-0.14818;-0.15034;-0.11725;-0.038537;0.03609;-0.1615;-0.054715
3.7883;-0.28685;0.09624;-0.29995;-0.63443;-0.057632;-0.073617;-0.023322;-0.06895;-0.14933;0.064041;-0.10307;-0.066033
3.7526;-0.42956;0.21598;-0.32903;-0.51846;-0.2786;-0.21596;-0.14622;-0.19627;0.047419;0.048924;0.0068945;0.015615
3.7832;-0.47021;0.34635;-0.029337;-0.28584;-0.24676;-0.069437;-0.043443;-0.40783;-0.0057307;0.092502;-0.095154;0.0020852
3.9464;-0.5514;0.12562;-0.12319;-0.35622;-0.12028;0.10801;-0.00944;-0.33771;-0.027278;0.11757;-0.058446;-0.010102
4.1245;-0.61411;0.087196;-0.22387;-0.42835;-0.006421;-0.074127;-0.1569;-0.24918;-0.029343;0.1075;-0.054902;-0.083069
4.2571;-0.54808;0.17828;-0.1723;-0.25571;0.10514;-0.21875;-0.18839;-0.1246;-0.12443;-0.055201;-0.047021;-0.0073569
4.3031;-0.41189;-0.037957;-0.11773;-0.25548;-0.14611;-0.11969;-0.16797;-0.28864;-0.017455;0.025536;0.0043558;0.067107
4.6353;-0.33809;-0.31521;-0.17893;-0.23127;-0.082643;-0.16092;-0.30504;-0.29999;0.04881;0.074924;-0.092363;0.015493
4.7611;-0.41189;-0.42322;-0.17309;-0.23393;0.0038917;-0.17851;-0.28383;-0.36077;-0.056381;0.19617;-0.087362;0.021174
4.7695;-0.45927;-0.48489;-0.12716;-0.040002;0.10335;-0.15971;-0.36668;-0.4333;-0.010342;0.23313;-0.026573;0.04656
4.8319;-0.4278;-0.58587;-0.1706;-0.1182;0.14499;-0.23937;-0.44858;-0.3733;-0.13308;0.24256;0.01378;0.023416
4.9291;-0.49427;-0.72024;-0.31537;-0.087022;0.22041;-0.0723;-0.20307;-0.37016;-0.21627;0.17124;-0.019386;-0.062749
5.1044;-0.34382;-0.58307;-0.3191;-0.18776;0.048086;-0.12397;-0.24896;-0.36107;-0.20209;0.096108;-0.05623;0.050517
5.2409;-0.25194;-0.42;-0.25543;-0.33604;-0.001427;-0.069186;-0.29073;-0.27124;-0.080128;-0.1325;-0.069104;0.14277
5.1873;-0.28096;-0.34709;-0.12339;-0.49572;-0.1237;-0.080826;-0.33137;-0.18337;-0.00812;-0.12475;-0.1052;0.13267
5.0221;-0.23841;-0.24621;-0.21529;-0.54437;-0.091619;0.033316;-0.20504;-0.095794;0.15529;-0.10858;-0.17603;0.060247
4.7267;-0.2441;-0.16927;-0.17638;-0.4603;-0.18912;-0.063876;0.15214;-0.10937;0.039022;-0.068355;-0.18095;0.089591
4.6018;-0.22783;-0.18658;-0.066963;-0.56263;-0.22511;-0.051242;-0.28128;-0.13131;0.081055;-0.10811;-0.096221;0.069902
4.5706;-0.11032;-0.063425;-0.18281;-0.45573;-0.24739;-0.21876;-0.15822;-0.1709;-0.044744;-0.037499;-0.05147;0.111
4.392;-0.097429;-0.15727;-0.18323;-0.38129;-0.16896;-0.12936;-0.096384;-0.026192;0.03678;-0.11419;-0.12466;0.10525
4.3376;-0.05111;-0.066812;-0.14908;-0.4326;-0.28243;-0.067823;-0.059789;-0.077309;-0.0098281;-0.15647;-0.11559;0.12161
4.1303;0.065838;-0.12675;-0.2326;-0.44529;-0.15437;0.014165;-0.17994;-0.043443;0.050608;-0.067879;-0.02485;0.0075346
4.1133;-0.070057;-0.28144;-0.20674;-0.38449;-0.21522;-0.15809;-0.018323;0.044678;0.048978;-0.041765;-0.024289;0.086732
4.0978;-0.12809;-0.12939;-0.29864;-0.59438;-0.18086;-0.27981;0.0069281;0.050118;0.010882;0.12831;0.033748;0.023334
4.2345;-0.13072;-0.27701;-0.46427;-0.4277;-0.10378;-0.18086;0.1342;0.062195;0.13265;-0.08057;-0.10753;0.064996
4.2581;-0.17952;-0.2459;-0.518;-0.25707;0.030077;-0.22428;0.071413;0.037979;0.034657;-0.051727;0.011042;-0.0012895
4.3803;-0.33021;0.0084558;-0.63626;-0.3514;0.16614;-0.28718;0.10485;0.045072;-0.062756;0.023437;-0.0020571;-0.13535
4.57;-0.36929;-0.060281;-0.75425;-0.44056;0.089131;-0.26518;0.087036;0.038177;-0.037697;0.0047887;0.070286;-0.075459
4.3718;-0.252;-0.13206;-0.67404;-0.42264;0.038842;-0.17529;0.12253;0.00024618;-0.12016;0.0070263;0.008979;-0.14665
4.4225;-0.13302;0.11449;-0.4403;-0.33959;0.1182;-0.28597;0.062292;0.030617;-0.19719;-0.045376;-0.015677;-0.063042
4.3602;-0.085904;0.10419;-0.32586;-0.23123;0.019645;-0.37558;-0.059547;-0.025658;-0.076107;0.067968;-0.021215;0.00091826
4.1293;-0.22843;-0.11079;-0.31936;-0.2918;-0.02319;-0.21545;0.048557;-0.044133;-0.069941;0.029974;-0.015295;-0.0078011
3.8442;-0.1428;0.047068;-0.3626;-0.20609;0.10919;-0.2879;-0.14391;-0.015267;-0.033188;0.013075;0.10411;-0.02755
3.8142;-0.088137;-0.088545;-0.31021;-0.20084;-0.049141;-0.29818;-0.14191;-0.098566;0.011179;0.095213;0.077686;-0.027767
3.9182;-0.11205;-0.16985;-0.29263;-0.037718;0.14787;-0.26557;-0.15021;-0.23346;-0.013623;0.14005;0.023932;-0.012488
3.8237;-0.094001;-0.30621;-0.36065;-0.10138;0.23486;-0.15423;-0.10363;-0.12539;-0.094223;0.076313;-0.044671;-0.050893
3.8255;-0.050308;-0.21231;-0.33759;0.090786;-0.012975;-0.30749;-0.13014;-0.20492;0.060852;0.12156;0.058232;-0.032135
3.8562;-0.03933;-0.11533;-0.38479;0.071265;-0.079306;-0.29444;-0.054852;-0.2226;0.021499;-0.028125;0.065781;0.025
4.2067;-0.028542;0.030258;-0.43205;-0.08458;0.054381;-0.32081;-0.10987;-0.28256;-0.087194;0.046292;0.11584;0.017092
4.2267;-0.12857;-0.046868;-0.50622;-0.14243;0.10941;-0.28155;0.11462;-0.17579;-0.20445;-0.027646;-0.068935;0.0066145
4.3472;-0.15075;-0.083345;-0.51702;-0.19778;0.28228;-0.39906;0.061125;-0.073863;-0.21956;0.030722;-0.087097;-0.062704
4.379;-0.16222;-0.04299;-0.43881;-0.22453;0.14907;-0.30861;0.099136;-0.21038;-0.26645;0.06041;-0.11393;-0.10873
4.3823;-0.08045;0.0082134;-0.32187;-0.16068;0.090858;-0.4071;0.078767;-0.057918;-0.25937;-0.062955;-0.051816;0.041832
4.4064;0.0011766;0.10972;-0.27979;-0.18379;0.13226;-0.3525;0.0035333;-0.10345;-0.18292;-0.053862;-0.048121;-0.020362
4.3291;-0.034989;0.081832;-0.16828;-0.24233;0.13836;-0.29446;-0.016179;-0.044423;-0.17714;-0.12115;-0.093706;0.088822
4.1962;-0.17082;-0.074652;-0.17232;-0.33267;0.078524;-0.19909;0.078968;0.054137;-0.15251;-0.082644;-0.07301;0.070078
4.18;-0.15425;-0.044144;-0.11482;-0.27004;0.12215;-0.21622;-0.017465;-0.0084232;-0.1815;-0.065832;-0.046695;0.0045421
4.0376;-0.1942;-0.085906;-0.27149;-0.3454;0.03551;-0.23092;0.024201;0.085028;-0.055578;-0.18308;-0.091175;0.09434
3.9824;-0.17386;-0.1156;-0.28797;-0.27382;0.044078;-0.19508;0.072029;0.10563;-0.077591;-0.11626;-0.11032;0.093047
4.0735;-0.15738;-0.19392;-0.26007;-0.27221;-0.040576;-0.17671;-0.13104;-0.026854;-0.1091;-0.048913;-0.0085405;0.091941
4.4097;0.032763;-0.38498;-0.47798;-0.020123;0.22679;-0.21159;-0.1987;-0.18366;-0.12441;0.0057616;0.027099;0.10645
4.1727;-0.011368;-0.36528;-0.21421;-0.001016;0.17225;-0.23469;-0.15968;-0.099594;-0.17613;0.029479;0.09479;0.019581
4.0777;0.065137;-0.23482;-0.20833;-0.21128;0.11056;-0.11866;-0.18738;-0.097851;-0.097627;-0.018427;0.047586;-0.032339
4.2694;0.22222;-0.26168;-0.20468;-0.096795;0.11609;-0.28286;-0.33538;-0.066143;-0.042789;-0.037585;-0.016089;0.0049212
4.2117;0.18831;-0.43812;-0.3692;-0.10645;0.15788;-0.20442;-0.26355;-0.11455;-0.054708;-0.0068584;-0.03629;0.036905
4.1372;0.17156;-0.52534;-0.41122;-0.045261;0.079021;-0.13702;-0.2396;-0.29121;-0.054841;0.037867;-0.046579;0.083066
4.2289;0.17274;-0.55207;-0.34086;0.071886;0.18118;-0.0115;-0.23768;-0.28884;-0.055311;-0.017665;-0.076847;0.046076
4.5539;0.074844;-0.55822;-0.51521;0.12603;0.19822;-0.1027;-0.13384;-0.3732;-0.12888;-0.045279;-0.1083;0.089698
4.6408;-0.070245;-0.53127;-0.61665;0.12799;0.32045;0.12246;-0.13273;-0.25563;-0.21995;-0.17522;-0.048204;0.05223
4.6913;-0.11208;-0.49063;-0.81107;0.10415;0.31391;0.1517;-0.092052;-0.33629;-0.28454;-0.19033;-0.069205;0.075887
4.9088;-0.19527;-0.58142;-0.79098;-0.13396;0.3331;0.11088;-0.17173;-0.33193;-0.31809;-0.17625;0.022116;0.0634
4.9048;-0.34549;-0.62132;-0.86401;-0.11302;0.47928;0.24767;0.027054;-0.22912;-0.22081;-0.18924;0.040362;0.0045225
5.0414;-0.29429;-0.54339;-0.68143;-0.12946;0.55286;0.2129;-0.049257;-0.18292;-0.27273;-0.2018;0.016747;0.006128
5.18;-0.20286;-0.43061;-0.47421;-0.29596;0.58835;0.08911;-0.23617;-0.1727;-0.35176;-0.18677;-0.0061269;0.05267
5.1557;-0.34872;-0.38735;-0.35578;-0.46385;0.57366;0.084558;-0.18936;-0.14916;-0.37636;-0.14204;0.025871;0.0043698
5.0246;-0.22283;-0.18237;-0.2081;-0.47394;0.39484;-0.032721;-0.1536;-0.022594;-0.26537;-0.020544;0.0046002;-0.041436
4.8762;-0.14955;-0.12766;-0.20472;-0.35083;0.33426;-0.095159;-0.22311;-0.079513;-0.17979;0.02819;-0.047711;-0.047128
4.737;-0.20233;-0.15574;-0.13894;-0.38436;0.33449;-0.12778;-0.22965;-0.053707;-0.15284;-0.099875;-0.024966;0.089079
4.5222;-0.21785;-0.19893;-0.28635;-0.38399;0.24565;-0.099982;-0.20105;-0.002996;-0.091625;-0.12909;-0.029895;0.065218
4.4419;-0.16962;-0.21731;-0.31101;-0.31919;0.36429;-0.063065;-0.23461;-0.091059;-0.11976;-0.0186;-0.0026035;-0.030567
4.2957;-0.13031;-0.25437;-0.32799;-0.29945;0.15168;-0.13017;-0.16648;-0.026186;-0.16296;-0.021483;0.044622;-0.039713
4.2783;0.0092525;-0.25154;-0.30625;-0.10863;0.20961;-0.20714;-0.16382;0.016882;-0.16821;-0.081988;0.00024445;-0.042223
4.0748;-0.025765;-0.30731;-0.39596;-0.24398;0.13935;-0.10133;0.0037908;-0.0072008;-0.23365;-0.04616;0.0038317;-0.065124
3.9898;-0.0098612;-0.31867;-0.2628;-0.19513;0.054897;-0.055449;-0.056822;0.021034;-0.17588;-0.11616;-0.081293;0.019787
4.0145;0.11131;-0.20056;-0.28673;-0.18994;0.058283;-0.018789;-0.092138;-0.040889;-0.13477;-0.20034;-0.049924;0.084033
3.9995;0.1203;-0.19788;-0.24406;-0.21083;0.022144;-0.02009;-0.17921;-0.10154;-0.1101;-0.13929;0.084591;0.11615
4.0945;0.12715;-0.13774;-0.39548;-0.1997;0.045325;-0.066568;-0.14819;-0.1898;-0.11551;-0.073156;0.045507;0.1451
4.2324;0.072311;-0.056467;-0.289;-0.14215;0.014257;-0.19192;-0.19599;-0.14935;-0.062611;-0.007766;0.087398;0.09437
4.2136;-0.10624;-0.10015;-0.35881;-0.32413;0.016789;-0.27615;-0.12135;-0.16195;-0.0615;-0.057368;-0.004441;0.20272
4.2104;-0.10489;-0.0034462;-0.33635;-0.36162;0.29147;-0.15595;-0.091281;-0.16959;-0.1433;-0.080824;-0.11866;0.15194
4.397;-0.038645;-0.0077474;-0.27577;-0.33673;0.38431;-0.23505;-0.14197;-0.11079;-0.1556;-0.010434;-0.063441;0.0029688
4.426;0.049256;-0.11488;-0.35507;-0.44737;0.17921;-0.27964;-0.1827;-0.071843;-0.049276;0.05169;0.035752;0.083509
4.3257;0.057862;-0.16629;-0.27878;-0.49106;0.099802;-0.27192;-0.20822;0.00049128;0.011042;0.014981;-0.0055026;0.12162
4.3916;0.085267;-0.1708;-0.12215;-0.26153;0.11247;-0.16209;0.021976;-0.1915;-0.20337;0.046591;-0.11024;0.040276
4.3785;0.024943;-0.21001;0.028975;-0.24267;-0.088441;-0.13054;-0.033644;-0.22981;-0.077689;0.11391;-0.037086;-0.01676
4.4108;0.00086834;-0.13227;-0.040778;-0.33739;-0.045895;-0.1644;-0.05633;-0.11949;-0.045047;-0.032784;-0.068518;0.0065619
4.3034;-0.051922;-0.392;-0.11586;-0.36977;0.0028241;-0.022712;-0.0021694;-0.1313;-0.16102;-0.05835;-0.099595;-0.020181
4.2304;-0.076102;-0.39874;-0.099445;-0.42862;-0.092617;0.0044535;0.037612;-0.058062;-0.12018;-0.025146;-0.064383;0.02395
4.1507;-0.087709;-0.41715;-0.1273;-0.37448;-0.080721;-0.13091;0.063905;-0.017687;-0.19735;0.028429;0.0027302;0.048406
4.0568;-0.024801;-0.41563;-0.20725;-0.33244;-0.1485;-0.023495;0.079349;-0.14168;-0.086064;0.082452;-0.026743;0.047964
4.0002;-0.022073;-0.3907;-0.17506;-0.034222;0.0074904;-0.0057217;-0.12353;-0.32173;-0.10046;-0.027156;0.034228;0.026537
4.0668;0.039484;-0.39323;-0.37838;-0.08939;0.10275;0.069294;0.0096198;-0.26769;-0.19959;-0.11579;0.028364;0.062231
3.9308;0.026492;-0.38203;-0.30312;-0.066013;-0.058409;0.01217;0.048232;-0.23817;-0.17269;-0.0663;0.049339;0.042358
3.8108;0.0030885;-0.48545;-0.31428;-0.090899;-0.0040443;0.019851;0.022493;-0.18495;-0.20224;-0.0063775;0.1007;0.079497
4.022;0.061139;-0.52163;-0.39237;-0.040464;-0.058068;0.13391;0.079381;-0.29573;-0.1517;-0.079561;-0.018707;0.054276
4.1902;0.12929;-0.63706;-0.25382;-0.075597;-0.18672;0.14395;0.067904;-0.20369;-0.11335;-0.063134;-0.099697;-0.0078921
4.2845;0.13233;-0.69298;-0.29072;-0.12033;-0.21331;0.11884;0.025733;-0.25578;-0.16296;-0.076752;-0.11814;0.024996
4.1998;0.18145;-0.57238;-0.25076;0.001862;-0.26354;-0.020212;-0.030653;-0.22547;0.0057559;-0.030699;-0.089783;-0.049499
4.4045;0.2523;-0.62095;-0.47929;-0.064217;-0.12441;-0.074317;-0.028341;-0.20235;-0.034683;-0.054299;-0.045187;0.089123
4.554;0.22036;-0.6117;-0.28758;0.075419;-0.1655;-0.042111;-0.09907;-0.18476;-0.042605;0.018947;-0.093152;-0.0077215
4.5978;0.24943;-0.69826;-0.15218;0.11606;-0.08263;-0.0048183;-0.15794;-0.22159;-0.044595;0.065943;-0.052544;-0.02998
4.4639;0.26019;-0.59758;-0.15685;0.01923;-0.15987;0.040997;-0.17028;-0.20061;-0.073179;0.056714;-0.058735;-0.026516
4.351;0.27451;-0.44358;-0.10884;0.056386;-0.07671;0.034896;-0.22029;-0.22157;-0.053963;-0.045433;0.028064;0.0044124
4.3565;0.16905;-0.52517;-0.0057167;-0.13302;-0.14175;0.0021136;-0.18817;-0.088807;-0.060111;-0.026951;0.094641;0.027768
4.3213;0.15027;-0.5147;-0.15207;0.0038926;-0.15901;-0.026962;-0.24558;-0.14573;0.041875;0.015673;0.019134;0.028783
4.2673;0.24416;-0.44724;-0.25651;0.10565;-0.13879;-0.027272;-0.21361;-0.18321;0.080914;0.10186;0.057683;-0.0031433
4.1824;0.24478;-0.44562;-0.44769;0.033711;-0.086875;-0.036191;-0.051276;-0.085309;0.075472;-0.10344;-0.057071;-0.032069
4.1843;0.22886;-0.33836;-0.32024;-0.10666;-0.036173;0.11406;-0.1015;-0.208;-0.090372;-0.16265;-0.012396;0.1271
4.1231;0.2621;-0.32648;-0.35289;-0.018331;-0.050441;0.035802;-0.18071;-0.22087;-0.063844;-0.072584;0.086194;0.096049
3.9678;0.26309;-0.34009;-0.42782;0.021427;-0.064844;-0.046142;-0.15172;-0.20736;0.0083938;0.058751;0.089458;0.086029
3.9183;0.12415;-0.47072;-0.40968;0.043426;-0.017965;-0.10233;-0.13944;0.084719;-0.044949;-0.052082;0.079056;-0.01464
4.0297;0.13679;-0.35389;-0.4418;0.058985;-0.088548;-0.041336;-0.2486;-0.065295;-0.010435;-0.094457;0.10479;0.093257
3.9523;0.10123;-0.28925;-0.36566;0.11811;-0.083511;-0.056765;-0.070333;-0.047436;0.003851;-0.131;-0.10024;0.03521
4.1089;0.013726;-0.32787;-0.36422;0.015047;-0.23627;-0.10491;-0.0092126;-0.043852;0.15225;-0.10147;-0.18729;-0.046543
4.4617;0.03552;-0.35005;-0.41224;-0.022764;-0.20163;-0.081739;0.19514;-0.29815;0.047514;-0.027498;-0.15591;-0.044377
4.446;0.0055821;-0.3552;-0.40736;-0.01558;-0.10846;-0.0039367;0.18473;-0.43395;-0.060972;0.077873;-0.074295;0.031101
4.3107;-0.0902;-0.31276;-0.46795;0.099353;0.08876;0.085645;0.18821;-0.36657;-0.047612;-0.11315;-0.021281;0.072521
4.536;-0.10366;-0.22038;-0.30115;0.13569;-0.097967;-0.0054677;0.18786;-0.56502;-0.15692;-0.10534;0.056403;0.17625
4.6131;-0.14185;-0.3168;-0.40146;0.069846;-0.15364;0.053571;0.35505;-0.40789;0.0095369;-0.052619;-0.060984;0.032792
4.557;-0.061697;-0.19106;-0.20004;0.075857;-0.14662;0.064662;0.16281;-0.54829;-0.05589;-0.097775;0.00033889;0.10443
4.5165;-0.049918;-0.33323;-0.074743;-0.047732;-0.31906;0.052997;0.031155;-0.48674;-0.00017872;-0.048359;0.057641;-0.022116
4.5703;0.11748;-0.2664;-0.10815;-0.21018;-0.24566;0.053088;-0.073966;-0.3317;0.016649;0.056699;0.040624;-0.034832
4.4612;0.067192;-0.2421;-0.084711;-0.3189;-0.36924;0.032178;-0.14561;-0.15103;0.080854;0.093209;0.0025065;-0.035483
4.4122;0.062949;-0.35298;0.0083551;-0.25981;-0.31078;0.047981;-0.23043;-0.13193;0.048956;-0.031683;-0.038952;-0.0091003
4.3238;0.21471;-0.29304;0.15029;-0.12676;-0.31133;-0.0057303;-0.25226;-0.11511;-0.038831;-0.075898;-0.031635;0.013264
4.2446;0.19125;-0.37596;0.079259;-0.082559;-0.072888;0.010671;-0.27534;-0.15559;0.011008;-0.096717;-0.029663;0.12381
4.112;0.13309;-0.46556;-0.082825;-0.22742;-0.31426;-0.047549;-0.24275;-0.096661;0.076196;-0.00021445;0.001638;0.056837
4.0324;0.11548;-0.27605;0.022174;-0.16003;-0.30769;-0.0073513;-0.10036;-0.093106;-0.005226;-0.082409;0.027775;0.061129
3.8829;0.024786;-0.32478;-0.099162;-0.1365;-0.11808;-0.026195;-0.14971;-0.11129;0.012439;-0.028439;0.031562;-0.028565
4.0486;0.13856;-0.19467;-0.17635;-0.054333;-0.032212;-0.17778;-0.063535;-0.2103;0.039224;-0.087642;-0.088326;0.050759
4.0278;0.039916;-0.24955;-0.13911;-0.063302;-0.043142;-0.26293;0.010183;-0.13991;0.065437;-0.15319;-0.22517;0.12152
3.9174;0.025202;-0.28154;-0.23572;-0.18409;-0.010272;-0.21196;-0.014229;-0.063996;0.050616;-0.097664;-0.037702;0.16433
4.0475;-0.0064418;-0.16369;-0.25412;-0.22365;0.01812;-0.2643;0.066761;-0.2053;-0.12908;-0.034563;-0.021884;0.12603
4.1671;-0.0001246;-0.053832;-0.21712;-0.34717;0.045551;-0.50507;-0.0095087;0.12841;-0.076683;-0.0047625;-0.043517;-0.020081
4.1295;-0.18728;-0.054348;-0.28554;-0.53251;0.23286;-0.18;-0.0052687;-0.085334;-0.078363;0.014111;0.019678;0.11672
4.0693;-0.19717;-0.02951;-0.062195;-0.59591;0.13573;-0.11775;-0.095642;-0.18627;-0.10593;0.017058;-0.043672;0.035558
4.3482;-0.096529;-0.049568;-0.18923;-0.54399;0.20695;-0.088796;0.0060386;-0.27394;-0.20599;0.059336;-0.054369;0.1006
4.3907;-0.07682;-0.22151;-0.23253;-0.48856;-0.011859;-0.10211;0.10721;-0.25385;-0.075341;0.040015;-0.032492;0.15034
4.3904;-0.0099018;-0.30644;-0.23702;-0.51843;-0.17341;-0.11753;0.113;-0.21581;0.011255;0.097255;0.048409;0.18934
4.4651;0.052644;-0.15699;-0.14881;-0.33489;-0.10131;-0.23774;-0.0063664;-0.31186;0.020181;0.03027;-0.0063892;0.20996
4.4308;0.084287;-0.10594;-0.17239;-0.17198;-0.064681;-0.25375;0.079219;-0.26262;-0.025387;-0.027567;-0.11905;0.19619
4.422;0.065471;-0.25046;-0.39372;-0.18851;0.082356;-0.08454;0.32937;-0.25845;-0.1455;-0.035497;-0.17239;0.10695
4.3133;0.10014;-0.31147;-0.24554;-0.065798;-0.025927;-0.24108;0.14212;-0.10424;-0.047609;-0.16672;-0.20029;0.11806
4.2314;0.15378;-0.36476;-0.212;-0.085657;-0.11011;-0.22014;0.14083;-0.12699;-0.10312;-0.12103;-0.055261;0.081198
4.301;0.25814;-0.31363;-0.13485;-0.16659;-0.18337;-0.10969;-0.027968;-0.073532;-0.052117;-0.14547;0.043815;0.025374
4.1942;0.2133;-0.2637;-0.11021;-0.016992;-0.02012;-0.22283;-0.211;-0.074534;-0.026349;-0.11881;0.0049332;0.034442
4.1847;0.28199;-0.27743;-0.34432;-0.083816;-0.12243;-0.16397;-0.056877;-0.0068346;-0.038519;-0.10571;0.032676;0.047898
4.0649;0.31966;-0.21368;-0.42407;-0.20884;-0.090666;-0.055564;0.074237;-0.084172;-0.15494;-0.02725;-0.034149;0.025381
3.9732;0.25182;-0.20947;-0.42487;-0.22757;-0.13411;-0.013288;-0.10718;-0.040491;-0.057951;-0.064904;0.086882;0.062239
4.1263;0.24185;-0.29013;-0.12096;-0.01825;-0.20076;0.0096751;-0.02967;-0.055488;-0.16111;-0.097563;0.10777;0.02052
4.1002;0.13804;-0.37076;-0.2748;-0.056437;-0.19181;-0.27485;-0.085568;0.12613;0.12004;-0.018359;-0.079526;-0.069727
4.3152;0.22423;-0.27958;-0.28756;0.16038;-0.060183;-0.31996;-0.19254;-0.094477;0.12019;-0.10731;0.070955;-0.072103
4.4297;0.19199;-0.33886;-0.44588;0.2848;0.18021;-0.30901;-0.20526;-0.28616;0.049581;-0.03209;0.051179;0.012206
4.2781;0.064329;-0.4361;-0.61422;0.36495;0.17995;-0.18871;-0.048932;-0.29736;-0.012099;-0.12012;0.025088;0.033094
3.9424;-0.03617;-0.39161;-0.60329;0.3594;0.084847;-0.25663;-0.0069381;-0.29425;0.0053117;-0.05417;0.0066704;0.028828
3.9599;-0.0041155;-0.22579;-0.52654;0.18244;-0.06954;-0.3866;-0.075831;-0.19921;0.0048639;-0.17688;-0.072188;0.055196
3.8219;-0.020112;-0.11645;-0.36645;0.051527;-0.25628;-0.15124;0.052863;-0.15043;-0.14616;-0.2487;0.11788;0.156
4.0899;0.10754;-0.032955;-0.46457;0.040545;-0.14705;-0.33678;-0.19368;-0.15887;0.12293;-0.13532;0.038811;0.07174
4.6371;0.18601;-0.066131;-0.57536;0.23039;-0.24673;-0.44147;-0.1749;-0.28896;0.026961;-0.10144;0.045426;0.061739
4.8042;0.26512;0.065535;-0.63008;0.24023;-0.3969;-0.37195;-0.24756;-0.20222;0.03015;-0.15431;0.10365;0.022018
4.8143;0.31362;-0.018692;-0.46715;0.31504;-0.49678;-0.38712;-0.24259;-0.18758;0.10793;-0.13936;0.033603;-0.020743
4.8278;0.29598;0.063965;-0.43326;0.24528;-0.52541;-0.2749;-0.13635;-0.32321;0.12071;-0.13567;0.019117;0.02911
4.8793;0.31352;0.026337;-0.59594;0.21431;-0.38082;-0.29535;-0.28044;-0.3444;0.15647;-0.091761;0.063898;-0.015409
4.6924;0.33237;0.074149;-0.61644;0.21154;-0.29289;-0.25875;-0.34512;-0.27173;0.10358;-0.12174;0.10694;-0.023186
4.7285;0.36387;-0.08255;-0.5239;0.23125;-0.33079;-0.29428;-0.28057;-0.25563;0.072603;-0.1235;0.06702;-0.0064411
4.823;0.39969;-0.23815;-0.36888;0.17782;-0.42397;-0.27987;-0.23845;-0.24227;-0.011068;-0.085576;0.031148;0.04846
4.9526;0.29799;-0.18663;-0.42301;0.087597;-0.3274;-0.16088;-0.084669;-0.37144;-0.19845;-0.042687;0.057522;0.14885
5.0424;0.25228;-0.15677;-0.35409;0.0017327;-0.37883;-0.20028;-0.030931;-0.42258;-0.1681;-0.0022701;0.026607;0.16544
5.1538;0.18211;-0.24908;-0.17194;-0.024676;-0.39763;-0.33893;0.085412;-0.39523;-0.18559;-0.014282;0.015836;0.20927
5.1235;0.13739;-0.25459;-0.08599;0.092805;-0.52426;-0.47559;0.02312;-0.28611;-0.089564;-0.023738;0.031481;0.11385
5.0765;0.14116;-0.2787;-0.049482;0.15074;-0.54693;-0.41063;0.024907;-0.28987;-0.10907;-0.049074;0.099408;0.090734
5.0283;0.16991;-0.29747;-0.04209;0.062291;-0.4886;-0.38993;0.061687;-0.3134;-0.12243;-0.027766;0.051764;0.099164
4.8356;0.2846;-0.33611;-0.024796;0.048172;-0.54416;-0.34422;0.026431;-0.22507;-0.091441;-0.087464;0.062415;0.022616
4.6139;0.26447;-0.32216;-0.097746;-0.053693;-0.50208;-0.3633;0.056925;-0.14093;-0.13126;-0.04987;0.03116;0.01497
4.4448;0.24535;-0.31435;-0.21276;-0.16206;-0.35929;-0.28975;0.08126;-0.10802;-0.18652;-0.009738;0.0045724;-0.01378
4.469;0.12887;-0.29647;-0.080413;-0.33295;-0.32111;-0.1659;0.1599;-0.081506;-0.0067461;-0.081928;0.0046831;0.031584
4.5915;-0.021826;-0.25744;-0.0084717;-0.34047;-0.2543;-0.21474;0.095779;-0.26966;-0.04691;-0.08465;0.038862;0.18928
4.4513;0.17271;-0.20726;-0.11919;-0.29745;-0.36078;-0.29472;0.17015;-0.1722;-0.18699;-0.06197;0.08183;0.10847
4.4428;0.24427;-0.1048;-0.19133;-0.18677;-0.22048;-0.27543;0.12124;-0.21103;-0.1934;0.033203;0.08941;0.10099
4.2552;0.19866;-0.097417;-0.23851;-0.40926;-0.28638;-0.085085;0.0088526;-0.11828;-0.042731;0.053608;0.082194;0.018178
4.1697;0.22316;-0.18892;-0.24394;-0.33345;-0.25176;0.076047;-0.08227;-0.16739;-0.046467;0.019403;0.035622;0.042524
3.9918;0.2051;-0.13311;-0.15956;-0.19032;-0.28909;-0.039868;-0.003119;-0.21047;-0.086174;-0.045694;0.04433;0.065752
3.9674;0.19459;-0.097708;-0.20907;-0.21678;-0.17982;-0.047064;-0.0059596;-0.26608;-0.15441;0.08775;0.074343;0.034937
4.0543;0.066574;-0.15009;-0.019316;-0.27257;-0.068509;0.11387;-0.093951;-0.25518;-0.12396;-0.06534;0.12094;0.042488
4.171;0.065907;-0.30047;0.0388;-0.33135;-0.28459;0.14354;-0.090783;-0.18513;-0.051709;0.044967;0.16396;-0.022845
4.3356;0.1345;-0.35086;-0.11103;-0.39315;-0.21068;0.13201;-0.20809;-0.31377;0.019302;-0.035314;0.08097;0.014762
4.4503;0.11875;-0.44808;-0.05267;-0.26851;-0.22184;0.18567;-0.10746;-0.24368;-0.067392;0.001139;0.14772;-0.012014
4.408;-0.012617;-0.57094;-0.14708;-0.31668;-0.11925;0.34458;0.048059;-0.18105;0.046889;0.012524;0.062064;-0.10232
4.3999;-0.020322;-0.6524;0.012014;-0.37728;-0.28114;0.25282;-0.023678;-0.17635;-0.072524;0.030408;0.09515;-0.037452
4.427;0.032885;-0.66816;-0.093256;-0.41145;-0.46115;0.12932;0.034678;-0.1358;-0.076442;0.044277;0.1848;-0.0094283
4.4247;0.037584;-0.61727;-0.037212;-0.39116;-0.42109;0.13532;0.13629;-0.024132;-0.061246;0.0020178;0.1293;0.0775
4.2479;0.0028024;-0.59106;-0.046328;-0.31766;-0.33319;0.17981;0.14681;-0.054169;-0.092157;-0.11865;0.034572;0.013744
4.2587;0.064006;-0.54179;-0.10761;-0.19923;-0.31344;0.16283;-0.035844;-0.096192;-0.10386;-0.056759;0.056452;0.071445
4.1901;0.04808;-0.31743;0.10953;-0.21938;-0.46454;0.10826;0.065942;-0.15033;-0.088127;-0.020998;0.07821;0.0037485
4.1344;0.1183;-0.36697;-0.10765;-0.26282;-0.39416;0.10582;-0.0075634;-0.10798;0.021462;-0.0090723;0.053165;0.086194
4.1003;0.1375;-0.49385;-0.034747;-0.18765;-0.43519;0.023296;0.061418;-0.065957;-0.047856;-0.0055219;0.1611;0.12429
4.1344;0.10407;-0.41249;-0.05717;-0.1882;-0.33293;0.065546;0.077196;-0.094641;-0.052027;-0.11806;0.01306;0.086322
4.2724;0.040744;-0.27558;-0.033682;-0.24629;-0.26;0.072729;0.086054;-0.30599;-0.085716;-0.01206;0.027324;-0.02663
4.5408;-0.13156;-0.18052;-0.089689;-0.32747;-0.18703;-0.077146;0.10068;-0.4301;-0.054478;0.16972;0.072896;0.061802
4.5493;-0.23084;-0.15359;-0.22551;-0.36239;-0.093187;-0.069284;0.075435;-0.35312;-0.061251;0.054911;0.0049192;0.087424
4.4547;-0.3576;-0.016843;-0.099645;-0.39629;-0.0041639;0.073008;0.022236;-0.27689;0.031112;-0.01785;-0.15172;0.040371
4.5087;-0.30933;0.091807;-0.15302;-0.41387;-0.051191;0.030156;0.042598;-0.32828;-0.014542;0.030448;-0.1313;0.068333
4.5097;-0.3817;-0.084048;-0.32417;-0.60787;-0.031627;-0.0053875;0.054982;-0.24887;0.12534;0.048184;-0.16409;0.1099
4.479;-0.38406;-0.025543;-0.33274;-0.57308;0.058233;-0.061654;-0.027978;-0.26919;0.12761;0.10261;-0.13369;0.11104
4.3109;-0.26029;-0.018802;-0.32063;-0.48919;-0.02835;-0.27259;-0.045348;-0.17828;0.11876;0.051609;-0.062672;0.15531
4.1738;-0.090347;-0.064099;-0.36944;-0.61951;-0.18607;-0.23772;-0.13369;-0.13185;0.071646;0.047841;0.057539;0.11631
3.9727;-0.09321;-0.11385;-0.35448;-0.58599;-0.14234;-0.14263;-0.070604;-0.10782;0.20186;0.18826;0.013016;0.10033
3.9315;0.010704;-0.21449;-0.44847;-0.67138;-0.24457;-0.21016;-0.13799;0.050985;0.11347;0.15863;0.1217;0.045244
3.8441;0.0042016;-0.12632;-0.4597;-0.67005;-0.35824;-0.29474;-0.19996;0.073577;0.079755;0.029045;0.15057;0.070007
3.8211;0.036007;-0.20258;-0.34436;-0.45102;-0.18576;-0.11774;-0.19956;0.041401;0.015198;0.035611;0.10277;0.06982
3.7729;-0.15656;-0.13165;-0.13818;-0.32243;-0.051508;-0.21543;-0.13701;0.10239;-0.048376;0.05454;0.020641;0.052858
3.7718;-0.167;-0.096091;-0.22199;-0.62891;-0.20199;-0.35703;-0.15812;-0.055389;-0.16623;0.1137;0.051888;0.023811
3.9464;-0.10819;0.039373;-0.50961;-0.74936;-0.12537;-0.43176;-0.02658;0.0091595;-0.054803;0.25403;0.068951;-0.087998
4.0158;-0.292;0.15002;-0.62087;-0.59378;-0.016072;-0.38486;0.065519;-0.039913;-0.053264;0.2475;0.14588;-0.035383
3.8565;-0.40469;0.22557;-0.49594;-0.52275;-0.1183;-0.39779;0.014479;-0.082352;-0.072523;0.1358;0.091766;-0.010561
3.8543;-0.31613;0.1182;-0.44994;-0.3985;0.26956;-0.28173;-0.10061;-0.17434;-0.20036;0.089989;0.096518;0.042135
4.0554;-0.30863;0.21148;-0.43738;-0.5469;0.22853;-0.29925;-0.038019;-0.11228;-0.24936;0.14094;0.10832;0.037758
4.1742;-0.084102;0.26108;-0.46644;-0.51161;0.05037;-0.36807;-0.029032;-0.15463;-0.22835;0.18637;0.089827;0.05045
4.2389;-0.070909;0.22326;-0.50017;-0.66997;0.064097;-0.33102;-0.12018;-0.040082;-0.1042;0.21131;0.063287;0.041138
4.1848;-0.070525;0.17803;-0.45586;-0.62369;-0.060217;-0.32898;-0.1335;-0.081702;-0.13247;0.26485;0.030847;0.03764
4.0691;-0.014211;0.078203;-0.20239;-0.5539;-0.22404;-0.18039;-0.09879;-0.19726;-0.050062;0.24599;-0.077717;0.05795
3.8466;0.066267;0.042641;-0.25238;-0.44872;-0.31373;-0.081574;-0.030679;-0.24888;-0.037842;0.20393;0.04295;0.052244
3.7991;0.037703;0.076522;-0.27152;-0.63452;-0.4547;-0.13207;-0.011584;-0.20514;0.065455;0.17953;-0.063007;0.099452
3.7167;0.042483;0.011842;-0.094039;-0.37194;-0.25608;0.022041;-0.0015847;-0.23415;-0.01626;0.10346;-0.095369;0.071779
3.8092;0.0046542;-0.082222;-0.23916;-0.40712;-0.28493;-0.11815;-0.070067;-0.26129;0.011277;0.15013;0.026549;0.15797
3.717;-0.053116;-0.034568;-0.37631;-0.46448;-0.37501;-0.16954;-0.14825;-0.30602;0.011075;0.13447;0.03898;0.087523
3.3951;-0.25773;0.17241;-0.32523;-0.27606;-0.027839;-0.20238;-0.12909;-0.19907;-0.11125;0.12856;0.1101;-0.041974
3.7439;-0.34573;0.20625;-0.52707;-0.37259;-0.04576;-0.30148;0.065964;0.038562;0.029391;0.12907;0.094607;-0.082378
4.0333;-0.51079;0.31768;-0.48402;-0.35473;0.091728;-0.30174;0.0015782;-0.06521;-0.033348;0.041118;0.10249;-0.0066494
4.1281;-0.5568;0.12425;-0.56101;-0.72808;-0.023711;-0.22405;0.046323;0.10286;-0.064425;0.034685;0.15691;-0.03965
4.0739;-0.60157;0.16388;-0.51331;-0.62598;0.037281;-0.30701;-0.094897;0.049887;-0.061704;0.0058669;0.21771;0.026436
4.1611;-0.40229;0.26164;-0.34006;-0.48598;-0.0084027;-0.24619;-0.017831;-0.071848;-0.12158;-0.0062039;0.068341;-0.02925
4.4635;-0.039232;0.30787;-0.47244;-0.44873;-0.044591;-0.29845;-0.059026;-0.097633;-0.10851;0.00596;0.050335;-0.049768
4.8353;0.044196;0.17907;-0.51323;-0.60769;0.1087;-0.29023;-0.10837;-0.071895;-0.18722;0.03036;0.029332;-0.0029246
4.9666;0.049412;0.083033;-0.44258;-0.67503;0.23635;-0.29309;-0.1799;-0.0088453;-0.12078;0.0623;0.03646;0.00044402
4.981;0.01495;-0.095416;-0.35687;-0.6164;0.38265;-0.13305;-0.11433;-0.078526;-0.14662;0.077533;-0.015272;-0.0062393
5.0142;0.050417;-0.12814;-0.3417;-0.59595;0.37446;-0.062694;-0.091743;-0.14266;-0.13502;0.030538;-0.054484;0.053848
5.0212;0.028586;-0.0063416;-0.26004;-0.67938;0.30717;-0.14555;-0.14412;-0.097155;-0.13227;0.016006;-0.021176;0.10641
5.0548;0.035978;-0.064563;-0.28695;-0.59907;0.32721;-0.13984;-0.16411;-0.20018;-0.13815;0.015305;-0.013281;0.20261
4.9841;0.025642;-0.10529;-0.24378;-0.53535;0.28602;-0.1827;-0.16716;-0.16065;-0.080189;0.0014297;-0.003734;0.17664
4.9082;-0.024058;-0.14797;-0.28202;-0.67392;0.18909;-0.14431;-0.11842;-0.15277;-0.049473;0.083645;0.01305;0.062947
5.0462;-0.075603;-0.118;-0.31878;-0.69444;0.27764;-0.089091;-0.1527;-0.20181;-0.077301;0.047859;0.028627;0.13117
5.0285;-0.030896;-0.006855;-0.21488;-0.66796;0.28407;-0.11659;-0.14248;-0.20959;-0.119;0.09788;-0.0067379;0.12536
4.8537;0.01017;0.030652;-0.19686;-0.63462;0.26972;-0.1315;-0.086559;-0.13303;-0.084854;0.10356;-0.045796;0.035621
4.8734;-0.041572;-0.022632;-0.291;-0.73115;0.24406;-0.20514;-0.12784;-0.063576;-0.071544;0.083473;0.012089;0.051969
4.9087;-0.0228;-0.073225;-0.25123;-0.70878;0.20122;-0.17022;-0.0723;-0.070786;-0.057568;0.13707;-0.01006;0.034022
4.8909;0.079308;-0.075912;-0.15791;-0.75612;0.16159;-0.11802;-0.18921;-0.089592;0.0074249;0.095877;-0.010543;0.092322
4.8021;-0.0031916;-0.045894;-0.060611;-0.79547;0.085613;-0.12587;-0.18288;-0.043835;0.06598;0.096323;-0.075851;0.096682
4.7025;0.09141;-0.26057;-0.31578;-0.78935;0.094642;-0.10633;-0.16456;-0.015087;0.095528;0.14613;-0.023294;0.1098
4.6072;0.11167;-0.26813;-0.12328;-0.71052;0.052489;0.0072782;-0.20703;-0.1044;0.10853;0.10304;-0.08257;0.11557
4.5954;0.12379;-0.21625;0.020299;-0.58919;-0.025957;0.020985;-0.18196;-0.090516;0.098375;0.10645;-0.14177;0.06301
4.5879;0.12529;-0.1457;0.020041;-0.61971;-0.040572;0.021605;-0.087292;-0.15027;0.033012;0.14258;-0.096266;0.048008
4.5582;0.12487;-0.30666;-0.041176;-0.52407;-0.128;-0.044315;-0.098958;-0.1782;0.030263;0.12829;-0.11107;0.082892
4.5319;0.21194;-0.29611;0.040455;-0.30288;-0.21406;-0.0038792;-0.07003;-0.12239;0.0018827;0.11648;-0.11471;-0.027911
4.2514;0.19136;-0.20317;0.0079187;-0.26132;-0.26839;-0.023277;0.010789;-0.15903;-0.016503;0.096417;-0.10257;0.013476
3.9956;0.13732;-0.17894;-0.15658;-0.16355;-0.27253;-0.27758;-0.13451;0.077641;0.040661;-0.095814;-0.051436;0.05593
3.9207;0.16309;-0.1602;-0.17566;-0.22475;-0.2386;-0.12185;-0.14868;0.085301;0.11874;-0.11348;0.032248;0.056413
3.8796;0.09245;-0.15711;-0.13469;-0.20912;-0.17225;-0.093247;-0.25829;0.018555;0.10054;-0.071297;-0.081505;0.027983
3.7081;0.11404;-0.11857;-0.32988;-0.33481;-0.31883;-0.11358;-0.093811;-0.046899;0.00080443;0.074018;0.033166;0.096547
3.8163;0.12533;-0.026584;-0.28123;-0.20803;-0.25672;-0.11745;-0.077585;-0.037999;0.13018;0.10159;-0.04175;0.039752
3.8553;0.14305;-0.14197;-0.31603;-0.17592;-0.27812;-0.24846;-0.11345;0.033196;0.1914;0.097098;-0.025702;0.067245
3.6921;0.047665;-0.085945;-0.21978;-0.11464;-0.31829;-0.16189;-0.15045;0.041571;0.10802;0.049705;0.056986;0.041497
3.7649;0.05677;-0.10139;-0.18105;-0.088894;-0.40097;-0.1072;-0.13886;0.10679;0.080532;-0.083646;0.070914;0.064222
3.6906;-0.039871;-0.26163;-0.22876;0.019747;-0.25091;-0.1418;-0.27156;-0.062556;-0.018955;-0.053957;0.12552;0.078651
3.6358;-0.14261;-0.23812;-0.24808;-0.12363;-0.29087;-0.056858;-0.28595;0.13807;0.011555;-0.10284;0.15855;-0.00062362
3.5913;-0.18762;-0.2478;-0.27986;-0.098575;-0.21118;-0.045858;-0.24506;0.0025079;0.0049476;-0.11368;0.026297;0.053488
3.5541;-0.22177;-0.22513;-0.36652;-0.1736;-0.21173;-0.071255;-0.34568;-0.058621;-0.039162;-0.15131;0.097827;0.14611
3.464;-0.23204;-0.47505;-0.1947;-0.058515;-0.13205;0.011056;-0.2404;0.0085578;0.0091404;-0.22317;-0.063714;0.15386
3.2826;-0.25497;-0.36775;-0.24716;-0.075905;-0.2288;-0.1407;-0.20952;-0.017457;0.10102;-0.11775;-0.072378;0.057441
3.3699;-0.25303;-0.41934;-0.21915;-0.16803;-0.27772;-0.09147;-0.098991;-0.14648;-0.021367;-0.094939;-0.0046648;0.1831
3.458;-0.1945;-0.48208;-0.2978;-0.17019;-0.26306;-0.18382;-0.18778;-0.035536;0.051159;-0.07279;0.011826;0.17386
3.4681;-0.16195;-0.36289;-0.31301;-0.21534;-0.31675;-0.18329;-0.35958;-0.0048601;0.1381;-0.0093944;0.068583;0.060876
3.3923;-0.20354;-0.40348;-0.34494;-0.013337;-0.30947;-0.27681;-0.31388;-0.074687;0.11011;0.11523;0.047428;-0.018837
3.3841;-0.21987;-0.40821;-0.36107;-0.098888;-0.23931;-0.15585;-0.20049;-0.13887;0.093593;0.14354;0.15044;-0.023605
3.3735;-0.21168;-0.38687;-0.16511;0.19255;-0.13473;-0.16815;-0.1803;-0.11974;0.10124;-0.057884;0.017473;-0.020798
3.2909;-0.19;-0.34691;-0.29057;0.083349;-0.082404;-0.066853;-0.013482;-0.21779;0.031119;-0.022894;-0.0051753;0.0009736
3.3799;-0.18247;-0.48888;-0.44524;-0.029642;-0.04345;0.061463;-0.083876;-0.22323;-0.021701;-0.047333;0.03672;0.13115
3.3836;-0.15754;-0.25041;-0.27716;-0.15084;-0.19543;-0.029757;-0.15371;-0.18507;0.030568;-0.11091;-0.089534;0.066413
3.3437;-0.23034;-0.32526;-0.21282;-0.02818;-0.087317;0.1238;-0.024639;-0.2634;-0.035414;-0.045098;0.004671;0.077744
3.362;-0.16378;-0.28184;-0.29083;-0.023261;0.082346;0.078915;-0.049776;-0.19879;-0.033465;-0.0495;0.018509;0.031659
3.2853;-0.29335;-0.35582;-0.27951;-0.07804;0.034228;-0.019713;-0.10316;-0.063043;-0.022079;-0.0244;0.074916;0.0049721
3.3972;-0.2862;-0.45116;-0.30905;-0.15198;0.026645;-0.030664;-0.17422;-0.1813;-0.030326;-0.015375;0.026088;0.10223
3.4428;-0.27698;-0.34906;-0.25324;-0.19244;-0.025185;0.14077;-0.20701;-0.36422;-0.061436;0.037349;0.022236;0.083337
3.3202;-0.27647;-0.31936;-0.26024;-0.26612;0.063124;0.2254;-0.17322;-0.1056;0.04283;0.031768;-0.057096;0.044805
3.3769;-0.33286;-0.39063;-0.27847;-0.10187;0.14487;-0.031273;-0.23037;-0.096219;-0.018651;-0.092473;-0.067532;0.16604
3.3846;-0.30849;-0.39907;-0.13671;-0.16534;0.13382;-0.023758;-0.25186;-0.20903;-0.023194;0.076898;-0.073531;0.11543
3.3198;-0.26974;-0.45293;-0.37992;-0.27739;0.10561;0.075234;-0.20964;-0.14078;-0.091648;0.071768;-0.012244;-0.013586
3.2703;-0.26788;-0.38858;-0.30073;-0.14267;0.039796;-0.023971;-0.191;-0.14186;-0.21503;0.052075;0.074681;-0.0077311
3.3858;-0.29549;-0.56911;-0.33115;-0.094913;0.076112;0.038637;-0.33094;-0.2744;-0.065199;0.061465;0.010299;0.075919
3.2055;-0.32821;-0.52273;-0.32307;0.0073755;0.052461;0.11881;-0.1674;-0.14233;0.062666;-0.034546;-0.065369;0.064277
3.2041;-0.27834;-0.40368;-0.3024;-0.12501;-0.014042;-0.027359;-0.15122;-0.11478;-0.0458;0.02333;0.049449;0.066644
3.1889;-0.25182;-0.32719;-0.28881;-0.088243;0.1705;-0.0041891;-0.21521;-0.13687;-0.037856;0.021111;0.02955;0.028406
3.2205;-0.28807;-0.28608;-0.16329;-0.14075;0.11183;0.094871;-0.22922;-0.23433;0.089739;0.051339;-0.01856;0.056665
3.2274;-0.3681;-0.3977;-0.3617;-0.095508;0.14174;0.058771;-0.3565;-0.34411;0.09351;0.060336;0.085191;0.12743
3.3012;-0.32217;-0.40361;-0.22455;-0.24248;0.07566;0.1626;-0.17181;-0.22259;-0.055887;-0.023301;0.03725;0.082688
3.1456;-0.36113;-0.35452;-0.29922;-0.23737;0.084563;0.050364;-0.36601;-0.17386;-0.027172;-0.016542;0.10046;0.11702
3.2311;-0.33733;-0.36956;-0.34309;-0.058963;0.065073;0.082406;-0.24024;-0.32521;0.047296;-0.00093191;0.043309;0.075468
3.3629;-0.30653;-0.29972;-0.25689;-0.10207;0.042146;0.056165;-0.19955;-0.20259;0.10123;0.12461;-0.0034385;0.018301
3.2292;-0.40074;-0.35054;-0.32278;-0.044417;-0.015444;0.0028578;-0.15077;-0.057704;-0.067512;-0.03272;0.023602;0.021667
3.1741;-0.36887;-0.45662;-0.40324;-0.19013;-0.062352;-0.012537;-0.1173;0.10068;0.0388;-0.10823;-0.039722;0.077557
3.2306;-0.29821;-0.29334;-0.27224;-0.29217;-0.0042862;0.17204;-0.13943;-0.10788;-0.083782;-0.11413;0.041795;0.12103
3.2407;-0.32258;-0.40251;-0.37339;-0.13591;-0.18845;-0.13671;-0.16788;-0.028591;0.035864;-0.019623;0.0047118;0.090163
3.2699;-0.33282;-0.53596;-0.34092;-0.19356;-0.068308;-0.17345;-0.11973;-0.085592;-0.021222;-0.064061;-0.05093;0.15259
3.2441;-0.25396;-0.49708;-0.24523;0.0026079;0.0017726;-0.088512;-0.16322;-0.012737;0.04027;-0.081052;-0.11872;0.077338
3.2588;-0.26215;-0.40049;-0.1884;0.11663;0.067863;-0.23345;-0.11925;-0.010822;0.045245;-0.068023;-0.08054;0.050252
3.3038;-0.24807;-0.4149;-0.21893;0.0068527;0.079302;0.0090334;-0.037838;0.06041;-0.093014;-0.091845;-0.06792;0.022375
3.1517;-0.2924;-0.36968;-0.24358;-0.067041;0.083996;-0.025732;-0.14384;-0.047758;-0.04555;0.0080126;0.010577;-0.026773
3.1441;-0.30896;-0.29238;-0.2185;-0.089134;0.14893;-0.053926;0.011744;-0.088148;-0.031817;0.0031428;-0.093336;0.011464
3.1075;-0.33741;-0.24821;-0.26627;-0.1425;-0.041311;-0.083172;0.007359;-0.24877;-0.08709;0.071082;0.044803;0.093131
3.1415;-0.33227;-0.26389;-0.28861;-0.2168;-0.11302;-0.088277;-0.049872;-0.11552;-0.077734;-0.039789;0.095641;0.035817
3.137;-0.33538;-0.3032;-0.24746;-0.098145;-0.22267;-0.20361;0.0049897;-0.1249;-0.21634;-0.060241;0.099819;0.080945
3.0893;-0.31782;-0.31435;-0.27607;-0.17283;0.0057244;-0.079027;-0.083002;0.0078393;-0.17435;-0.02936;0.079241;0.00058976
3.0762;-0.3664;-0.39598;-0.33302;-0.21659;-0.2077;-0.051489;-0.011038;-0.052634;-0.038512;-0.11229;-0.022356;0.069713
3.2133;-0.41494;-0.40058;-0.27913;-0.19605;-0.01994;-0.207;-0.13806;-0.24727;0.0082835;0.098388;-0.13221;0.12479
3.339;-0.43911;-0.34538;-0.33114;-0.18276;0.26521;-0.22518;0.022164;-0.17248;-0.007931;-0.0039265;-0.28103;0.15403
3.2637;-0.3501;-0.27713;-0.24303;-0.25581;0.018374;-0.11489;-0.022998;-0.23397;-0.0076344;0.0073862;-0.1545;0.20889
3.1408;-0.38057;-0.28003;-0.1661;-0.15061;-0.093935;0.044964;-0.095143;-0.21175;-0.010265;0.028715;0.028645;0.097673
3.1232;-0.34957;-0.30222;-0.11166;-0.12058;-0.054421;-0.024597;-0.13649;-0.10987;-0.096416;-0.00042183;-0.037778;0.075206
3.2394;-0.27069;-0.2196;0.01462;0.062968;-0.024223;-0.042491;-0.12311;-0.12662;-0.14491;0.017428;0.019004;0.063006
3.236;-0.16301;-0.25458;-0.14521;-0.056434;0.006128;0.11175;-0.071343;-0.13569;0.069831;0.004168;-0.042198;-0.025497
3.1725;-0.24333;-0.28316;-0.11863;0.063158;0.077039;0.19685;-0.24063;-0.27886;0.051008;0.04895;-0.056109;0.027215
3.2617;-0.16222;-0.19836;-0.085297;0.037504;0.15803;-0.045069;-0.30052;-0.2142;0.077562;0.082512;0.05985;0.029435
3.1736;-0.17789;-0.14526;-0.17033;0.036268;0.17855;-0.20796;-0.27977;-0.13384;-0.017094;0.11488;0.014209;-0.034346
3.1254;-0.18874;-0.094056;-0.12333;-0.00032816;0.031837;0.0094148;-0.2066;-0.13826;-0.061652;0.042662;0.066352;0.052004
3.1316;-0.32675;-0.2477;-0.25579;-0.15;0.054555;0.10779;-0.229;-0.17606;-0.030146;0.00012677;0.041319;0.069601
3.136;-0.31366;-0.22049;-0.098577;-0.044379;-0.038802;-0.015218;0.010842;-0.016805;-0.092745;-0.078033;-0.008852;0.079622
3.1296;-0.22409;-0.17301;-0.14442;0.07846;0.05912;-0.085185;-0.036801;-0.0058567;-0.10645;-0.036508;0.043874;0.035618
3.036;-0.26401;-0.1636;-0.18025;0.029598;0.099213;0.067072;-0.018392;-0.021405;-0.050227;-0.14493;-0.025199;0.047108
3.074;-0.25675;-0.294;-0.18165;-0.015481;0.048087;0.031296;-0.14946;-0.10936;0.01504;-0.0061488;-0.024487;0.049413
3.1688;-0.20491;-0.22929;-0.10139;-0.063317;0.027722;0.023397;-0.16344;-0.077212;-0.0096466;0.044845;0.01927;0.030904
3.1969;-0.13373;-0.18369;-0.098027;-0.069731;0.13215;0.020239;-0.14599;-0.056215;-0.03241;0.0084725;0.081011;0.074262
3.1049;-0.24196;-0.11462;-0.0069598;-0.067976;0.0094997;0.05295;-0.05081;-0.14973;0.074173;0.056743;-0.042706;0.0085741
3.2509;-0.23084;-0.19776;-0.038714;0.033782;-0.11099;-0.12507;-0.10245;-0.061252;0.099802;-0.029365;-0.10058;0.087959
