1.7524;-0.54139;-0.23886;-0.27197;-0.17557;-0.1498;-0.10031;-0.079019;-0.058838;-0.02986;-0.00076811;0.023482;0.011532
1.8824;-0.50783;-0.34409;-0.41556;-0.14874;-0.019844;-0.044617;-0.14935;-0.13616;-0.027661;0.039603;0.066711;0.018304
3.071;-0.32847;-0.4657;-0.34646;-0.13885;-0.18705;0.093488;-0.056808;-0.053609;0.062733;-0.0081511;0.039519;-0.041114
2.2471;-0.39435;-0.39864;-0.39074;-0.19173;-0.12892;0.058755;-0.008489;-0.040568;0.089308;0.089109;0.049294;-0.028911
1.7593;-0.54825;-0.25132;-0.28757;-0.18246;-0.13902;-0.096262;-0.079613;-0.065339;-0.022529;0.0088353;0.024813;0.020272
1.7489;-0.55462;-0.24461;-0.28155;-0.18928;-0.17003;-0.10084;-0.06763;-0.046195;-0.027806;-0.0096578;0.015763;0.023259
1.7514;-0.54684;-0.24557;-0.28976;-0.1849;-0.16203;-0.10986;-0.079834;-0.048219;-0.018842;-0.0027424;0.025709;0.01556
1.741;-0.5462;-0.23406;-0.2699;-0.17823;-0.15725;-0.10957;-0.078773;-0.053003;-0.022125;-0.010162;0.013469;0.018588
1.7515;-0.54302;-0.24404;-0.27552;-0.18457;-0.1604;-0.11079;-0.087934;-0.04972;-0.023816;-0.024938;0.0089688;0.020603
1.7419;-0.54637;-0.23428;-0.27088;-0.18356;-0.15666;-0.1084;-0.07727;-0.043889;-0.022182;-0.0054721;0.015218;0.01635
1.7377;-0.54964;-0.24288;-0.27963;-0.18945;-0.1634;-0.10565;-0.074195;-0.042551;-0.022531;-0.012559;0.019337;0.017975
1.743;-0.54842;-0.24235;-0.27576;-0.18556;-0.16117;-0.10141;-0.07959;-0.054625;-0.025804;-0.0050635;0.015238;0.015402
1.7517;-0.54466;-0.24304;-0.26987;-0.18528;-0.16161;-0.11575;-0.094307;-0.055612;-0.029904;-0.0032922;0.01486;0.017312
1.7481;-0.55069;-0.24902;-0.28331;-0.18417;-0.15829;-0.10799;-0.084146;-0.046427;-0.013562;-0.012428;0.010104;0.018867
1.7707;-0.53305;-0.22997;-0.27186;-0.18637;-0.14721;-0.10717;-0.087976;-0.060532;-0.022432;0.015986;0.028727;0.018297
1.7911;-0.54207;-0.25313;-0.27369;-0.17553;-0.17333;-0.10666;-0.053746;-0.071732;-0.01289;0.016355;0.018042;0.020978
1.8004;-0.53156;-0.24554;-0.2664;-0.16454;-0.16721;-0.10892;-0.043555;-0.029255;-0.033101;-0.032068;0.011147;0.01256
1.8504;-0.50953;-0.24943;-0.30564;-0.21301;-0.20202;-0.1341;-0.082563;-0.049518;-0.021915;-0.008717;-0.0018533;0.018053
1.8666;-0.49968;-0.23067;-0.29946;-0.18218;-0.15744;-0.086087;-0.053241;-0.037529;-0.031648;-0.040631;-0.020606;0.00075996
1.8753;-0.5235;-0.24033;-0.30338;-0.19651;-0.14511;-0.086991;-0.11283;-0.083099;-0.019463;0.025468;0.048098;0.0095672
1.9221;-0.49413;-0.24424;-0.30935;-0.18709;-0.14563;-0.14614;-0.14689;-0.17369;-0.072155;0.0010521;0.01195;0.032268
1.9962;-0.4955;-0.27144;-0.34594;-0.23729;-0.17968;-0.15473;-0.11055;-0.047576;0.067059;0.03814;0.01017;0.0016994
2.1106;-0.47523;-0.31657;-0.37803;-0.25801;-0.15179;-0.13083;-0.18075;-0.075793;0.02198;0.026533;0.0076991;0.017135
2.187;-0.47434;-0.29773;-0.4389;-0.28768;-0.32135;-0.16268;-0.12627;-0.12655;0.027407;-0.0031241;0.016359;0.03913
2.2559;-0.4715;-0.35847;-0.43066;-0.26895;-0.26175;-0.095676;-0.056416;-0.048073;0.035898;-0.017685;-0.077736;-0.041801
2.336;-0.44386;-0.2785;-0.30918;-0.24431;-0.2037;-0.0084932;-0.0542;-0.052923;0.012563;0.020275;-0.024735;-0.011383
2.3994;-0.481;-0.37232;-0.233;-0.17686;-0.13181;-0.079907;-0.28009;-0.22861;-0.05126;0.040018;-0.019677;-0.025676
2.4325;-0.5001;-0.32004;-0.27672;-0.28173;-0.26464;-0.073801;-0.096405;-0.17838;-0.011214;0.02417;0.023526;0.067507
2.4217;-0.46849;-0.34851;-0.45516;-0.42432;-0.3447;-0.16726;-0.047426;-0.062419;0.079008;0.050643;-0.029794;0.016032
2.5898;-0.45857;-0.40297;-0.43535;-0.34646;-0.32897;-0.055491;0.037547;-0.086301;-0.031641;0.057111;-0.051663;0.0025302
2.6757;-0.46504;-0.30038;-0.33197;-0.14302;-0.21304;-0.025149;-0.16994;-0.095595;0.1295;-0.0054667;-0.0019665;-0.020377
2.7324;-0.44726;-0.31561;-0.33578;-0.23496;-0.28328;-0.1075;-0.088166;-0.035776;0.07685;0.1046;0.058662;-0.037186
2.8191;-0.48861;-0.4198;-0.40007;-0.22976;-0.38655;-0.15242;-0.043201;-0.015629;0.07485;-0.021168;-0.071545;-0.096675
3.0183;-0.3903;-0.27082;-0.23688;-0.064308;-0.24649;-0.2538;-0.30725;-0.10386;0.12943;-0.01846;-0.018319;-0.034345
3.0988;-0.46615;-0.35926;-0.20355;-0.11434;-0.16413;-0.16604;-0.16389;-0.065996;0.08844;0.0033632;-0.14131;0.065663
3.1237;-0.5567;-0.4113;-0.33516;-0.14368;-0.14264;-0.021907;-0.23421;-0.15282;0.039469;-0.16205;-0.08345;0.099169
3.2628;-0.43182;-0.34637;-0.49567;-0.20632;-0.16615;-0.10644;0.02724;-0.050889;0.031851;-0.013819;-0.026522;0.018041
3.3162;-0.55162;-0.4674;-0.42301;-0.19582;-0.032711;0.056793;0.0274;-0.040101;0.099017;-0.080687;-0.11749;-0.0086018
3.3756;-0.48631;-0.29281;-0.37308;-0.27769;-0.25141;-0.127;-0.21287;-0.24822;0.037906;0.011608;0.0094063;0.099202
3.3946;-0.48133;-0.29766;-0.31738;-0.19836;-0.063155;-0.16797;-0.25833;-0.20436;0.062808;0.07652;0.023248;0.062666
3.3984;-0.40785;-0.29858;-0.3478;-0.23342;-0.22126;-0.25021;-0.14842;0.023874;0.23881;0.044676;0.034277;0.0071273
3.4612;-0.49486;-0.37482;-0.47077;-0.29564;-0.2975;-0.11809;-0.092613;-0.10964;0.11073;0.083138;0.026781;-0.011345
3.5916;-0.48917;-0.31061;-0.42653;-0.27864;-0.087988;-0.11106;-0.089304;-0.057856;0.16057;0.18447;-0.0021651;-0.065164
3.539;-0.52745;-0.30505;-0.39014;-0.27061;-0.081006;-0.029827;-0.23223;-0.10981;0.016404;-0.046189;0.0078537;-0.006388
3.5385;-0.50821;-0.44011;-0.38204;-0.1189;-0.055522;0.0083727;-0.19024;-0.19545;-0.045827;0.012861;0.030525;0.023128
3.6176;-0.53701;-0.54106;-0.53616;-0.35163;-0.33361;-0.11428;-0.045392;-0.069943;0.10072;0.053574;-0.077498;-0.072284
3.7188;-0.52741;-0.28211;-0.36869;-0.28042;-0.37385;-0.0041824;-0.097747;-0.12359;0.19059;0.012846;-0.033425;-0.048891
3.6853;-0.50954;-0.30675;-0.20938;-0.29875;-0.32134;-0.067656;-0.070118;-0.096742;0.16122;0.026709;-0.082437;-0.027412
3.7374;-0.53782;-0.4359;-0.42591;-0.24125;-0.1531;0.012653;-0.17086;-0.16336;0.12155;0.080459;0.027433;0.027117
3.7518;-0.49695;-0.35406;-0.5105;-0.077061;-0.041818;-0.16323;-0.032673;-0.031668;0.16633;-0.031737;-0.050144;0.043916
3.84;-0.52514;-0.31898;-0.393;-0.3583;-0.18903;0.025432;0.078597;0.073451;0.12517;-0.08054;-0.07069;-0.0026104
3.8062;-0.54522;-0.39733;-0.30533;-0.27456;-0.23595;-0.20931;-0.15738;0.075359;0.085252;0.076517;0.061485;0.01855
3.8234;-0.53573;-0.35558;-0.34165;-0.37099;-0.36398;-0.27502;-0.1549;0.098399;0.23073;0.032724;-0.10676;0.056469
3.9785;-0.54799;-0.55715;-0.43379;-0.26666;-0.29503;-0.19743;-0.20099;0.0014367;0.17539;0.035617;-0.0046478;0.094629
3.9327;-0.58218;-0.48735;-0.45872;-0.24235;-0.27001;-0.2624;-0.19502;0.12956;0.11449;0.063125;0.035671;-0.044674
4.0002;-0.58233;-0.42032;-0.31828;-0.24476;-0.16487;-0.22931;-0.19893;0.081814;0.12091;0.041455;0.049145;-0.020454
4.0349;-0.56362;-0.38277;-0.39816;-0.1102;-0.14479;-0.18062;-0.21161;-0.030003;0.16472;0.047367;0.0036653;-0.0020088
4.0312;-0.53463;-0.34731;-0.48326;-0.14935;-0.12679;-0.13282;-0.16378;0.11376;0.16749;-0.032634;-0.10195;-0.0028938
4.1793;-0.51151;-0.39951;-0.43704;-0.16868;-0.018139;0.0099068;-0.080635;-0.15966;-0.051458;-0.13101;-0.06395;0.11355
4.1267;-0.52141;-0.46286;-0.33328;-0.093036;-0.030465;0.085301;-0.1632;-0.22587;-0.069732;-0.10681;-0.070858;0.1312
4.097;-0.58503;-0.65593;-0.31349;-0.10176;-0.24415;-0.13207;-0.20535;-0.15961;-0.0036497;-0.060006;-0.03909;0.050896
4.1101;-0.56267;-0.47882;-0.26142;-0.04777;-0.24722;-0.21568;-0.16418;0.044967;0.3002;0.066006;-0.060189;-0.020738
4.284;-0.47141;-0.47737;-0.2759;-0.22377;-0.17088;-0.26097;-0.12497;0.0084258;0.20009;0.086905;-0.093879;0.017139
4.2629;-0.45544;-0.40144;-0.18467;-0.082719;-0.059354;-0.18586;-0.14694;-0.066253;0.15752;0.11969;-0.1362;-0.014553
4.19;-0.46605;-0.37488;-0.32416;0.0221;-0.026451;-0.22346;-0.15469;-0.090942;0.19166;0.015654;-0.034344;-0.0045177
4.2521;-0.42176;-0.4007;-0.35613;-0.031066;-0.0649;-0.24484;-0.29099;-0.10316;0.10364;0.016337;0.050134;0.043759
4.2203;-0.4442;-0.3663;-0.33425;-0.0063518;-0.1008;-0.035025;-0.083796;-0.29423;0.11935;0.025382;-0.0026567;0.053086
4.2672;-0.42859;-0.47344;-0.2716;-0.050521;-0.062631;0.077274;-0.054609;-0.095233;0.055254;-1.2544e-005;-0.10572;-0.067203
4.1401;-0.52549;-0.45181;-0.23868;0.0032816;0.087501;0.091713;-0.19424;-0.11085;0.032476;-0.10246;-0.12723;-0.060863
4.0821;-0.511;-0.47349;-0.33842;-0.042047;0.11748;0.012884;-0.040772;0.069899;0.032726;-0.078405;-0.11584;-0.035069
4.0911;-0.54263;-0.31246;-0.42291;-0.1384;-0.1468;-0.0309;0.0048004;0.025851;0.0073404;0.013928;0.00069557;-0.015262
4.0448;-0.5436;-0.38079;-0.50698;-0.16017;-0.13266;0.0042156;0.05199;0.13055;0.016168;-0.057915;0.036731;-0.0084395
3.9786;-0.60754;-0.38095;-0.49987;-0.022252;0.1531;0.04339;0.025991;-0.036188;0.029043;-0.058859;-0.0098154;-0.044069
4.0043;-0.5708;-0.31822;-0.45706;0.0072586;-0.098887;-0.15332;0.034642;-0.079589;0.10226;0.041959;-0.08019;-0.039314
4.0024;-0.56976;-0.38232;-0.32579;0.19052;0.022347;-0.19044;-0.03092;-0.064579;0.12927;0.064822;-0.14854;-0.060739
4.0909;-0.54465;-0.37226;-0.48849;-0.019759;0.080437;-0.015347;0.067706;0.13521;0.144;-0.088918;-0.22235;-0.13551
4.0892;-0.46486;-0.30256;-0.41841;0.023169;-0.00037334;-0.012635;0.040521;0.068166;0.078791;-0.062554;-0.14835;-0.12586
4.0721;-0.53128;-0.29466;-0.3142;0.027779;-0.024413;-0.081642;0.0084116;-0.0021086;0.21008;0.015014;-0.21948;-0.12449
4.0888;-0.58652;-0.24509;-0.086939;0.083118;-0.044827;0.1042;-0.053359;-0.089753;0.20455;-0.10717;-0.21039;-0.033036
3.9281;-0.62067;-0.24543;-0.18827;-0.11896;-0.10555;-0.092985;-0.034301;-0.04303;0.17335;0.082898;-0.13662;-0.022288
4.0719;-0.5235;-0.35367;-0.15882;0.018447;0.027761;-0.0062936;-0.17186;0.0075823;0.20518;-0.15019;-0.19138;-0.014072
3.9852;-0.64409;-0.3382;-0.017585;-0.011263;0.065281;0.0013614;-0.27688;-0.098674;0.26285;-0.053459;-0.25491;-0.017136
4.1164;-0.54289;-0.28637;-0.097997;-0.046629;-0.053459;-0.013021;-0.18601;-0.10934;0.19511;-0.025786;-0.18918;-0.03479
4.1598;-0.54427;-0.35825;-0.16269;-0.086521;-0.15409;0.067751;-0.061835;-0.016497;0.22168;-0.056721;-0.23396;-0.063313
3.9538;-0.6815;-0.50805;-0.18224;-0.047171;-0.14436;0.078547;-0.15098;-0.086285;0.1708;-0.0087228;-0.12566;-0.077522
4.0008;-0.73503;-0.48337;-0.15989;0.044567;-0.081983;-0.12082;-0.39486;-0.20542;0.050861;0.0076712;-0.033884;-0.024755
4.133;-0.60899;-0.46408;-0.25571;0.13033;0.012957;-0.025502;-0.23187;-0.1223;0.045889;-0.081452;-0.094232;-0.046311
4.0747;-0.66955;-0.4739;-0.26194;0.014373;0.013395;0.077358;-0.13206;-0.14323;0.010391;-0.034122;-0.095035;-0.059814
3.9242;-0.64532;-0.39299;-0.08102;0.035722;-0.21051;-0.16894;-0.22584;-0.067228;0.15672;0.15192;-0.052608;-0.11323
4.0198;-0.54962;-0.38136;-0.16508;-0.012328;-0.075553;-0.20045;-0.19449;0.073001;0.094367;0.056976;-0.057326;-0.094036
4.0643;-0.60549;-0.35679;-0.18176;-0.11275;-0.058205;-0.0085015;-0.14254;0.015749;0.049287;-0.010611;-0.11487;-0.10979
4.0468;-0.63523;-0.48062;-0.33205;-0.084602;-0.092833;-0.094456;-0.087176;-0.012203;0.067303;-0.035992;-0.04148;0.0090011
4.0107;-0.66799;-0.44559;-0.3835;-0.1332;-0.11891;-0.075181;-0.2059;0.051698;0.027322;-0.0051761;-0.064478;-0.045039
4.03;-0.62779;-0.28692;-0.26335;0.02659;-0.15362;-0.053886;-0.23409;-0.04789;0.12229;-0.0061229;-0.03753;-0.047247
3.9351;-0.59552;-0.3934;-0.33039;-0.11104;-0.15529;-0.063326;-0.28154;-0.087686;0.35487;0.030475;-0.025594;0.0090447
3.8929;-0.4894;-0.35437;-0.27591;-0.20186;-0.2941;-0.20671;-0.27046;-0.15819;0.1592;0.0145;0.0070285;0.11038
3.6668;-0.59057;-0.38017;-0.28926;-0.20037;-0.1514;-0.070259;-0.074934;-0.14075;0.21743;0.058706;-0.13482;0.0020443
3.6598;-0.62089;-0.31047;-0.20381;-0.16566;-0.25741;-0.02066;-0.058661;-0.032176;0.13262;-0.082264;-0.15983;0.0236
3.8065;-0.66726;-0.3362;-0.23791;-0.14887;-0.025718;0.019601;-0.16331;-0.10727;0.00084342;-0.1118;-0.044463;0.048564
3.7836;-0.56531;-0.32086;-0.093362;-0.16636;-0.10231;-0.029775;-0.17023;-0.040763;0.057824;-0.087058;-0.044795;-0.042276
3.7161;-0.60106;-0.30643;-0.046431;-0.11312;-0.2336;-0.068898;-0.097634;-0.092692;0.044599;-0.023966;-0.086482;0.011381
3.677;-0.64655;-0.30054;-0.163;-0.1436;-0.2;-0.02079;-0.22848;-0.12444;0.1309;-0.0086923;-0.034056;-0.020935
3.872;-0.5857;-0.28225;-0.23073;-0.027209;-0.17943;0.15721;-0.29213;-0.19684;-0.044713;-0.02446;0.010429;-0.069461
3.8414;-0.51355;-0.29355;-0.1187;0.080212;-0.055289;0.0040169;-0.36919;-0.17523;0.059849;0.012817;0.0077413;-0.052323
3.7072;-0.65006;-0.46691;-0.35505;-0.1333;-0.04479;0.020218;-0.25102;-0.052865;-0.065726;0.089903;0.15516;-0.074103
3.7638;-0.6053;-0.41645;-0.14952;-0.19837;-0.21837;0.06601;-0.12598;-0.0094369;0.019512;0.007943;0.086482;-0.046434
3.7514;-0.69306;-0.36326;0.054089;-0.041314;-0.22514;-0.062301;-0.2501;-0.099036;0.030579;-0.040857;-0.024257;-0.010785
3.8884;-0.76316;-0.51317;-0.12009;-0.26161;-0.19025;-0.16765;-0.039551;-0.03747;0.029536;0.086468;-0.13507;-0.021299
4.0555;-0.84027;-0.40125;-0.14978;-0.28719;-0.11585;-0.095535;-0.10632;-0.070063;-0.0051936;0.095511;-0.033223;0.00072113
4.0546;-0.79494;-0.40273;-0.16373;-0.30337;-0.17855;-0.10387;-0.11984;0.21472;0.073403;-0.076951;-0.018881;-0.060592
4.1661;-0.89177;-0.31467;-0.092018;-0.084539;-0.16221;-0.13365;-0.14725;0.053028;0.13169;0.018691;0.019097;-0.051212
4.3164;-0.80945;-0.21385;-0.18607;-0.37808;-0.31751;-0.30789;-0.3783;-0.0058105;0.055787;-0.083333;0.11408;0.098799
4.335;-0.7836;-0.18952;-0.14996;-0.19857;-0.21053;-0.34812;-0.38363;-0.014021;0.085086;-0.11044;0.081081;0.088299
4.3311;-0.86183;-0.2813;-0.46752;-0.16302;-0.15542;-0.10351;-0.084826;-0.079592;0.0073261;-0.16913;0.04257;0.049019
4.3825;-0.84123;-0.18099;-0.3344;-0.27941;0.04975;-0.057147;-0.17349;0.13517;0.11772;-0.24633;0.059286;-0.011374
4.2236;-0.84808;-0.077716;-0.32172;-0.22486;0.13135;-0.11314;-0.16628;0.05017;-0.066413;-0.085612;0.0058916;-0.082584
4.3204;-0.68831;0.051633;-0.2577;-0.068909;-0.14674;-0.34038;-0.19231;-0.0011062;0.17013;0.0052123;-0.020979;-0.070384
4.6476;-0.33404;0.32089;-0.16621;-0.14445;-0.28718;-0.31508;-0.17817;-0.17366;0.04784;-0.062346;0.032922;-0.011808
5.1518;0.021414;0.37509;-0.31064;-0.3238;-0.28294;-0.3024;-0.17577;-0.078237;-0.17727;0.022055;0.074262;-0.053987
5.3782;-0.092492;0.56017;-0.45826;-0.31707;-0.30345;-0.16262;-0.12499;-0.1028;-0.10937;0.042322;0.058078;-0.080364
5.4984;-0.058323;0.54733;-0.54892;-0.38646;-0.1269;-0.16702;-0.23348;-0.017435;-0.12073;0.09002;0.061396;-0.096001
5.5237;-0.053443;0.59134;-0.57135;-0.32951;-0.11949;-0.20627;-0.21922;0.0037818;-0.21325;0.088399;0.062878;-0.12264
5.581;-0.08524;0.58779;-0.58755;-0.35049;-0.072228;-0.12995;-0.32771;0.059712;-0.13054;0.012476;0.090009;-0.11346
5.5747;-0.082529;0.60089;-0.599;-0.30265;-0.22034;-0.11941;-0.21014;0.033088;-0.1428;0.040677;0.098701;-0.14065
5.5736;-0.062029;0.62209;-0.59081;-0.31691;-0.2772;-0.070416;-0.1781;-0.044617;-0.13267;0.053682;0.074489;-0.16029
5.6517;-0.077753;0.68565;-0.61397;-0.44591;-0.1416;-0.18964;-0.17022;0.1031;-0.20394;0.0032856;0.071834;-0.14656
5.7896;-0.084293;0.74896;-0.66209;-0.5716;-0.085405;-0.16729;-0.20662;0.059983;-0.12145;-0.047751;0.038703;-0.13419
6.0976;-0.13864;0.62438;-0.61011;-0.64695;-0.08664;-0.21135;-0.13419;0.071855;-0.17245;-0.008031;0.021804;-0.14796
6.2509;-0.1263;0.47449;-0.58191;-0.68241;-0.10178;-0.23501;-0.099508;0.065696;-0.17738;-0.0074339;-0.0034001;-0.13141
6.4173;-0.12684;0.37121;-0.51418;-0.73656;-0.057109;-0.25239;-0.10426;0.069333;-0.21351;0.011172;-0.045092;-0.126
6.563;-0.12439;0.32778;-0.49333;-0.74692;-0.020009;-0.2531;-0.12248;0.084599;-0.16565;-0.033978;-0.053689;-0.080137
6.625;-0.14083;0.29263;-0.41389;-0.79812;0.0088341;-0.23543;-0.18662;0.083477;-0.13265;-0.05768;-0.038746;-0.075983
6.5284;-0.12173;0.28155;-0.31746;-0.7538;-0.04223;-0.21722;-0.17885;-0.0030609;-0.11833;-0.057447;-0.046255;-0.046223
6.3121;-0.18585;0.40904;-0.27062;-0.54728;-0.11634;-0.24552;-0.13124;-0.12063;-0.084233;-0.11584;-0.04064;0.12779
6.0764;-0.47958;0.61137;-0.019628;-0.57891;-0.3349;-0.24925;-0.20721;-0.10761;-0.023186;-0.16091;0.0015161;0.13405
5.832;-0.52836;0.48349;-0.05961;-0.51769;-0.33005;-0.30037;-0.13711;-0.19201;-0.071974;-0.057325;-0.061301;0.16687
5.6517;-0.53237;0.48918;-0.16267;-0.38845;-0.23874;-0.29747;-0.20273;-0.21978;-0.057369;-0.031463;-0.053586;0.12294
5.4421;-0.61072;0.49313;-0.17447;-0.36485;-0.31277;-0.36919;-0.15083;-0.17724;-0.08;-0.059723;-0.052793;0.12256
5.3354;-0.76659;0.42793;-0.15426;-0.26669;-0.44037;-0.34493;-0.20325;-0.15499;0.035378;-0.17396;-0.016034;0.093596
5.4493;-0.85077;0.43395;-0.088018;-0.44562;-0.2804;-0.17045;-0.1713;-0.15229;-0.12863;-0.12409;0.098727;0.058068
5.2526;-0.78936;0.40361;0.010495;-0.54329;-0.20111;-0.16472;-0.19786;-0.094745;-0.19873;-0.050065;0.064744;0.011067
5.114;-0.88494;0.21092;-0.06376;-0.53934;-0.13161;-0.28072;-0.094496;-0.25179;-0.14107;-0.053471;-0.016865;0.16345
4.8251;-0.80846;-0.036614;-0.25256;-0.41146;-0.13713;-0.21277;-0.080877;-0.31769;-0.18244;-0.034565;-0.024841;0.19864
4.7252;-0.60973;0.14505;-0.14348;-0.19889;-0.2215;-0.15315;-0.13216;-0.31998;-0.063744;0.028953;0.0074846;0.040062
5.0012;-0.22047;0.38117;-0.016182;-0.30509;-0.44934;-0.25553;-0.082474;-0.19972;-0.049553;-0.026924;-0.052929;0.031811
5.5562;-0.12069;0.53712;-0.2224;-0.48051;-0.32086;-0.19271;-0.04187;-0.19619;-0.23487;0.1008;-0.011465;-0.074997
5.6915;-0.093898;0.60091;-0.34022;-0.49137;-0.24008;-0.23456;0.00094441;-0.13741;-0.2593;0.079384;0.0066474;-0.1062
5.747;-0.095887;0.62151;-0.40218;-0.54566;-0.14018;-0.26446;-0.042526;-0.035449;-0.25848;0.058746;0.0008724;-0.092339
5.7851;-0.12108;0.60207;-0.40909;-0.60554;-0.1319;-0.19505;-0.05764;-0.018544;-0.26125;0.10004;0.0010497;-0.13213
5.8315;-0.13952;0.58224;-0.39855;-0.6169;-0.13236;-0.18268;-0.086443;0.0021515;-0.25172;0.12711;-0.027264;-0.13155
5.8232;-0.13659;0.57282;-0.36182;-0.64258;-0.14079;-0.14173;-0.089465;-0.06631;-0.19735;0.12716;-0.039425;-0.12774
5.7642;-0.10456;0.54193;-0.33457;-0.61422;-0.12153;-0.22022;-0.052836;-0.064363;-0.18509;0.092895;-0.029631;-0.091944
5.6828;-0.086923;0.56265;-0.35021;-0.55009;-0.068619;-0.3091;-0.035453;0.029211;-0.24517;0.044732;0.041408;-0.087229
5.6702;-0.13452;0.59834;-0.33804;-0.48511;-0.067743;-0.31335;-0.10828;0.059125;-0.22126;-0.0020643;0.07869;-0.099489
5.5545;-0.12756;0.57673;-0.21609;-0.48328;-0.13999;-0.23703;-0.098446;0.0060282;-0.22;-0.00085604;0.043827;-0.049759
5.3575;-0.22085;0.66413;-0.20029;-0.39504;-0.20464;-0.17269;-0.12163;-0.20381;-0.048466;0.0052001;-0.01607;0.0020292
5.3816;-0.53213;0.65929;-0.15048;-0.29843;-0.17277;-0.30109;-0.1222;-0.028545;-0.08171;-0.10683;0.060174;-0.026086
5.2962;-0.77185;0.53547;-0.31326;-0.51332;-0.045095;-0.37207;-0.11066;0.039261;-0.025295;-0.018116;0.055656;0.001059
5.3076;-0.7997;0.55403;-0.19697;-0.43881;-0.067672;-0.35386;-0.18893;0.00012476;-0.029141;-0.068172;0.018607;0.016149
5.2737;-0.80545;0.56984;-0.029882;-0.36579;-0.1337;-0.31892;-0.20039;0.019276;-0.040283;-0.1553;0.061841;0.013662
5.3327;-0.81667;0.49013;-0.17992;-0.3254;0.020396;-0.34858;-0.2386;-0.12082;-0.046747;-0.019989;0.050518;0.04444
5.2854;-0.92333;0.44625;-0.20359;-0.40006;-0.0082258;-0.31772;-0.24406;-0.081333;0.033068;0.037964;0.094467;0.0047543
5.1537;-1.0516;0.36519;-0.18514;-0.31375;-0.042013;-0.51046;-0.30357;-0.02102;-0.16376;0.0090857;0.20878;0.026802
4.9937;-1.1015;0.37896;-0.19597;-0.27559;0.043165;-0.38965;-0.30774;-0.12109;-0.047072;-0.012827;0.12438;0.045247
4.9649;-1.2266;0.10597;-0.16969;-0.28493;0.08334;-0.23354;-0.2272;-0.11011;-0.035873;0.061614;0.097377;0.0079351
4.9675;-1.19;0.030711;-0.15603;-0.36727;0.152;-0.34055;-0.30336;-0.01594;-0.03553;-0.0070904;0.15927;0.01932
4.7976;-1.2259;-0.10322;-0.2084;-0.54744;0.10703;-0.33018;-0.35893;0.084781;-0.064877;-0.011555;0.14384;0.056694
4.6999;-1.1043;-0.16069;-0.24873;-0.43455;0.14477;-0.21973;-0.2363;0.019296;-0.28711;-0.13078;0.14815;0.077329
5.0107;-0.59245;0.16373;-0.023894;-0.35956;0.0084273;-0.1279;-0.29521;-0.078249;-0.1865;-0.085394;0.15291;0.056793
5.7012;-0.20175;0.29317;-0.12409;-0.66649;-0.15586;-0.22262;-0.22754;0.060077;-0.18414;-0.10276;0.045759;0.031482
6.2218;-0.14648;0.26685;-0.2843;-0.75568;-0.15705;-0.10395;-0.2146;0.051879;-0.1055;-0.045815;-0.049459;-0.055896
6.3941;-0.091868;0.16361;-0.32676;-0.74373;-0.17757;-0.1605;-0.12938;0.063113;-0.11599;0.025649;-0.053493;-0.078003
6.5134;-0.11271;0.10789;-0.33133;-0.72675;-0.21309;-0.14725;-0.14025;0.081078;-0.048196;0.0056622;-0.042769;-0.012186
6.5221;-0.14209;0.057937;-0.38093;-0.65851;-0.33612;-0.11072;-0.11994;0.10802;-0.028405;0.0178;0.04026;-0.017241
6.3792;-0.20682;-0.02309;-0.37932;-0.7003;-0.3635;-0.11979;-0.060076;0.059871;0.013168;0.083884;0.054491;0.041798
6.0882;-0.31043;-0.06802;-0.37939;-0.68981;-0.36374;-0.15284;-0.052832;0.076339;0.031913;0.031235;0.078024;0.11344
5.7191;-0.14137;0.0019164;-0.31015;-0.60176;-0.27209;-0.093584;-0.076703;0.0079835;-0.034925;-0.095932;0.045264;0.1359
5.6497;-0.068839;-0.01598;-0.47853;-0.649;-0.28486;-0.066844;-0.023424;-0.023579;-0.10245;-0.0078151;-0.0013404;0.00029213
5.4079;-0.14654;-0.032099;-0.44356;-0.59377;-0.22459;-0.15734;0.0057048;-0.14405;-0.083216;0.051586;-0.045492;0.023475
5.2565;-0.10544;-0.095741;-0.47806;-0.56446;-0.36454;-0.1273;0.011626;-0.037158;0.015431;-0.034877;-0.014107;-0.027754
5.225;-0.0026904;-0.10072;-0.44689;-0.63047;-0.39254;-0.15217;-0.046641;-0.041248;0.075105;-0.0064685;-0.061551;0.040831
5.3785;-0.0079086;0.069483;-0.45761;-0.58293;-0.34101;-0.20521;-0.027534;-0.038655;0.099728;0.014198;-0.038408;0.029172
5.462;0.044864;0.10387;-0.46031;-0.67164;-0.23056;-0.20431;-0.079168;0.069671;0.046529;-0.015986;0.0060606;0.0047802
5.5288;0.023731;0.1348;-0.422;-0.59041;-0.24312;-0.21862;-0.12004;0.089972;0.039439;-0.02774;0.010316;0.016486
5.627;-0.11412;0.23188;-0.43354;-0.63427;-0.12277;-0.15103;-0.11399;0.071368;-0.058049;0.018352;0.065335;-0.0068824
5.9405;-0.20002;0.31338;-0.49561;-0.69326;-0.091691;-0.13205;-0.094093;0.082037;-0.12994;0.035729;0.084826;-0.053677
6.189;-0.24074;0.38466;-0.53474;-0.58626;-0.16504;-0.15562;-0.09824;0.07684;-0.10566;-0.029713;0.098391;-0.044027
6.0892;-0.18718;0.37655;-0.55826;-0.46238;-0.16077;-0.13814;-0.10653;0.083983;-0.18743;0.0043201;0.083207;-0.065452
6.0459;-0.1922;0.48147;-0.56473;-0.39046;-0.18155;-0.17847;-0.10074;0.074084;-0.16403;-0.04794;0.11774;-0.069894
5.7992;-0.17028;0.4666;-0.41447;-0.3176;-0.23422;-0.19584;-0.094101;-0.01373;-0.11871;-0.054432;0.073187;-0.072581
5.1995;-0.17321;0.33856;-0.1248;-0.27246;-0.33254;-0.10578;-0.11246;-0.16617;0.0042433;-0.027906;-0.013541;0.0058084
5.0696;-0.35849;0.21695;-0.26601;-0.13055;-0.46622;-0.13295;-0.11101;-0.14334;-0.059285;-0.1007;0.073306;0.011456
4.7668;-0.21499;0.14153;-0.08759;-0.22148;-0.4732;-0.080812;-0.13166;-0.29933;-0.015383;0.018474;-0.0033817;0.00084099
4.6508;-0.2673;0.11843;-0.0066409;-0.12302;-0.33376;-0.14737;-0.23776;-0.2401;0.12194;-0.0074998;-0.074975;-0.067342
4.6135;-0.26868;0.051107;-0.018139;-0.054014;-0.31246;-0.15353;-0.19705;-0.20215;0.071953;0.0057609;-0.057822;-0.016704
4.672;-0.40606;0.092598;-0.25092;-0.055363;-0.32917;-0.056307;-0.14667;-0.18868;-0.068222;0.021615;0.039277;-0.067041
4.8439;-0.57648;0.040052;-0.57821;-0.08369;-0.48162;-0.32909;-0.036254;-0.2495;-0.14268;-0.013577;0.19796;0.10489
4.7271;-0.67716;0.24883;-0.499;0.022036;-0.24825;-0.20221;-0.028338;-0.22652;-0.17855;-0.094298;0.19923;0.086408
5.1023;-0.33981;0.46966;-0.28383;-0.13338;-0.30534;-0.31099;-0.031565;-0.14275;-0.13877;-0.11286;0.14329;0.068245
5.8642;-0.23058;0.59896;-0.43176;-0.59491;-0.077226;-0.31369;-0.085305;0.14269;-0.28628;0.022079;0.065274;-0.025532
6.024;-0.19421;0.53667;-0.4417;-0.64803;-0.011811;-0.32463;-0.0057041;0.058772;-0.22925;0.071454;0.018568;-0.022645
6.0282;-0.20756;0.46789;-0.39142;-0.67087;0.088269;-0.38092;0.045374;0.088178;-0.21392;0.028122;0.04638;0.020694
5.8729;-0.13626;0.42953;-0.34358;-0.56509;0.074417;-0.39247;0.082889;0.0070992;-0.22846;-0.036739;0.0045675;0.074386
5.6798;-0.090393;0.43802;-0.22334;-0.59796;0.089078;-0.3695;0.041129;0.013405;-0.29605;-0.038902;0.04294;-0.0022882
5.4352;-0.15079;0.40373;-0.019403;-0.53827;-0.004396;-0.35408;-0.046271;0.058776;-0.29473;-0.029333;0.037129;-0.015878
5.3345;-0.26085;0.28015;-0.064111;-0.45656;0.042657;-0.19365;-0.066947;5.0378e-005;-0.26619;0.0021363;-0.026847;-0.052074
5.1846;-0.3384;0.21697;-0.13041;-0.45277;-0.016762;-0.20473;-0.0097884;0.076134;-0.054049;0.018948;-0.040797;-0.075015
5.2236;-0.41278;0.20591;-0.091771;-0.48435;0.057965;-0.19467;0.00024354;-0.0097107;-0.16268;-0.066399;-0.034583;-0.0069919
5.1193;-0.41204;0.077234;-0.039019;-0.21795;0.097913;-0.33338;-0.16133;0.15478;-0.2042;-0.14412;-0.06185;-0.019085
5.0621;-0.36666;0.20922;0.062412;-0.29816;0.037043;-0.22484;-0.23614;-0.037333;-0.17574;-0.017109;-0.030246;-0.0099129
5.071;-0.43897;0.039767;0.043041;-0.3522;0.035901;-0.34237;-0.18451;0.055483;-0.26342;0.001043;-0.018614;-0.083066
4.9363;-0.3474;-0.28643;-0.095512;-0.28957;-0.086396;-0.045875;-0.074033;-0.021632;-0.076347;-0.0042817;-0.17347;-0.10217
4.7153;-0.3809;-0.35598;-0.076234;-0.19713;-0.18695;-0.026797;-0.16841;-0.15509;-0.0028482;0.058079;-0.14536;-0.018083
4.8069;-0.17745;-0.035065;-0.037673;-0.17993;-0.10939;-0.10209;-0.20059;-0.20964;0.0046929;-0.018967;-0.025391;0.032764
5.341;0.13417;0.17315;-0.19607;-0.40061;-0.085831;-0.27356;-0.070907;-0.20963;-0.037065;0.00016513;-0.15613;0.11947
5.6005;0.14266;0.10834;-0.28362;-0.41045;0.066089;-0.3438;-0.12139;-0.13572;0.026348;0.019738;-0.20925;0.099606
5.6027;0.10556;0.10582;-0.26043;-0.45406;0.022741;-0.31037;-0.052103;-0.17128;0.062607;0.11113;-0.23282;0.085386
5.7198;0.11406;0.073757;-0.19428;-0.46489;-0.048241;-0.27326;-0.035649;-0.22701;0.049201;0.13412;-0.22715;0.066684
6.0438;-0.022652;0.058812;-0.25276;-0.54387;0.015696;-0.24;-0.071572;-0.14387;0.0028557;0.091652;-0.16604;0.020546
6.3526;-0.16271;0.14672;-0.48961;-0.63619;0.18752;-0.27082;-0.072405;0.053752;-0.10251;-0.0051882;-0.0011445;-0.033358
6.4866;-0.16959;0.087312;-0.58846;-0.58235;0.14467;-0.17855;-0.059137;0.064863;-0.13259;-0.032725;-0.012552;-0.078621
6.6471;-0.19369;0.0097954;-0.6346;-0.58068;0.14828;-0.13048;-0.074588;0.11712;-0.16631;-0.040678;-0.011715;-0.11427
6.7929;-0.219;-0.038738;-0.67073;-0.56881;0.16344;-0.055289;-0.10158;0.16495;-0.14636;-0.097075;-0.0061392;-0.11477
6.9231;-0.23875;-0.051236;-0.64083;-0.63589;0.21597;-0.029881;-0.11258;0.15389;-0.17274;-0.10994;0.017854;-0.12498
7.001;-0.25205;-0.046175;-0.63509;-0.62691;0.1881;0.012399;-0.10299;0.11101;-0.15447;-0.093255;-0.0026134;-0.12947
7.0555;-0.26335;-0.042326;-0.63461;-0.60541;0.13356;0.028119;-0.077958;0.073159;-0.13798;-0.09477;-0.021622;-0.12019
7.044;-0.25916;-0.0059258;-0.61535;-0.6465;0.18116;0.0065722;-0.096847;0.11742;-0.16335;-0.10651;-0.023586;-0.13933
6.7863;-0.13946;0.015399;-0.57804;-0.64823;0.21615;-0.045021;-0.086033;0.1457;-0.23056;-0.10178;-0.039234;-0.15817
6.4976;-0.073812;0.040709;-0.39247;-0.65953;0.18119;-0.14643;0.01963;0.069767;-0.33713;-0.044293;-0.058084;-0.11599
6.1069;-0.0524;0.12565;-0.24349;-0.42359;0.059208;-0.25148;-0.053655;0.035662;-0.33094;-0.07793;-0.012419;-0.023138
5.7267;-0.16558;0.29102;-0.3044;-0.31677;-0.030982;-0.18342;-0.11981;-0.01763;-0.14836;-0.18334;0.040725;-0.040369
5.4706;-0.31565;0.13233;-0.57633;-0.29261;-0.10616;-0.16818;0.014966;0.026793;-0.13205;-0.19795;0.0063048;-0.050553
5.3653;-0.31604;0.15243;-0.53595;-0.096162;-0.15275;-0.12242;0.10876;-0.054705;-0.1533;-0.19711;-0.081985;-0.0086623
5.1313;-0.27306;0.16971;-0.53324;-0.095578;-0.18232;-0.035932;-0.037499;-0.012241;-0.17177;-0.2397;-0.011082;-0.062012
4.9413;-0.20347;0.15472;-0.40319;-0.13193;-0.15128;-0.034582;-0.088679;-0.0031763;-0.18784;-0.23916;-0.021277;-0.069537
4.834;-0.27182;0.16599;-0.50992;-0.02734;-0.17786;0.015382;-0.19166;-0.033651;-0.19802;-0.12559;-0.046217;-0.16085
4.6797;-0.37848;0.18734;-0.62321;0.099681;-0.27393;-0.020087;-0.108;-0.065971;-0.018597;-0.23534;-0.11497;-0.074606
4.5012;-0.54087;0.14666;-0.32903;0.053936;-0.24329;0.057146;-0.18982;-0.29393;-0.04204;0.050994;-0.076442;-0.10774
4.5416;-0.5438;0.042475;-0.51865;0.03245;-0.26914;0.14703;-0.07983;-0.26607;0.14756;-0.11141;-0.12048;-0.063
4.4577;-0.58005;0.016815;-0.48592;0.089397;-0.23769;-0.10573;-0.04426;-0.13178;0.0043104;-0.15417;0.01308;-0.032809
4.6639;-0.29601;0.33036;-0.20243;-0.074921;-0.31985;-0.19424;-0.016834;-0.10465;-0.12738;-0.23118;0.11889;0.10439
5.3809;-0.13663;0.54083;-0.39528;-0.45985;-0.095521;-0.3489;0.037254;-0.021935;-0.22419;-0.026035;-0.029093;0.0012634
5.5627;-0.15774;0.53175;-0.39027;-0.59117;0.017603;-0.2716;0.090652;-0.070011;-0.20646;0.058269;-0.043089;0.022146
5.5454;-0.13763;0.51224;-0.40398;-0.69151;0.17262;-0.26584;0.024333;0.028554;-0.2198;-0.014229;-0.027376;-0.010655
5.4967;-0.087093;0.39189;-0.28772;-0.67253;0.10493;-0.18012;0.020999;0.00091733;-0.23902;0.0042873;-0.061538;-0.063986
5.339;-0.089102;0.1994;-0.12443;-0.49214;-0.010035;-0.2429;0.04414;0.13707;-0.29718;-0.1094;0.038201;-0.025606
5.1471;-0.13385;0.13395;0.13007;-0.34202;-0.2237;-0.21193;-0.061944;-0.07833;-0.15879;0.00090693;0.057489;0.02344
5.0235;-0.32644;-0.070503;0.18733;-0.31934;-0.20977;-0.18793;-0.033607;-0.088815;-0.14584;0.063625;-0.0069586;0.028446
5.098;-0.42384;-0.17786;0.29108;-0.18395;-0.32326;-0.15356;0.13697;-0.013502;-0.27952;-0.079097;-0.042936;0.0082402
5.2104;-0.40948;-0.095311;0.2481;-0.095426;-0.29603;-0.17587;0.0049698;-0.072285;-0.1445;-0.094555;-0.086782;0.010371
5.2373;-0.47611;-0.2148;0.1384;-0.017633;-0.43027;-0.23232;0.0092829;-0.0071642;-0.12594;-0.059286;-0.095285;-0.064979
5.2157;-0.59556;-0.34346;0.18232;0.07416;-0.37099;-0.31241;0.086189;0.069729;-0.2746;-0.23606;-0.066322;0.042009
5.0564;-0.52402;-0.21217;0.098109;0.016819;-0.26421;-0.28678;0.049978;0.052433;-0.20789;-0.1277;-0.029919;-0.037687
5.1066;-0.60898;-0.32634;0.058904;-0.07112;-0.33247;-0.16197;0.1647;0.12273;-0.11562;-0.17686;-0.16157;0.015377
4.8253;-0.73888;-0.55294;-0.084414;-0.025514;-0.2351;-0.098494;0.12407;-0.11257;-0.24733;-0.10074;0.060742;0.11914
4.9179;-0.64207;-0.55338;0.019434;-0.018315;-0.28743;-0.14493;0.089209;-0.040209;-0.2545;-0.023842;0.063559;0.048551
4.8884;-0.53684;-0.38779;-0.10087;-0.20671;-0.31183;-0.16098;0.10567;-0.21941;-0.24543;-0.015614;0.033578;0.10686
5.5146;-0.14998;-0.30075;-0.15864;-0.21792;-0.27025;-0.10742;0.021779;-0.30886;-0.11315;0.050191;-0.043926;0.017778
6.3917;-0.12195;-0.44977;-0.19349;-0.33038;-0.27514;-0.044764;0.23989;-0.27703;-0.051021;0.0060419;-0.11983;0.031013
6.3777;-0.11708;-0.48268;-0.18213;-0.36632;-0.32225;-0.012678;0.2998;-0.26932;-0.012809;0.033488;-0.09248;-0.022385
6.1395;-0.098001;-0.41472;-0.18762;-0.27439;-0.30359;-0.036771;0.2964;-0.33976;-0.050003;0.063491;-0.012506;-0.012687
6.3192;-0.087946;-0.41883;-0.21912;-0.26545;-0.26095;-0.029589;0.23353;-0.33409;-0.040891;0.068451;-0.060238;-0.042224
6.4287;-0.086737;-0.39394;-0.27222;-0.26448;-0.26335;-0.041145;0.24775;-0.35251;0.0060933;0.096123;-0.08479;-0.027926
6.4285;-0.032612;-0.43057;-0.23881;-0.30954;-0.25318;0.0079217;0.1553;-0.32995;0.023342;0.050706;-0.072494;-0.034246
6.4254;-0.038601;-0.40202;-0.20609;-0.32482;-0.30375;0.032293;0.16885;-0.32676;0.010306;0.076239;-0.06019;-0.088326
6.2756;-0.01087;-0.30533;-0.24097;-0.28587;-0.25631;-0.065642;0.14017;-0.32978;0.037818;0.10683;-0.12308;-0.059878
6.09;0.020143;-0.091199;-0.37304;-0.2606;-0.15576;-0.16133;0.010531;-0.25972;0.08037;0.071469;-0.14687;-0.022942
5.9858;0.07152;-0.10246;-0.43855;-0.24237;-0.07622;-0.21863;-0.0079207;-0.20785;0.053363;0.053486;-0.13371;-0.033872
6.0138;0.066078;-0.26405;-0.21822;-0.3314;-0.17027;-0.072325;-0.020357;-0.24905;0.077967;0.05474;-0.12985;-0.045692
5.6463;0.12123;-0.11843;-0.33694;-0.29888;-0.17602;-0.055192;0.021725;-0.23492;0.084218;-0.037121;-0.13269;-0.028334
5.205;0.0088387;-0.056427;-0.13457;-0.301;-0.27645;0.044501;0.070197;-0.29623;0.021533;-0.060156;-0.075004;0.033606
4.7491;-0.070972;-0.14924;-0.10297;-0.19041;-0.24524;-0.28043;-0.12675;-0.067118;0.13969;0.024252;-0.035693;-0.0057469
4.8636;-0.3338;-0.09442;-0.15836;-0.088521;-0.10484;-0.089376;-0.16315;-0.20056;0.058049;-0.0076802;-0.073506;0.037634
5.2847;-0.43734;-0.048045;-0.058326;0.014206;-0.12158;-0.14403;-0.2286;-0.34824;0.015156;0.091859;-0.08925;0.036006
4.9566;-0.34306;0.16579;-0.25611;0.082447;-0.2858;-0.07866;-0.23504;-0.25101;0.10057;-0.14123;0.021156;0.058995
4.8319;-0.45012;0.29965;-0.41335;0.12786;-0.37795;-0.12165;-0.14385;-0.27158;0.24903;-0.093978;-0.071572;0.0024772
4.8169;-0.50803;0.2602;-0.35892;0.26096;-0.49521;-0.21966;-0.092715;-0.21531;0.21352;-0.13046;0.027825;0.050844
4.8521;-0.61306;0.086763;-0.29817;0.20834;-0.39658;-0.062192;-0.11368;-0.32775;0.17062;0.044479;0.0069869;-0.014515
5.0211;-0.29779;0.12368;-0.31619;-0.037665;-0.59141;-0.012996;-0.053476;-0.1711;-0.069063;-0.056229;0.048429;-0.035522
5.8423;-0.059616;-0.011524;-0.35509;-0.034197;-0.73775;-0.1635;0.23761;-0.20981;-0.059172;-0.090347;0.026079;0.10246
6.0892;-0.056866;-0.16798;-0.32447;-0.034865;-0.69486;-0.11089;0.29657;-0.2301;-0.026731;-0.023662;0.095758;0.07446
6.1665;-0.075639;-0.17568;-0.36495;-0.047352;-0.69134;-0.10811;0.32155;-0.22735;-0.0049347;-0.022433;0.095399;0.08504
6.1796;-0.035928;-0.12026;-0.38177;-0.041152;-0.63619;-0.091142;0.31013;-0.24213;-0.04398;-0.046862;0.04776;0.078783
6.0962;-0.029414;-0.095096;-0.39029;-0.099213;-0.61298;-0.011414;0.26866;-0.26184;-0.0060252;-0.060496;0.031771;0.05706
5.9753;-0.012866;-0.021278;-0.39999;-0.11974;-0.63172;0.086297;0.2646;-0.30377;-0.029851;-0.03863;0.0048388;0.010687
5.8735;0.0043709;-0.032336;-0.37969;-0.096317;-0.67948;0.14885;0.20991;-0.27583;-0.045246;-0.081824;0.046782;-0.047053
5.743;-0.037053;-0.020064;-0.2493;-0.06968;-0.71273;0.27997;0.082716;-0.24473;-0.048204;-0.11179;0.024223;-0.094759
5.4796;-0.13744;0.12999;-0.24445;0.086105;-0.69122;0.1912;-0.0096436;-0.24555;0.039511;-0.19992;-0.021128;-0.0067458
5.2391;-0.27406;0.14707;-0.16848;0.15494;-0.66486;0.25276;-0.25634;-0.30715;0.065975;-0.0077568;0.10408;-0.10168
5.2028;-0.40518;0.20257;-0.087032;-0.015562;-0.59119;0.41428;-0.30248;-0.32536;-0.015145;-0.062837;0.15724;-0.068663
5.0944;-0.51926;0.1264;-0.15432;-0.18273;-0.63572;0.30873;-0.33604;-0.1203;0.070748;-0.090769;0.15241;-0.059954
4.8633;-0.38655;0.20615;-0.061586;-0.18738;-0.56951;0.29764;-0.32591;-0.14765;-0.024612;-0.032934;0.13403;-0.13159
4.7698;-0.33902;0.17264;-0.18991;-0.094999;-0.51238;0.28996;-0.30932;-0.19611;-0.054997;0.012733;0.13879;-0.1732
4.5772;-0.34171;0.10965;-0.27842;-0.090522;-0.39225;0.19015;-0.29513;-0.096268;-0.17119;0.035927;0.15773;-0.21794
4.4327;-0.29054;0.021892;-0.12952;-0.19743;-0.43881;0.0081337;-0.22521;-0.013044;-0.095442;0.093202;0.069324;-0.17383
4.3213;-0.2737;0.060746;-0.052502;-0.09103;-0.51147;0.081826;-0.2063;0.031115;-0.10908;-0.10092;0.092496;-0.084783
4.1458;-0.34667;0.0401;-0.15642;-0.042553;-0.46478;0.13952;-0.21661;-0.018393;-0.078573;-0.0063614;0.16217;-0.088649
4.0531;-0.49984;-0.17711;-0.3798;-0.21565;-0.52635;0.1373;-0.11076;-0.17776;0.13939;-0.0046995;0.096987;0.020988
4.0506;-0.65307;-0.16378;-0.41652;-0.10536;-0.40153;-0.094593;-0.079801;-0.37669;0.15039;0.12517;-0.027566;0.058896
4.3023;-0.63805;-0.051829;-0.67758;-0.065964;-0.20118;-0.34285;0.17242;-0.33021;-0.084929;0.0010193;-0.068881;0.13981
4.5046;-0.32089;0.20815;-0.29033;0.038179;-0.22184;-0.37897;0.021552;-0.2876;-0.084664;-0.011568;0.037124;0.13341
5.2819;-0.15441;0.44703;-0.37126;-0.52413;-0.034671;-0.3159;-0.050693;-0.0045814;-0.26868;0.072939;0.017555;-0.072795
5.6311;-0.18921;0.52218;-0.51676;-0.72164;0.17493;-0.26146;-0.1468;0.046834;-0.14732;0.088204;0.070173;-0.03355
5.7739;-0.21323;0.53935;-0.58727;-0.79054;0.29149;-0.28246;-0.27034;0.17276;-0.11084;0.011985;0.09838;0.0026124
5.8195;-0.17768;0.43464;-0.46693;-0.81022;0.2711;-0.23367;-0.21169;0.14203;-0.14035;-0.0044032;0.073986;-0.0026421
5.8511;-0.17657;0.32287;-0.40272;-0.72848;0.1374;-0.1753;-0.1836;0.13596;-0.14692;-0.019362;0.058196;0.00061481
5.6997;-0.080981;0.30373;-0.4165;-0.62673;0.045378;-0.21811;-0.022078;0.021642;-0.11909;0.0026473;-0.015407;0.037384
5.4614;0.047706;0.17548;-0.33937;-0.4988;-0.18873;-0.18042;0.14809;-0.10586;-0.11494;0.070678;-0.081098;0.038691
5.3082;0.11725;0.083377;-0.32228;-0.30774;-0.38943;-0.15047;0.14022;-0.0872;-0.09652;0.03719;-0.085871;0.084899
5.2348;0.19335;-0.12514;-0.20634;-0.27867;-0.49386;-0.11112;0.089475;-0.0092037;-0.11453;0.016495;-0.022707;0.0029295
5.1461;0.27997;-0.19803;-0.29443;-0.21682;-0.44137;-0.22846;0.049687;0.045397;-0.066858;-0.058893;-0.014014;0.06082
4.9479;0.3551;-0.1506;-0.32383;-0.25151;-0.34599;-0.3404;-0.00091702;-0.0057923;-0.07298;-0.021154;0.031484;0.084326
4.8197;0.36777;-0.014353;-0.33736;-0.25199;-0.40226;-0.14922;-0.13935;-0.15437;0.04027;0.014216;0.11328;0.039969
4.7522;0.41476;-0.075581;-0.33742;-0.21661;-0.34005;-0.23441;-0.1434;-0.13776;0.058904;0.084972;0.059276;0.03638
4.7105;0.46641;-0.11359;-0.26655;-0.21748;-0.32364;-0.2989;-0.14187;-0.055145;-0.057211;0.094184;0.094028;0.020298
4.6017;0.44392;0.014433;-0.32097;-0.23902;-0.27778;-0.30595;-0.11137;-0.10126;-0.022915;0.10396;0.044825;0.039533
4.6027;0.37127;0.078614;-0.23005;-0.3614;-0.28913;-0.20101;-0.20763;-0.062836;0.060615;-0.018573;0.07853;0.055511
4.4354;0.34484;0.07687;-0.19354;-0.22568;-0.30572;-0.25179;-0.12285;-0.074553;-0.0063853;-0.015116;0.12124;0.024556
4.3771;0.19533;-0.058683;-0.062989;-0.16005;-0.37955;-0.2292;-0.16539;-0.063909;0.0049468;-0.03051;0.059536;0.030144
4.5636;-0.049414;-0.37266;-0.011716;-0.029804;-0.29109;-0.16591;-0.14231;-0.011459;-0.059555;-0.015087;0.069082;0.0090515
5.1331;-0.1849;-0.60615;-0.081;-0.020156;-0.27416;-0.062248;-0.081156;0.098628;-0.083505;-0.011304;0.0064726;-0.036429
5.0287;-0.25313;-0.59614;-0.077855;0.045679;-0.23217;-0.14413;-0.10101;0.098293;-0.080802;-0.059446;-0.012788;-0.048199
4.7953;0.00027846;-0.35516;-0.053498;0.027548;-0.39531;-0.1649;-0.36401;-0.020682;0.073977;-0.082031;-0.041303;-0.05614
5.3969;0.36478;-0.36446;-0.46128;0.071332;-0.41172;-0.14018;-0.21674;-0.0084307;0.0042954;-0.20478;-0.060803;0.0070989
5.6391;0.38358;-0.35704;-0.61763;0.19875;-0.49947;-0.17079;-0.20439;0.005987;0.07647;-0.16085;-0.050192;-0.035378
5.7539;0.41847;-0.29655;-0.71526;0.17357;-0.52284;-0.21903;-0.14438;-0.0057407;0.068685;-0.10963;0.0046382;-0.070469
5.8511;0.39561;-0.18352;-0.84829;0.20391;-0.58263;-0.15227;-0.15798;-0.037617;0.086318;-0.099175;0.036398;-0.14082
5.9298;0.40454;-0.23038;-0.86057;0.23969;-0.57912;-0.19924;-0.11483;-0.072632;0.12422;-0.10614;0.012132;-0.1493
6.0016;0.38034;-0.17875;-0.94107;0.30688;-0.59622;-0.17957;-0.15111;-0.081302;0.12139;-0.10596;-0.0049141;-0.18747
6.0179;0.36746;-0.12336;-0.98446;0.34819;-0.64501;-0.1221;-0.22717;-0.052207;0.088169;-0.12895;-0.017092;-0.21542
5.9509;0.39914;-0.13763;-0.99923;0.39156;-0.68627;-0.076408;-0.29299;-0.039886;0.074708;-0.13275;-0.021495;-0.22813
5.8362;0.44804;-0.13251;-0.98655;0.37958;-0.70711;-0.058777;-0.31587;-0.043454;0.066845;-0.15877;-0.030029;-0.21367
5.7666;0.44412;-0.11614;-0.96739;0.33318;-0.66614;-0.10017;-0.30068;-0.04863;0.052935;-0.17124;-0.036462;-0.19243
5.7141;0.42579;-0.075774;-1.0053;0.32443;-0.67631;-0.089749;-0.30013;-0.035533;0.043303;-0.18756;-0.031087;-0.18716
5.7302;0.38863;-0.11385;-0.99609;0.32505;-0.68843;-0.083182;-0.30744;-0.023399;0.029504;-0.19927;-0.02141;-0.19358
5.7627;0.3695;-0.14945;-1.0233;0.31415;-0.70127;-0.074777;-0.269;-0.023253;0.046786;-0.19632;-0.02161;-0.20051
5.8645;0.38286;-0.25789;-0.98204;0.34618;-0.70008;-0.076211;-0.27834;-0.016537;0.09393;-0.17445;-0.031631;-0.21575
5.9693;0.36861;-0.22151;-0.96599;0.3241;-0.70361;-0.12133;-0.17491;-0.033478;0.11337;-0.15041;-0.013084;-0.19287
6.1582;0.32466;-0.2737;-0.81563;0.29469;-0.76832;-0.17134;-0.09716;0.046191;0.095904;-0.20851;0.0056476;-0.099163
6.3463;0.25442;-0.3166;-0.70782;0.30927;-0.72239;-0.23346;-0.068574;0.022503;0.11496;-0.18239;-0.015917;-0.069842
6.3776;0.18934;-0.32235;-0.52882;0.18638;-0.65764;-0.26721;0.14909;-0.093997;0.018124;-0.18277;0.060816;0.06386
6.3244;0.12475;-0.35203;-0.50563;0.14021;-0.62042;-0.23681;0.2511;-0.082426;-0.016706;-0.17527;0.051065;0.11252
6.1744;0.099731;-0.37853;-0.4169;0.12715;-0.58076;-0.20049;0.30125;-0.048561;-0.049776;-0.18249;0.022353;0.098165
5.806;0.16614;-0.18744;-0.31615;0.12276;-0.59354;-0.24932;0.27703;-0.085295;-0.1186;-0.1802;-0.015535;0.12082
5.3155;0.15707;-0.17726;-0.26728;0.22003;-0.58539;-0.20116;0.13806;-0.083286;-0.08125;-0.14277;0.049903;0.047425
4.7883;0.1648;-0.15238;-0.38305;0.055969;-0.48789;-0.18654;0.039501;-0.11638;-0.07358;-0.085374;0.14209;0.084548
4.5252;0.095484;-0.16148;-0.31067;-0.021619;-0.5079;-0.25889;0.034172;-0.10668;-0.015271;-0.10865;0.00679;0.10565
4.4453;0.079504;-0.23238;-0.20737;-0.048814;-0.46297;-0.23776;-0.0049309;-0.075785;0.094608;-0.11722;-0.049895;0.015951
4.2259;0.065056;-0.25484;-0.072083;-0.14205;-0.42887;-0.17075;0.0061943;0.0053846;0.10502;-0.014833;-0.15358;0.025971
3.9715;-0.048239;-0.19646;-0.19991;-0.021393;-0.35107;-0.30451;-0.11799;-0.028754;0.055316;-0.11398;-0.096803;0.04768
3.8509;-0.19934;-0.29942;-0.25959;-0.073972;-0.37407;-0.27856;-0.047562;0.09554;0.0055949;-0.11653;-0.006295;-0.013088
3.7582;-0.21643;-0.41494;-0.2964;-0.046;-0.26092;-0.13958;0.094434;0.082162;-0.041576;-0.1389;-0.019422;-0.01346
3.813;-0.12143;-0.1586;-0.18688;0.021763;-0.35273;-0.26145;-0.12122;-0.16667;-0.11695;-0.076185;0.073897;0.074728
4.331;0.28323;0.13219;-0.15813;-0.17799;-0.41521;-0.29841;-0.096284;-0.07434;-0.12571;-0.12979;0.10545;0.040493
4.5434;0.41373;0.10274;-0.25406;-0.26125;-0.26748;-0.22542;-0.099742;-0.12191;-0.11702;0.013208;0.087894;0.030195
4.571;0.45812;0.037763;-0.37193;-0.30225;-0.32745;-0.25452;-0.10178;-0.10247;-0.089022;0.053022;0.12725;0.014033
4.6696;0.43879;-0.020086;-0.32875;-0.22111;-0.34976;-0.28544;-0.026221;-0.088195;-0.11232;0.047837;0.13912;0.029688
4.6857;0.42777;-0.015023;-0.34029;-0.1984;-0.44632;-0.31131;-0.077591;-0.090405;-0.083867;0.076941;0.10998;0.024551
5.0049;0.2674;0.019161;-0.17374;-0.33842;-0.53152;-0.25564;-0.0093754;-0.27862;0.086211;0.013518;-0.021253;0.13325
5.419;0.15958;-0.062448;-0.21785;-0.48914;-0.42586;-0.036695;-0.02308;-0.31002;0.18776;-0.017719;-0.049154;0.12584
6.0843;-0.0072009;-0.082102;-0.3709;-0.57273;-0.34395;0.052543;0.044545;-0.28222;0.21546;-0.084448;-0.11622;0.10087
6.3429;-0.045901;-0.14009;-0.37055;-0.56479;-0.32616;0.10331;0.019825;-0.30923;0.20777;-0.057956;-0.1165;0.079934
6.4259;-0.08203;-0.19464;-0.32569;-0.53648;-0.34652;0.14595;0.024718;-0.36252;0.14381;-0.024364;-0.092193;0.084087
6.4877;-0.09695;-0.25031;-0.31869;-0.47301;-0.383;0.11594;0.10042;-0.3411;0.063983;-0.012767;-0.049681;0.058001
6.4039;-0.058947;-0.30226;-0.31787;-0.40615;-0.44337;0.069239;0.18882;-0.33528;-0.015647;0.015918;-0.00080792;0.015119
6.1509;0.025763;-0.3116;-0.31135;-0.29565;-0.42149;-0.11425;0.24659;-0.24184;-0.080989;-0.034007;-0.00069424;0.12593
5.8632;0.11639;-0.30365;-0.20296;-0.12238;-0.47353;-0.31241;0.20334;-0.092333;-0.10324;-0.14079;0.049051;0.20428
5.5744;0.24134;-0.27034;-0.18093;-0.11596;-0.38723;-0.38647;0.090705;-0.088;-0.075504;-0.076915;0.029305;0.15624
5.333;0.32714;-0.26512;-0.1112;-0.089688;-0.38842;-0.39676;0.0098764;-0.057578;-0.037158;-0.086211;0.0074364;0.13291
5.1528;0.36157;-0.16739;-0.14818;-0.034382;-0.42042;-0.36015;-0.070256;-0.018423;-0.0067725;-0.048939;-0.030742;0.12046
4.9754;0.36322;-0.042309;-0.087001;-0.060332;-0.54585;-0.38658;0.049567;-0.028538;-0.027657;-0.065399;0.010466;0.14326
4.9859;0.38835;-0.090202;-0.15742;-0.028052;-0.48189;-0.38406;0.017003;0.0063197;-0.071149;-0.061013;0.045425;0.12031
5.1205;0.33937;-0.20899;-0.1501;-0.043909;-0.38742;-0.4447;0.091936;-0.066298;-0.020016;-0.013191;-0.070528;0.17171
5.379;0.25198;-0.35909;-0.031956;-0.17973;-0.48271;-0.37809;0.30779;-0.053445;-0.085946;-0.042564;-0.036844;0.18939
5.6267;0.19701;-0.3298;-0.066505;-0.28277;-0.5135;-0.37454;0.31332;-0.024027;-0.096603;-0.045456;-0.043319;0.22686
5.7849;0.092435;-0.15227;-0.047334;-0.51321;-0.43032;-0.15593;0.18598;-0.13828;-0.039167;0.032521;-0.061121;0.17524
5.9519;-0.017478;0.08241;-0.14711;-0.64065;-0.20647;-0.15751;0.068333;-0.089205;-0.077135;0.045074;-0.0067245;0.10865
6.0478;-0.078923;0.28747;-0.18427;-0.70299;-0.096503;-0.29122;0.04724;0.0082998;-0.19199;0.094656;0.045993;-0.027179
6.0673;-0.092439;0.37884;-0.18622;-0.77688;-0.057668;-0.31376;0.015808;0.049518;-0.21328;0.093255;0.030973;-0.050725
5.9652;-0.070691;0.39025;-0.2004;-0.76167;0.027191;-0.39838;0.010117;0.089441;-0.18807;-0.0061241;0.042127;-0.023275
5.7525;-0.04718;0.41513;-0.13824;-0.80097;0.10629;-0.3623;-0.095187;0.077125;-0.17517;-0.045791;0.033139;-0.015961
5.2786;0.0679;0.19874;-0.08712;-0.63263;0.055246;-0.18441;-0.084302;-0.066991;-0.20903;0.00068214;0.02535;-0.0087181
4.8506;0.12058;0.25375;0.021256;-0.5311;-0.018027;-0.24524;-0.18207;-0.17159;-0.10389;0.081477;-0.079154;0.019173
4.5679;0.15325;0.15233;-0.016888;-0.58049;-0.1399;-0.096642;-0.2087;-0.25736;-0.083138;0.069261;-0.089637;0.031776
4.2903;0.037341;0.014101;-0.15513;-0.41834;-0.13891;-0.00038408;-0.18027;-0.16645;-0.050651;-0.048617;-0.14547;0.0366
4.0098;-0.085482;-0.056759;-0.16738;-0.22105;-0.11341;-0.10567;-0.10572;-0.18003;0.031895;-0.093259;-0.15718;0.066598
3.9776;-0.068809;-0.02753;-0.12686;-0.18614;-0.31165;-0.35481;-0.1411;-0.050464;0.11623;-0.016276;-0.11021;0.034943
4.0337;-0.2092;-0.13046;-0.24678;-0.1532;-0.21695;-0.35546;-0.2261;0.061573;0.049217;-0.090977;-0.027475;0.07032
4.6349;-0.5217;-0.077675;-0.12165;-0.5125;-0.23356;-0.29509;-0.22473;0.17398;-0.033025;0.016926;0.026659;-0.028234
4.9778;-0.45838;0.14475;0.08474;-0.63687;-0.14555;-0.3761;-0.2667;0.21079;-0.071258;0.019239;0.026925;-0.045055
5.2004;-0.11947;0.56254;-0.1652;-0.61272;-0.044706;-0.44275;-0.18707;0.044064;-0.1515;-0.072738;0.052952;0.0012952
5.6602;-0.11026;0.72833;-0.46804;-0.56345;0.029309;-0.34448;-0.20529;0.023789;-0.17865;-0.059818;0.06562;-0.032445
5.7713;-0.1101;0.72989;-0.55143;-0.44597;-0.0088119;-0.3319;-0.14894;0.049476;-0.21658;-0.043915;0.065192;-0.065927
5.6915;-0.093595;0.71408;-0.67647;-0.35575;0.037189;-0.30758;-0.15079;0.067592;-0.17677;-0.045176;0.044062;-0.056437
5.6947;-0.11152;0.74009;-0.67826;-0.34206;0.025687;-0.29625;-0.19003;0.12034;-0.25369;0.0048028;0.052065;-0.079608
5.643;-0.079658;0.78692;-0.61425;-0.40668;0.05598;-0.29964;-0.25752;0.17757;-0.27308;0.013325;0.034073;-0.10353
5.5094;-0.049194;0.74918;-0.55048;-0.39138;-0.002286;-0.26324;-0.2197;0.092817;-0.23812;0.039102;0.060759;-0.11833
5.3468;-0.0018235;0.67708;-0.4779;-0.37977;-0.091182;-0.19084;-0.19931;0.082262;-0.3388;0.13742;0.097632;-0.16247
5.0677;0.029926;0.61744;-0.48737;-0.30927;-0.18988;-0.18182;-0.12714;-8.4515e-005;-0.23594;0.15365;0.041129;-0.12327
4.6696;0.013612;0.37699;-0.22626;-0.12754;-0.27291;-0.18347;-0.063906;-0.022995;-0.23156;0.11407;0.049201;-0.085724
4.5426;-0.064471;0.45919;-0.43342;-0.10723;-0.31172;-0.2427;-0.29624;0.072624;-0.16331;0.047703;0.10658;-0.14229
4.0106;-0.17698;0.20723;-0.21593;-0.12177;-0.067817;-0.24991;-0.19971;0.0026256;-0.10539;0.082686;-0.070307;-0.029297
4.0192;-0.067728;0.26731;-0.12325;-0.21471;-0.12884;-0.37117;-0.24267;0.038515;-0.1024;0.008285;-0.055373;-0.0068213
3.9208;-0.1706;0.09624;-0.15158;-0.11039;-0.20721;-0.2089;-0.27016;-0.05554;0.048851;0.0204;-0.079636;0.028189
3.6728;-0.30527;0.012665;-0.19941;-0.0034135;-0.19485;-0.028772;-0.22341;-0.12818;-0.015545;0.013385;0.0080005;0.015427
3.9885;-0.40715;0.089858;-0.30505;0.11999;-0.33598;-0.14324;-0.26124;-0.071545;-0.03952;-0.014502;0.0068251;-0.11658
4.3182;-0.55727;-0.044138;-0.46963;0.17561;-0.21656;-0.20364;-0.077593;-0.037389;-0.11419;-0.052667;0.073788;-0.035532
4.8289;-0.77729;-0.01486;-0.58208;-0.090731;-0.17492;-0.45336;-0.040077;-0.048342;-0.079134;-0.047999;0.11515;0.086807
4.9139;-1.0378;0.12678;-0.64506;-0.34754;0.047241;-0.48676;-0.0059738;0.064804;-0.039843;0.084165;0.15636;0.083653
4.8743;-1.0784;0.084121;-0.50092;-0.56464;-0.018853;-0.35707;-0.1032;0.069084;0.031568;0.0037815;0.059468;0.096189
5.0365;-1.0579;0.07446;-0.38943;-0.62078;-0.11402;-0.25654;0.06592;0.29144;-0.11654;-0.20755;0.087717;0.044612
4.9107;-0.98608;0.088757;-0.52484;-0.76957;0.085308;-0.29083;0.084346;0.19882;0.037989;0.03437;0.022055;0.011028
4.8119;-0.63099;0.11311;-0.20503;-0.6135;0.12342;-0.16697;-0.13624;0.12446;-0.064807;-0.17743;0.0049169;0.04376
5.4112;-0.12135;0.019831;-0.37855;-0.68303;0.23768;-0.12831;-0.20192;0.066247;-0.14814;-0.10057;0.027322;-0.014162
5.8158;-0.045991;-0.1521;-0.4712;-0.70089;0.25491;-0.097218;-0.14604;0.12237;-0.12829;-0.068805;0.018523;-0.034309
6.2316;-0.13256;-0.24955;-0.36717;-0.7239;0.17307;-0.0072892;-0.1545;0.0050111;-0.1284;-0.079197;-0.012535;0.020843
6.3902;-0.19072;-0.3021;-0.2953;-0.68603;0.20151;0.026038;-0.16883;-0.077553;-0.13244;-0.072142;-0.0010587;0.05667
6.4999;-0.20462;-0.34827;-0.27641;-0.64123;0.24367;0.042384;-0.1793;-0.094567;-0.1809;-0.093517;0.0012667;0.072403
6.5221;-0.23544;-0.4212;-0.25709;-0.62123;0.31265;0.090367;-0.12831;-0.096661;-0.16034;-0.10276;-0.0024205;0.053073
6.4484;-0.30686;-0.40992;-0.24719;-0.60362;0.36273;0.14102;-0.050353;-0.047092;-0.14287;-0.093039;-0.0076718;0.017594
6.4367;-0.34154;-0.361;-0.27832;-0.63624;0.31622;0.15508;-0.073207;-0.019431;-0.13438;-0.081008;-0.019909;0.0074933
6.4017;-0.36866;-0.29996;-0.32057;-0.66154;0.25955;0.13946;-0.037962;0.021712;-0.1396;-0.063712;-0.037386;-0.024314
6.3267;-0.37457;-0.24035;-0.35871;-0.71008;0.20532;0.12076;0.017086;0.049203;-0.15179;-0.043376;-0.031463;-0.053047
6.2081;-0.31489;-0.14364;-0.3722;-0.73414;0.20648;-0.0055111;0.02912;0.075382;-0.14766;-0.058659;-0.0054832;-0.04279
6.109;-0.29038;0.0057875;-0.39281;-0.71193;0.19565;-0.12489;0.03621;0.12454;-0.15753;-0.025513;-0.017453;-0.085402
6.0573;-0.27048;0.049332;-0.38174;-0.76241;0.13636;-0.14854;0.066728;0.15425;-0.15375;-0.014975;-0.038943;-0.077463
6.0093;-0.2505;0.065035;-0.37692;-0.75442;0.15763;-0.17225;0.046609;0.1586;-0.15417;-0.010964;-0.058285;-0.089917
5.9312;-0.21592;0.085043;-0.36722;-0.75628;0.17187;-0.17902;0.062109;0.14913;-0.18958;0.010435;-0.023584;-0.096621
5.8868;-0.16911;0.076595;-0.31401;-0.75863;0.17506;-0.14339;0.0084836;0.14781;-0.17152;-0.028393;-0.020515;-0.040434
5.7734;-0.070052;0.031483;-0.29648;-0.73763;0.10896;-0.091298;-0.0077786;0.10009;-0.098165;-0.04162;-0.078031;0.012069
5.5958;0.074711;-0.027067;-0.3633;-0.58887;-0.037184;-0.055259;0.070092;0.0071137;-0.089748;0.015242;-0.1318;0.013545
5.4568;0.17064;-0.083153;-0.32299;-0.57363;-0.085282;-0.043717;0.15165;-0.075486;-0.10736;0.07805;-0.15945;-0.019874
5.4313;0.19204;-0.12404;-0.30667;-0.54466;-0.11662;-0.07558;0.26852;-0.17986;-0.082826;0.12439;-0.19554;0.0085465
5.3064;0.30966;-0.2173;-0.32612;-0.37555;-0.24639;-0.052798;0.26;-0.16462;-0.14022;0.13449;-0.15838;-0.026457
5.2387;0.38678;-0.31656;-0.31505;-0.35694;-0.26647;-0.011958;0.1965;-0.11593;-0.15361;0.092623;-0.10656;-0.079783
5.1523;0.41739;-0.27487;-0.35971;-0.31278;-0.21009;-0.08703;0.14458;0.079346;-0.27813;0.031402;-0.015052;-0.08914
5.0945;0.37265;-0.18449;-0.32475;-0.33579;-0.14094;-0.16463;0.22471;0.041363;-0.25391;0.018613;-0.025586;-0.044561
4.8037;0.3789;-0.073072;-0.23817;-0.28265;-0.19404;-0.11977;0.15141;0.082656;-0.18065;-0.11633;0.034828;-0.018782
4.4407;0.27537;0.039313;0.033845;-0.039107;-0.24697;-0.2916;0.074028;-0.072253;-0.22593;-0.098344;0.086188;0.1299
4.5805;0.13139;-0.30068;0.14087;0.15871;-0.35404;-0.28671;0.16581;-0.043411;-0.30363;-0.13115;0.070531;0.20375
4.4609;0.027373;-0.40428;0.13896;0.24118;-0.36041;-0.30651;0.19846;-0.052311;-0.20814;-0.19242;-0.048335;0.16773
4.4183;-0.069429;-0.493;0.15862;0.29931;-0.33354;-0.33831;0.17466;-0.085029;-0.17911;-0.18676;-0.046673;0.17191
4.3241;-0.0901;-0.64452;0.14028;0.26343;-0.30451;-0.27572;0.1106;-0.0034507;-0.23842;-0.16701;-0.02545;0.1549
4.1769;-0.11768;-0.57054;-0.083487;0.21883;-0.25863;-0.18581;0.25873;-0.072308;-0.2652;-0.19622;-0.011621;0.20851
3.9652;-0.13417;-0.4843;-0.1323;0.16407;-0.16726;-0.24395;0.0096396;-0.034596;-0.11337;-0.14632;0.051607;0.042834
3.6976;-0.29317;-0.53476;-0.19164;0.065717;-0.19851;-0.099931;-0.026928;0.00049755;-0.11453;-0.14572;0.00063439;0.067034
3.6627;-0.32443;-0.58598;-0.23648;-0.028206;-0.24912;-0.30371;-0.19429;-0.077561;-0.10654;-0.091254;0.017948;0.045005
3.5448;-0.33677;-0.51413;-0.18841;-0.047298;-0.11668;-0.20345;-0.19959;-0.065494;0.10941;-0.058967;-0.049242;0.038893
3.4686;-0.40001;-0.36157;-0.18839;-0.11109;-0.19343;-0.23867;-0.14462;0.063283;0.16855;0.016176;0.021624;0.055621
3.393;-0.42247;-0.3466;-0.15673;-0.1991;-0.14514;-0.18045;-0.24952;-0.041272;0.04308;-0.040759;-0.017329;0.060052
3.3283;-0.38124;-0.39467;-0.26272;-0.21469;-0.080145;-0.083731;-0.14634;0.022297;0.038266;-0.132;0.0066314;0.0026262
3.4147;-0.39076;-0.23822;-0.36835;-0.2524;-0.11229;0.070668;0.024201;0.057524;0.0082793;-0.1493;-0.069331;-0.075663
3.4917;-0.36834;-0.31112;-0.32144;-0.19446;0.01166;-0.070942;0.066588;0.03892;0.014619;-0.030748;-0.18461;-0.078872
3.411;-0.46014;-0.33748;-0.3182;-0.20874;0.015885;-0.13077;-0.1739;-0.044209;0.020777;0.0081919;-0.053326;-0.0049206
3.3681;-0.39492;-0.35142;-0.18052;-0.11704;-0.20192;-0.23835;-0.32842;-0.15087;0.034545;-0.044272;-0.013923;0.076099
3.4042;-0.45219;-0.32739;-0.15644;-0.11694;-0.19016;-0.36548;-0.39355;-0.064384;0.088883;-0.044969;0.0046763;0.12989
3.3898;-0.51094;-0.39119;-0.23414;-0.1981;-0.076082;-0.16365;-0.26722;-0.0045479;-0.084778;-0.21285;0.032831;0.11044
3.3396;-0.53713;-0.28848;-0.30649;-0.1077;-0.15686;-0.054533;-0.16793;-0.055587;-0.040903;-0.16914;-0.010875;0.063481
3.3498;-0.49108;-0.28998;-0.1592;-0.18121;-0.27463;-0.12825;-0.10853;-0.09758;0.10002;0.0057007;-0.0044584;0.092149
3.343;-0.388;-0.3506;-0.23678;-0.27924;-0.22902;-0.076959;-0.007121;-0.021662;-0.026992;0.079325;0.005187;0.024021
3.4207;-0.40268;-0.33354;-0.28782;-0.40045;-0.17362;-0.073759;-0.11414;0.045818;0.0041243;-0.078279;-0.034057;0.067344
3.395;-0.43778;-0.20906;-0.14459;-0.14174;-0.2719;-0.31135;-0.13775;-0.086076;-0.11472;-0.13342;0.05854;0.11262
3.3378;-0.49233;-0.25921;-0.28898;-0.22366;-0.28335;-0.24096;-0.1019;-0.02954;0.007588;-0.1051;0.081116;0.082445
3.3924;-0.43354;-0.27901;-0.3229;-0.1075;-0.14265;-0.10855;0.059584;-0.12499;-0.067139;0.030421;-0.049863;-0.027161
3.3738;-0.46625;-0.28607;-0.37175;-0.3656;-0.27662;-0.22732;-0.091858;0.020661;-0.0028445;-0.045046;-0.072501;0.016722
3.3401;-0.45189;-0.22577;-0.36277;-0.1746;-0.039751;-0.28879;-0.15798;-0.01751;0.088342;0.026074;-0.017043;0.062756
3.3372;-0.44646;-0.21656;-0.21739;-0.32255;-0.16374;-0.1461;-0.18367;-0.099174;0.072271;0.031196;-0.051832;0.1315
3.3391;-0.41761;-0.25833;-0.25115;-0.22265;-0.17004;-0.25597;-0.19939;-0.029779;0.0043413;-0.10779;-0.11672;0.033171
3.3658;-0.49344;-0.30211;-0.27263;-0.096191;-0.1846;-0.29285;-0.14636;-0.062094;0.016113;-0.02819;-0.066102;-0.0057427
3.3264;-0.48969;-0.24944;-0.33948;-0.10966;-0.14703;-0.16865;-0.011778;0.044372;0.18075;-0.096372;-0.11481;-0.074739
3.3508;-0.52935;-0.20454;-0.43901;-0.3756;-0.20551;-0.2056;-0.11241;-0.093489;0.0040287;-0.14009;0.0019798;0.003221
3.2874;-0.49805;-0.25544;-0.33309;-0.31922;-0.16464;-0.086498;0.06531;-0.018967;-0.05461;-0.10151;-0.040053;-0.056812
3.3112;-0.43935;-0.35294;-0.29896;-0.24306;-0.17631;-0.20111;-0.074527;-0.098124;-0.061646;0.062477;-0.034343;-0.028658
3.2829;-0.45575;-0.28108;-0.24262;-0.16678;-0.11685;-0.021113;-0.098271;-0.11675;0.059711;-0.035997;-0.064515;0.045091
3.2719;-0.41675;-0.24283;-0.24947;-0.1976;-0.26481;-0.21002;-0.11485;0.028034;0.038765;-0.038244;-0.025296;0.00075346
3.2704;-0.34321;-0.13257;-0.1693;-0.21221;-0.36425;-0.039811;-0.040596;-0.15134;-0.051467;0.0078531;-0.058942;-0.070501
3.2654;-0.42217;-0.21813;-0.027409;-0.10225;-0.31123;-0.15955;-0.17041;-0.11275;-0.0409;-0.0099248;-0.024187;-0.061723
3.3429;-0.43674;-0.26632;-0.10114;-0.25634;-0.19075;-0.12276;-0.19157;0.10374;0.11255;-0.0049936;0.03662;0.028426
3.1742;-0.5113;-0.36416;-0.13141;-0.10536;-0.15958;-0.15163;-0.20049;-0.15291;-0.031576;-0.096958;-0.019786;0.09399
3.3174;-0.47125;-0.4197;-0.37214;-0.13649;-0.082751;-0.074493;-0.16407;-0.17481;-0.0056572;-0.053942;-0.01057;0.1116
3.3597;-0.35843;-0.23169;-0.26392;-0.25133;-0.17302;-0.1133;-0.17866;-0.12928;0.00088463;0.049643;0.018111;0.067713
3.3349;-0.33617;-0.2408;-0.33304;-0.34855;-0.070506;-0.11867;-0.16261;0.025976;0.050206;0.2023;0.084402;0.0088501
3.3537;-0.38656;-0.32615;-0.34783;-0.4399;-0.26056;-0.20358;-0.016162;0.1885;0.045279;0.11101;0.039358;-0.016668
3.1444;-0.46826;-0.2974;-0.27559;-0.41365;-0.07481;0.012378;-0.083904;0.11552;0.1445;-0.049134;-0.05159;-0.0037712
3.2449;-0.40299;-0.2334;-0.21906;-0.282;-0.24561;-0.085414;-0.096942;0.097231;0.10952;-0.11998;-0.072401;-0.041794
3.3669;-0.27774;-0.1979;-0.25917;-0.15891;-0.20975;0.027074;-0.02315;-0.070494;0.054094;-0.009753;-0.073844;-0.1006
3.2393;-0.36619;-0.25605;-0.24021;-0.23304;-0.1937;-0.10425;-0.066281;0.029189;0.052968;-0.014308;-0.018958;-0.0072997
3.2708;-0.39351;-0.28296;-0.25948;-0.17827;-0.21419;-0.023765;-0.085487;-0.15004;0.0030835;0.038892;0.070469;0.0050503
3.2401;-0.48387;-0.42021;-0.29927;-0.088799;-0.18102;-0.080095;0.0038895;0.053694;0.027172;-0.053138;-0.058059;-0.025432
3.3172;-0.41883;-0.34768;-0.22344;-0.051322;-0.19503;-0.15858;-0.054394;-0.069747;-0.051524;-0.032988;-0.012369;-0.0049458
3.2772;-0.48273;-0.32003;-0.2859;-0.31048;-0.44747;-0.037943;-0.0070693;-0.12114;0.088362;-0.0019111;-0.0012548;0.058478
3.2614;-0.3795;-0.16978;-0.19608;-0.27302;-0.32489;0.047237;-0.097315;-0.2179;-0.062408;-0.0021619;-0.034249;-0.034827
3.1932;-0.39728;-0.2795;-0.26848;-0.15219;0.013094;0.012188;-0.068396;-0.15828;-0.0073953;-0.001035;0.067304;0.07646
3.2669;-0.306;-0.20051;-0.30465;-0.17104;-0.2067;-0.087928;-0.11931;-0.064892;0.11234;-0.024366;0.025696;0.04899
3.2514;-0.34651;-0.1166;-0.23336;-0.20812;-0.075076;0.0084449;-0.11067;-0.095354;0.079829;-0.027205;0.02062;-0.012063
3.3974;-0.2929;-0.1084;-0.31065;-0.10286;-0.33036;-0.05486;-0.089412;-0.058291;0.19355;-0.10383;-0.049113;-0.0039648
3.3106;-0.44179;-0.21527;-0.34774;-0.12609;-0.33742;-0.10221;0.081117;-0.012185;0.097359;0.00089312;0.011767;-0.089038
3.279;-0.45559;-0.16035;-0.11612;-0.031645;-0.089408;-0.0098714;0.054297;-0.046663;-0.061547;-0.071095;-0.03917;-0.062063
