1.7488;-0.54235;-0.23455;-0.26699;-0.17719;-0.15809;-0.10623;-0.077486;-0.056715;-0.031922;-0.005484;0.020866;0.013269
1.7709;-0.5334;-0.22061;-0.25658;-0.16359;-0.14618;-0.10111;-0.07383;-0.038783;-0.014038;-0.012054;0.014488;0.014488
2.418;-0.37511;-0.19532;-0.19245;-0.29616;-0.12912;-0.069656;-0.12427;0.038103;-0.078922;-0.052812;0.076745;-0.025816
1.8484;-0.50452;-0.19333;-0.24611;-0.21639;-0.15702;-0.10684;-0.073182;-0.014093;-0.032429;-0.018141;0.016123;-0.0068012
1.7451;-0.54843;-0.24004;-0.27871;-0.18319;-0.15193;-0.10373;-0.073268;-0.047275;-0.027773;-0.01256;0.018293;0.020948
1.752;-0.55354;-0.24258;-0.28097;-0.19027;-0.16364;-0.097402;-0.070673;-0.04815;-0.025764;-0.013976;0.009996;0.022871
1.7514;-0.54686;-0.2456;-0.28986;-0.18493;-0.16189;-0.10984;-0.07991;-0.048263;-0.018969;-0.002985;0.025637;0.01558
1.7431;-0.54663;-0.23664;-0.27021;-0.17771;-0.15627;-0.10487;-0.076636;-0.051243;-0.020818;-0.010204;0.016208;0.020354
1.7524;-0.54404;-0.25063;-0.27633;-0.18573;-0.16135;-0.10578;-0.087988;-0.054523;-0.021594;-0.019419;0.01075;0.023461
1.7409;-0.54894;-0.23917;-0.27267;-0.18331;-0.15629;-0.10744;-0.07874;-0.046285;-0.019366;-0.0044277;0.014359;0.01589
1.7394;-0.5494;-0.24631;-0.28138;-0.19202;-0.15914;-0.10136;-0.073709;-0.044703;-0.021006;-0.012057;0.014081;0.01835
1.7411;-0.54922;-0.24189;-0.27806;-0.1855;-0.16107;-0.10381;-0.079236;-0.053349;-0.019502;-0.0034257;0.016584;0.015769
1.7464;-0.54481;-0.24267;-0.26577;-0.17846;-0.15921;-0.11326;-0.082932;-0.04767;-0.025783;-0.0045046;0.015195;0.014838
1.7509;-0.54396;-0.24314;-0.28484;-0.19036;-0.16365;-0.096274;-0.061895;-0.035934;-0.015425;-0.015656;0.010817;0.015111
1.7545;-0.54144;-0.24208;-0.28811;-0.18991;-0.15847;-0.12069;-0.088091;-0.051966;-0.016176;0.010493;0.031984;0.022222
1.7525;-0.55457;-0.24506;-0.27182;-0.18473;-0.1679;-0.10325;-0.073538;-0.058408;-0.020659;0.00085461;0.020747;0.017837
1.7489;-0.54449;-0.23964;-0.27454;-0.18279;-0.16362;-0.10769;-0.078107;-0.048773;-0.015036;0.001202;0.021294;0.016887
1.7656;-0.53682;-0.23527;-0.28384;-0.181;-0.15347;-0.11124;-0.089037;-0.072057;-0.032949;-0.0048702;0.019494;0.022248
1.7742;-0.53826;-0.24469;-0.28742;-0.17966;-0.14603;-0.10615;-0.096355;-0.058347;-0.014157;0.0087543;0.038144;0.020237
1.8231;-0.50028;-0.22103;-0.27909;-0.19623;-0.1679;-0.12867;-0.092572;-0.053079;-0.028073;0.015667;0.065326;0.042902
1.8432;-0.48766;-0.18345;-0.2194;-0.11227;-0.11666;-0.10389;-0.076629;-0.039528;-0.04306;-0.0087042;0.018488;-0.0061415
1.8492;-0.49275;-0.19736;-0.23919;-0.18523;-0.20339;-0.13944;-0.11037;-0.080045;-0.029563;0.026414;0.059438;0.028528
1.9192;-0.444;-0.18342;-0.25086;-0.20042;-0.20346;-0.15742;-0.14833;-0.11253;-0.069397;-0.017197;0.068417;0.061904
1.9771;-0.46054;-0.26302;-0.29524;-0.2001;-0.15333;-0.10032;-0.07584;-0.12008;-0.058106;0.092318;0.090644;0.010991
2.0066;-0.39695;-0.15502;-0.23748;-0.23577;-0.19167;-0.109;-0.11199;-0.018373;0.051959;0.02755;0.079339;0.05223
2.0514;-0.39386;-0.17099;-0.26138;-0.20915;-0.16975;-0.045012;-0.059107;-0.0746;-0.050888;-0.046799;0.0020079;-0.0019208
2.1412;-0.35595;-0.20583;-0.24056;-0.21297;-0.31047;-0.21906;-0.07741;-0.096507;-0.10942;-0.012419;0.070891;0.013056
2.0992;-0.45343;-0.268;-0.2691;-0.2178;-0.22063;-0.083919;0.0083273;-0.066705;-0.059703;-0.01373;-0.012966;-0.040099
2.2299;-0.41443;-0.30275;-0.30427;-0.16657;-0.19119;-0.010209;0.11286;-0.0013842;-0.021108;-0.0086867;0.001324;-0.068449
2.234;-0.39932;-0.23546;-0.20491;-0.2557;-0.17087;-0.054111;-0.12148;-0.1097;0.017558;0.022234;0.035989;0.047786
2.3105;-0.36738;-0.29295;-0.30328;-0.33551;-0.26671;-0.16081;-0.29184;-0.29971;-0.048372;0.079909;0.085454;0.085052
2.4701;-0.34293;-0.24649;-0.099345;-0.15346;-0.25703;-0.15628;-0.016098;-0.14064;-0.057184;0.033291;0.015834;0.051181
2.4473;-0.41427;-0.2875;-0.19412;-0.046392;-0.0959;-0.18146;-0.21126;-0.11974;0.048278;0.0060661;0.060534;0.049723
2.5275;-0.41557;-0.30418;-0.21195;-0.19891;-0.20388;-0.0042713;-0.17014;-0.16822;0.028814;0.012127;-0.036761;0.01515
2.5004;-0.43095;-0.35849;-0.29906;-0.16946;-0.10623;-0.15948;-0.31804;-0.15259;0.032234;0.068124;0.11349;0.038915
2.7195;-0.39929;-0.38938;-0.32454;-0.20805;-0.05728;0.019591;-0.10143;-0.058595;0.028092;-0.010497;0.011047;-0.058495
2.7406;-0.36364;-0.34239;-0.20041;-0.22364;-0.13858;-0.061184;-0.087207;0.0050825;0.085063;-0.044337;-0.045274;0.09534
2.8327;-0.36942;-0.18775;-0.052919;-0.29554;-0.20528;-0.036417;-0.014639;-0.011281;0.016001;-0.03223;-0.04713;0.027227
2.8893;-0.40621;-0.37435;-0.22908;-0.37672;-0.15141;0.020156;0.0095244;0.052106;0.062736;0.035022;0.042509;0.093208
2.9069;-0.43999;-0.40078;-0.25348;-0.36593;-0.2568;-0.11996;-0.049643;-0.046279;0.046416;0.037499;-0.024905;0.069037
2.9475;-0.47469;-0.3625;-0.30229;-0.27132;-0.1974;0.065599;-0.054502;-0.25951;-0.039623;-0.024696;0.04715;0.029055
3.0249;-0.46373;-0.38163;-0.20486;-0.088374;-0.077288;-0.0944;-0.25723;-0.14481;-0.0097139;0.10498;0.12381;-0.005909
3.0491;-0.44497;-0.38446;-0.32406;-0.23134;-0.043592;-0.092786;-0.0087886;-0.10947;-0.059033;0.11098;0.050051;0.018399
3.1161;-0.38459;-0.34621;-0.29409;-0.27457;-0.23269;-0.054296;-0.025474;-0.059389;-0.048908;0.052789;-0.041806;-0.014581
3.2144;-0.27467;-0.18217;-0.26605;-0.26443;-0.15852;-0.1392;-0.25921;-0.025736;0.04686;-0.096206;0.016305;0.02985
3.2367;-0.26345;-0.26358;-0.20717;-0.13153;-0.19573;-0.081236;-0.053122;-0.098942;0.059108;0.15075;0.078275;0.03361
3.2714;-0.30635;-0.20499;-0.2256;-0.15119;-0.2029;-0.23603;-0.12737;-0.066422;-0.022894;0.051404;0.018365;-0.045186
3.3458;-0.30421;-0.19897;-0.28861;-0.18157;-0.10822;-0.11032;-0.19627;-0.14637;-0.073382;0.12151;0.11318;-0.047327
3.3229;-0.32941;-0.30939;-0.27383;-0.22174;-0.23422;-0.23918;-0.38412;-0.20592;0.045542;0.043475;0.022569;0.10875
3.2913;-0.32625;-0.33133;-0.35366;-0.19985;-0.18114;-0.11835;-0.11971;0.028318;0.091841;0.089108;0.013814;-0.034367
3.3498;-0.38429;-0.3284;-0.30045;-0.24295;-0.086846;-0.066677;-0.16689;-0.15254;-0.039419;0.14307;0.038596;0.019541
3.4335;-0.29024;-0.19806;-0.23682;-0.036917;-0.046236;-0.059835;-0.10732;-0.28948;-0.14703;0.12293;0.088614;0.024223
3.4891;-0.39244;-0.29469;-0.2303;-0.058396;0.096449;-0.077555;-0.2167;-0.25757;-0.12116;-0.064767;0.07729;0.11663
3.4371;-0.37581;-0.18444;-0.13556;-0.077383;0.023118;-0.092032;-0.29574;-0.17123;-0.083491;0.06689;0.11358;0.00293
3.4747;-0.31171;-0.16521;-0.21548;-0.23483;-0.056763;-0.04065;-0.28398;-0.14185;-0.032861;0.086945;0.17382;0.022288
3.3968;-0.37099;-0.23855;-0.23642;-0.016974;-0.075678;-0.066008;-0.078606;-0.10408;-0.063596;0.070879;0.10403;-0.015963
3.3734;-0.31206;-0.16034;-0.20308;-0.16727;0.0051689;-0.18066;-0.11812;-0.07447;-0.10517;0.070252;0.13688;0.0052746
3.3494;-0.30156;-0.15366;-0.11581;-0.020191;-0.06758;-0.095525;-0.11514;-0.0066812;0.045969;0.048653;0.12728;-0.016677
3.2121;-0.28117;-0.23619;-0.19815;-0.091908;-0.081802;-0.14382;-0.11027;-0.11999;-0.029104;0.057729;0.048481;0.054841
3.1243;-0.28169;-0.16241;-0.050414;-0.072842;-0.10919;-0.048187;-0.17639;-0.24009;-0.13704;0.036486;0.17877;0.037146
3.1287;-0.30525;-0.1716;-0.15933;-0.15592;-0.16839;-0.11819;-0.26033;-0.20281;0.014055;-0.010009;0.031935;0.060129
3.3536;-0.31494;-0.2671;-0.27574;-0.11638;-0.025039;0.054186;-0.13707;-0.22384;0.090811;-0.039619;-0.0030671;0.10981
3.4776;-0.29507;-0.22798;-0.23984;-0.17355;-0.13806;-0.068712;-0.19209;-0.3353;-0.039811;0.021368;0.063951;0.12825
3.5212;-0.28565;-0.1631;-0.096765;-0.089592;-0.17138;-0.12976;-0.096906;-0.26479;0.053943;0.063931;0.066583;0.095909
3.3665;-0.24272;-0.16029;-0.16746;-0.13155;-0.12488;-0.16137;-0.17242;-0.20531;0.0013154;-0.053123;0.0010994;0.13304
3.2754;-0.30007;-0.21722;-0.19866;-0.19829;-0.13595;-0.17979;-0.11276;-0.18964;-0.094728;0.082369;0.071874;0.074462
3.0646;-0.30868;-0.18452;-0.16286;-0.22659;-0.26599;-0.072633;-0.12047;-0.26841;-0.038311;0.097702;0.083914;0.038232
3.1247;-0.27166;-0.22496;-0.068548;-0.15042;-0.25344;-0.13153;-0.018203;-0.06346;-0.010537;-0.066357;-0.044935;0.031408
3.1093;-0.29903;-0.17883;-0.081723;-0.20496;-0.14145;-0.070753;-0.1035;-0.15379;-0.047262;0.01589;-0.08021;-0.0066554
3.3233;-0.31367;-0.17444;-0.16561;-0.16927;0.013225;0.043367;-0.10187;-0.17123;0.058597;0.048157;-0.030584;0.12416
3.2826;-0.35603;-0.16321;-0.19322;-0.20394;-0.027919;0.033191;-0.13655;-0.11248;0.061504;0.041214;-0.040581;0.025299
3.2944;-0.26587;-0.24839;-0.16896;-0.15167;-0.14424;-0.089288;-0.081978;-0.12316;0.067148;0.13747;-0.0045984;-0.0062621
3.2244;-0.40383;-0.33879;-0.25436;-0.08858;-0.059131;-0.12921;-0.15995;-0.21787;0.013738;0.045964;0.040457;0.1021
3.4312;-0.31212;-0.2607;-0.22229;-0.13758;-0.10715;0.0069147;-0.29633;-0.12596;0.073429;0.08126;0.08417;0.014797
3.245;-0.3931;-0.2833;-0.15834;-0.25838;-0.12348;-0.0046459;-0.26319;-0.19217;0.11629;0.12361;0.010926;0.068669
3.2034;-0.30719;-0.2763;-0.052952;-0.26158;-0.18055;-0.12836;-0.29654;-0.065676;-0.0059929;-0.01454;0.06265;0.050122
3.2848;-0.3155;-0.31146;-0.11711;-0.20108;-0.20191;-0.069428;-0.22474;-0.14476;0.10711;0.030794;-0.021976;0.0037675
3.3357;-0.28875;-0.33298;-0.19575;-0.29179;-0.29803;-0.0032695;-0.10056;-0.14587;0.10027;0.054222;0.04909;0.01823
3.2248;-0.3909;-0.31;-0.14781;-0.14287;-0.18803;-0.0079949;-0.12577;-0.15814;0.13101;0.031932;-0.082968;0.066105
3.2723;-0.36289;-0.31406;-0.2439;-0.052684;-0.15051;-0.069977;-0.13069;-0.097861;0.16786;0.091046;0.0067194;0.056033
3.2957;-0.32847;-0.32675;-0.26595;-0.31385;-0.20807;0.051487;-0.022145;-0.04739;0.14639;0.024565;-0.09135;0.066229
3.3416;-0.27259;-0.29982;-0.25918;-0.28653;-0.23181;-0.074354;-0.0030595;0.0019355;0.12198;-0.0027952;-0.072437;0.056552
3.1256;-0.31383;-0.22822;-0.22748;-0.16094;-0.10617;-0.083221;-0.23349;-0.11766;-0.015108;0.051357;0.075853;0.018402
3.2428;-0.36752;-0.39641;-0.45396;-0.13831;-0.036393;-0.22052;-0.1159;-0.15767;0.00019922;0.16691;-0.020648;-0.021671
3.4325;-0.33075;-0.42743;-0.36292;-0.25956;-0.28326;-0.07116;-0.075003;-0.10044;0.15524;0.20619;-0.096525;-0.04564
3.471;-0.35964;-0.33742;-0.20838;-0.20189;-0.15546;-0.12437;-0.137;-0.13469;0.016861;0.019618;-0.18577;0.055918
3.3898;-0.33304;-0.32627;-0.236;-0.092115;-0.079987;-0.12048;-0.067059;-0.28745;-0.018608;0.067143;-0.057128;0.0072464
3.2985;-0.31292;-0.32355;-0.33235;-0.21428;-0.058557;-0.12175;-0.028413;-0.04971;0.03873;0.056606;-0.05314;-0.048059
3.3515;-0.33485;-0.21399;-0.33311;-0.29158;-0.078728;-0.12748;-0.018678;0.01234;0.21987;0.060226;-0.012006;0.064005
3.3141;-0.35676;-0.26493;-0.20398;0.064363;0.074057;-0.2038;-0.072508;-0.083769;-0.016893;-0.030954;0.039808;0.075103
3.4723;-0.33335;-0.28354;-0.19479;0.019919;0.22174;-0.056407;-0.18634;-0.04316;0.099488;-0.043886;0.063334;-0.019788
3.3267;-0.36661;-0.33667;-0.28453;-0.051375;0.084867;-0.17132;-0.23061;-0.15334;0.084922;-0.0080036;0.015397;0.071553
3.1698;-0.38232;-0.26301;-0.33052;-0.083845;-0.0073314;-0.040079;-0.054668;-0.1404;0.10892;-0.075348;-0.072817;0.10523
3.1487;-0.42735;-0.25842;-0.21808;-0.1955;0.043141;-0.15612;-0.1233;-0.15319;0.095755;0.054314;-0.019202;0.068695
3.2222;-0.31505;-0.15402;-0.27092;-0.12261;0.093446;-0.11917;-0.083946;-0.12356;0.0010192;0.017716;-0.017133;0.032379
3.3026;-0.23419;-0.23703;-0.23109;-0.18132;-0.087695;-0.24633;-0.18129;-0.076159;-0.030283;-0.036185;-0.0093207;-0.0007274
3.1594;-0.33591;-0.23714;-0.28991;-0.12526;0.17429;-0.093063;-0.14437;-0.20172;-0.0085541;0.035197;-0.022113;0.11829
3.2073;-0.26741;-0.20944;-0.21308;-0.24788;-0.10297;-0.14878;-0.28134;-0.068771;0.036571;-0.051943;-0.051737;0.094244
3.282;-0.29438;-0.25624;-0.18928;-0.13852;-0.13726;-0.1251;-0.33555;-0.10885;0.15275;-0.03089;-0.078573;0.023712
3.4454;-0.31722;-0.34496;-0.25818;-0.12504;-0.18554;-0.045534;-0.22495;-0.16487;0.037797;-0.13718;-0.048871;-0.033457
3.3716;-0.27836;-0.3677;-0.18043;-0.23043;-0.16691;0.018593;-0.29243;-0.13187;0.043989;-0.017461;-0.018194;-0.015006
3.3282;-0.36463;-0.33858;-0.2059;-0.1083;-0.12482;-0.093844;-0.34134;-0.029175;-0.013456;-0.16184;-0.038666;-0.030312
3.2736;-0.36879;-0.25392;-0.24353;-0.16757;-0.047766;-0.14865;-0.23249;0.075726;0.019766;-0.18076;0.056442;-0.024908
3.2568;-0.33586;-0.13737;-0.23654;-0.2617;-0.15695;-0.11604;-0.048184;-0.025833;-0.032596;-0.082647;0.035524;0.025212
3.2609;-0.35354;-0.20107;-0.27922;-0.30717;-0.00099359;0.053304;-0.23843;-0.13268;-0.12846;-0.21296;0.04147;0.15294
3.198;-0.37889;-0.189;-0.1898;-0.17047;-0.10263;0.012863;-0.13987;-0.03843;-0.022317;-0.13055;-0.053535;0.0096158
3.1928;-0.39303;-0.21318;-0.29091;-0.077342;-0.030728;-0.1217;-0.15839;-0.086984;-0.063307;0.013663;0.063156;-0.014699
3.2545;-0.41788;-0.21927;-0.14495;-0.042918;-0.085065;-0.080825;-0.19895;-0.24069;0.13106;-0.011669;-0.089358;0.034449
3.2618;-0.42609;-0.28424;-0.18338;0.02389;-0.10518;-0.16896;-0.24118;-0.17266;0.18442;0.085254;-0.0041038;0.099784
3.3487;-0.34732;-0.29721;-0.22324;-0.18866;-0.073148;-0.13324;-0.22203;-0.13502;0.042185;-0.021464;0.036204;0.079188
3.3263;-0.36738;-0.22175;-0.099529;-0.20157;-0.12013;-0.039176;-0.18908;-0.11356;0.020647;-0.061572;0.034232;0.017701
3.3944;-0.34635;-0.22981;-0.050917;-0.27256;-0.16011;-0.026128;-0.15784;-0.061;0.051108;-0.055638;0.064272;0.04698
3.2374;-0.35723;-0.22288;-0.08795;-0.11103;-0.10105;-0.093845;-0.086792;-0.12282;-0.10584;-0.082806;0.010212;0.026928
3.3102;-0.39852;-0.15227;-0.11008;-0.21274;0.056225;0.02879;-0.28061;-0.095745;0.11118;0.0087682;0.055985;0.0068952
3.3319;-0.38172;-0.23325;-0.007674;-0.12582;0.11375;0.14146;-0.3119;-0.034357;0.014898;-0.054544;0.03488;-0.028114
3.2143;-0.42049;-0.4386;-0.23316;-0.18343;-0.2627;0.025925;-0.072565;0.087198;0.10379;-0.017132;0.073174;-0.038845
3.3526;-0.27652;-0.28541;-0.29696;0.0020818;-0.06117;0.030659;-0.10387;-0.035751;0.061857;-0.0095439;-0.042672;-0.049954
3.3907;-0.27798;-0.22614;-0.21383;-0.078712;-0.17871;-0.085847;0.016278;-0.043242;-0.087213;-0.0093524;0.041011;-0.081133
3.4234;-0.30107;-0.1826;-0.16246;-0.21929;-0.11893;-0.087909;-0.072524;-0.16686;-0.16432;-0.0043889;0.053787;0.019739
3.4162;-0.31897;-0.21769;-0.066917;-0.10563;-0.041109;-0.068111;-0.2344;-0.23986;-0.17779;0.078009;0.061746;-0.041083
3.3428;-0.33725;-0.11349;-0.095809;-0.0073182;0.074879;-0.22808;-0.27483;-0.19173;-0.064305;0.13599;0.0096175;-0.039365
3.3857;-0.31976;-0.15394;-0.16083;-0.19737;-0.047407;-0.2558;-0.16689;-0.18033;-0.12095;0.13193;0.035431;-0.022856
3.0805;-0.30212;-0.13251;-0.31611;-0.046775;-0.096043;-0.18988;-0.17353;-0.12108;0.04178;-0.066378;0.048336;-0.0082387
3.173;-0.36024;-0.21481;-0.29252;-0.14303;-0.15344;-0.1617;-0.2416;-0.26764;-0.006518;-0.012646;0.041896;0.030664
3.2664;-0.39408;-0.31013;-0.2663;-0.090517;0.037429;-0.10527;-0.32734;0.038799;0.15382;0.055613;0.092385;0.026623
3.3996;-0.36946;-0.2621;-0.23831;-0.1338;-0.11414;-0.16329;-0.26504;0.0043904;0.063563;0.012482;-0.059086;0.02893
3.3515;-0.32244;-0.21752;-0.21339;-0.093847;0.002942;-0.089378;-0.30035;0.0029765;0.044805;0.024755;0.010833;0.0059963
3.4086;-0.34959;-0.26741;-0.17392;-0.15497;0.0046818;-0.062147;-0.23907;-0.082023;0.061731;-0.082528;-0.076271;0.042097
3.3563;-0.31667;-0.1029;-0.070236;-0.26716;-0.14519;-0.22932;-0.28165;-0.045395;0.058264;-0.12406;-0.1108;0.097965
3.3783;-0.27996;-0.22172;-0.21836;-0.0633;-0.011557;-0.061179;-0.3212;-0.16728;0.042362;-0.030822;-0.042886;0.011469
3.4144;-0.27588;-0.10577;-0.1576;-0.20481;-0.075947;-0.15671;-0.3308;-0.14857;-0.020282;0.053352;0.051773;-0.019102
3.4798;-0.29329;-0.32009;-0.25752;-0.013534;-0.11877;-0.13687;-0.14337;-0.32731;-0.059067;0.017546;-0.027032;0.026634
3.4554;-0.32716;-0.3713;-0.22352;-0.0074571;-0.16027;-0.11672;-0.15483;-0.25894;0.10033;0.14146;0.070985;-0.013627
3.5426;-0.3143;-0.25015;-0.0883;-0.035663;-0.039397;-0.15563;-0.17763;-0.085009;-0.082557;0.027686;0.087177;-0.045548
3.4349;-0.39859;-0.48293;-0.28181;-0.14303;-0.055165;-0.011153;-0.032782;-0.20536;-0.17497;0.12607;0.072725;-0.060196
3.4555;-0.4071;-0.39558;-0.31403;-0.2562;-0.11132;0.10421;-0.07519;-0.18419;0.10138;0.00038515;0.026951;0.0021534
3.4649;-0.42768;-0.37962;-0.27824;-0.33941;-0.27197;0.054489;-0.037991;-0.093302;0.019732;0.010102;-0.032704;-0.064856
3.401;-0.42194;-0.31163;-0.35561;-0.33657;-0.21065;-0.07553;-0.18734;-0.2232;-0.052281;0.035294;0.062586;0.050329
3.41;-0.3664;-0.31414;-0.33328;-0.29868;-0.17328;-0.002472;-0.031839;-0.034347;-0.00045502;-0.011782;-0.0042365;-0.021665
3.2732;-0.42255;-0.27965;-0.17458;-0.37908;-0.22221;0.084088;-0.19639;-0.23254;0.22026;0.057091;0.015007;0.0014069
3.1835;-0.36985;-0.26443;-0.33873;-0.39549;-0.22149;0.0033925;-0.092485;-0.17773;0.12818;-0.049386;-0.01664;0.0089714
3.2001;-0.44093;-0.20416;-0.22712;-0.35428;-0.16051;-0.029693;-0.026913;-0.12714;0.09883;-0.051131;0.037187;0.024794
3.0963;-0.41389;-0.12282;-0.13103;-0.2607;0.0013402;-0.035882;-0.13059;-0.13091;0.10647;0.037297;0.053481;-0.020933
3.1343;-0.38001;-0.063833;-0.078832;-0.32344;-0.16666;-0.12153;-0.21611;-0.17302;0.021133;0.0032697;0.086303;-0.0061961
3.4793;-0.33806;0.018012;-0.085937;-0.48192;-0.23572;-0.020369;-0.11369;-0.17764;0.026601;-0.069905;-0.0045154;-0.032972
3.9111;-0.085602;0.14993;0.039912;-0.42365;-0.37741;-0.073142;-0.28021;-0.15778;-0.086945;0.044961;0.029525;-0.04193
4.5368;0.20928;0.27775;-0.24931;-0.47984;-0.33496;-0.075647;-0.20569;-0.21974;-0.079703;-0.029272;0.053255;-0.018859
4.7602;0.13779;0.3308;-0.45324;-0.54177;-0.2311;-0.034972;-0.18006;-0.13607;-0.0030733;-0.028364;-0.0048582;-0.0090572
4.7767;0.055059;0.30768;-0.42895;-0.5509;-0.2509;-0.054061;-0.17062;-0.034595;-0.06257;-0.0051559;0.041895;-0.036023
4.6757;-0.086438;0.26565;-0.45371;-0.56975;-0.14946;-0.028071;-0.19335;0.057745;-0.027549;-0.025665;0.14445;-0.047799
4.7139;-0.0075554;0.27618;-0.36126;-0.45077;-0.25681;-0.044575;-0.24688;-0.1306;-0.036598;0.06931;0.10379;-0.0421
4.7322;-0.025446;0.2874;-0.4262;-0.36713;-0.17299;-0.11528;-0.14899;-0.16426;-0.11051;-0.0399;0.010329;0.047587
4.7397;-0.10118;0.16215;-0.38604;-0.58894;-0.13275;-0.12211;-0.32202;-0.11753;-0.082203;-0.028537;0.13888;0.061179
4.8186;-0.12556;0.19863;-0.27023;-0.55215;-0.096583;-0.17114;-0.17739;-0.076638;-0.12824;-0.046972;0.1238;0.077149
4.8929;-0.15291;0.21032;-0.25234;-0.39727;-0.058434;-0.15828;-0.14502;-0.094705;-0.13447;-0.16448;0.08676;0.12664
5.0768;-0.17735;0.22432;-0.15769;-0.49077;-0.020703;-0.11433;-0.21509;-0.14905;-0.10413;-0.065686;0.020682;0.072211
5.253;-0.13782;0.0093472;-0.15162;-0.53826;-0.029604;-0.095169;-0.34526;-0.22897;-0.14664;-0.021292;0.034076;0.06182
5.4598;-0.061724;-0.1252;-0.20537;-0.50156;0.04129;0.047269;-0.25087;-0.22176;-0.22269;-0.069642;-0.02009;0.054447
5.5947;-0.13562;-0.07571;-0.30056;-0.51803;0.060302;-0.067793;-0.15362;-0.18867;-0.33417;-0.060002;-0.0015601;0.025048
5.5405;-0.10204;-0.024914;-0.27619;-0.48492;-0.019599;-0.19644;-0.27999;-0.12194;-0.25332;-0.017482;0.03202;0.046987
5.3768;-0.18866;-0.030897;-0.1323;-0.47586;-0.19482;-0.08513;-0.21755;-0.090427;-0.057818;-0.053963;-0.040931;-0.022766
5.3646;-0.18626;0.092534;0.0016449;-0.46269;-0.17132;-0.089019;-0.27648;-0.23377;0.030755;0.038939;-0.06662;0.0062218
5.1572;-0.24195;0.11616;-0.10375;-0.49219;-0.2682;-0.032112;-0.20739;-0.17146;-0.11276;0.024214;0.05265;0.041859
5.0023;-0.32789;0.050446;-0.07897;-0.52613;-0.34566;0.03545;-0.33705;-0.08385;0.047042;-0.050847;0.010111;0.023533
5.0441;-0.25897;0.1164;-0.067;-0.48105;-0.46636;-0.17322;-0.147;-0.094445;-0.084696;0.080284;0.035041;-0.054534
5.0881;-0.26508;0.2827;0.0020496;-0.59735;-0.46855;-0.12847;-0.17398;-0.049754;-0.069031;-0.03305;0.067675;0.059232
4.8828;-0.41093;0.20176;-0.037032;-0.58276;-0.31158;-0.061419;-0.17125;0.031961;-0.032581;-0.063392;-0.014841;0.025035
4.9269;-0.32497;0.25765;-7.456e-005;-0.51022;-0.31863;-0.017709;-0.32309;-0.12691;-0.028564;-0.042719;0.0065776;0.01762
4.8778;-0.39935;0.16707;-0.18744;-0.50522;-0.35803;-0.12481;-0.19438;-0.094774;-0.079267;0.012997;0.020052;0.0085893
4.8596;-0.27198;0.25846;-0.083104;-0.40293;-0.33291;-0.11323;-0.17588;-0.097084;-0.22393;0.029553;0.027248;-0.049568
4.7577;-0.25189;0.20641;-0.15862;-0.49025;-0.30204;-0.098616;-0.13109;-0.14285;-0.064665;0.035438;0.017217;0.016422
4.9364;-0.027532;0.35661;-0.19809;-0.48852;-0.30932;-0.095193;-0.19305;-0.21471;-0.081868;0.067061;-0.01353;0.049391
5.0765;-0.070879;0.25994;-0.21551;-0.5129;-0.24573;-0.19526;-0.13258;-0.33344;-0.075171;0.12083;-0.019617;0.080667
4.9939;-0.17699;0.13953;-0.15453;-0.43027;-0.076664;-0.17563;-0.038066;-0.1987;-0.21599;0.20004;0.028429;-0.054892
4.8459;-0.17636;0.14431;-0.23813;-0.4166;-0.13059;-0.20211;0.004222;-0.16599;-0.19462;0.084543;-0.011859;0.023231
4.8946;-0.12082;0.20973;-0.23919;-0.35367;-0.12225;-0.29524;0.017165;-0.32112;-0.12349;0.14223;-0.045316;0.03942
4.747;-0.14946;0.23372;-0.1909;-0.33954;-0.073334;-0.20115;-0.096847;-0.29712;-0.18294;0.12122;-0.037783;-0.021922
4.7803;-0.033209;0.18884;-0.15148;-0.34696;-0.095385;-0.2413;-0.084452;-0.18716;-0.17564;0.13482;-0.056492;-0.015293
4.8639;-0.0058198;0.22621;-0.15359;-0.30776;-0.11842;-0.19929;-0.064954;-0.27893;-0.037148;0.095419;-0.10577;-0.015885
4.7599;0.064742;0.24686;-0.30216;-0.35857;-0.29296;-0.2695;-0.053233;-0.17254;0.084332;0.073084;-0.04444;0.068296
4.654;0.0037346;0.26644;-0.13008;-0.33537;-0.2593;-0.26011;-0.10932;-0.21695;-0.012009;0.045814;-0.061752;0.0080168
4.598;-0.024697;0.35735;-0.19941;-0.30286;-0.26652;-0.14816;0.035038;-0.35007;0.024975;0.11523;-0.075695;0.0080316
4.582;-0.082168;0.32056;-0.16873;-0.27201;-0.35276;-0.1919;0.063185;-0.27765;-0.031254;0.069928;-0.063867;-0.016672
4.3581;-0.097179;0.3864;-0.24563;-0.37978;-0.32245;-0.27289;0.06205;-0.27514;0.0026484;0.083037;-0.092365;0.055422
4.1099;-0.11384;0.27389;-0.28577;-0.16921;-0.28383;-0.1895;0.015447;-0.37341;0.0094503;0.12372;0.048832;0.019284
3.8725;-0.13547;0.15734;-0.31636;-0.4468;-0.37115;-0.1337;-0.12082;-0.30097;0.10026;0.0099475;-0.032261;0.043103
3.6189;-0.24477;0.19291;-0.14594;-0.33155;-0.22154;-0.12552;-0.080927;-0.23564;0.031914;0.053681;-0.034306;0.014414
3.7709;-0.2317;0.17337;-0.061912;-0.26024;-0.22965;-0.23382;-0.14271;-0.17152;0.0051169;0.012684;0.022013;-0.037437
4.0236;-0.24863;0.34375;-0.25956;-0.38449;-0.10446;-0.42166;-0.090454;-0.16797;0.053539;0.042035;-0.019725;0.10851
4.4018;-0.31973;0.37219;-0.2714;-0.38379;-0.054222;-0.42985;-0.019159;-0.2716;0.1005;0.11889;-0.11346;0.12139
4.9274;-0.083131;0.11898;-0.14813;-0.36258;-0.19042;-0.25486;-0.11944;-0.43234;0.037942;0.090384;-0.12816;0.092213
5.3159;-0.036481;-0.088975;-0.11144;-0.33924;-0.18816;-0.12641;-0.071679;-0.4836;-0.049227;0.075986;-0.073118;0.073121
5.4629;-0.064343;-0.34502;-0.15617;-0.31176;-0.092268;0.01191;-0.092785;-0.46828;-0.085728;0.022589;-0.11987;0.0808
5.4918;-0.050827;-0.41519;-0.2666;-0.2938;-0.00097119;0.033543;-0.13244;-0.43998;-0.0024068;-0.045927;-0.14632;0.09538
5.5126;-0.0030994;-0.36264;-0.34622;-0.13663;0.063695;-0.15793;-0.10104;-0.39749;-0.10772;-0.0032636;-0.10274;0.1103
5.4926;-0.14903;-0.36681;-0.35153;-0.16132;0.0047109;-0.044934;-0.015539;-0.26652;-0.14689;-0.029909;-0.18415;0.051573
5.3579;-0.19648;-0.38294;-0.2538;-0.25062;-0.067273;-0.085748;0.0052309;-0.15514;-0.065435;-0.036292;-0.15598;0.11714
5.1546;-0.2715;-0.24014;-0.36875;-0.62162;-0.24292;-0.16137;0.028494;-0.032422;0.062211;0.029084;-0.027164;0.18898
5.0541;-0.10924;-0.16153;-0.24866;-0.40078;-0.25848;-0.038403;-0.046551;-0.23204;-0.067598;-0.023859;-0.11079;0.1002
4.9387;-0.14293;-0.22486;-0.15224;-0.42523;-0.24079;0.14081;-0.063835;-0.21492;0.00015974;-0.074077;-0.20123;0.12695
4.7763;-0.20802;-0.30518;-0.13453;-0.55424;-0.21562;0.33217;-0.041388;-0.2983;-0.0020744;-0.036481;-0.17716;0.12956
4.5856;-0.14312;-0.32557;-0.24957;-0.63681;-0.26875;0.21599;-0.13143;-0.2368;0.024392;-0.05238;-0.20244;0.13599
4.4577;-0.10482;-0.18152;-0.14976;-0.54464;-0.28021;0.098876;-0.25966;-0.26591;-0.0038585;-0.052084;-0.15254;0.16315
4.3716;-0.032039;-0.22372;-0.14344;-0.44755;-0.25395;0.039281;-0.13021;-0.087772;0.049789;-0.0039773;-0.079482;0.05849
4.3229;-0.10023;-0.2868;-0.33576;-0.38395;-0.15471;-0.023947;-0.22136;0.011454;0.062843;-0.0097874;-0.04412;0.12296
4.2844;-0.045306;-0.2609;-0.40303;-0.43029;-0.11988;-0.04575;-0.094168;0.044564;0.019975;0.065893;-0.070273;0.080543
4.5548;-0.031984;-0.2274;-0.30407;-0.47267;0.058337;-0.20498;-0.005535;-0.12064;-0.057628;0.013804;-0.09936;0.1188
4.5989;-0.060684;-0.076582;-0.29868;-0.36359;0.002889;-0.35546;0.0029886;-0.066849;-0.10489;0.0044131;-0.096312;0.11374
4.5929;-0.15612;-0.06959;-0.38918;-0.40287;0.084954;-0.30899;0.14142;0.066189;-0.11952;0.016952;-0.1633;0.022086
4.5857;-0.048045;0.072884;-0.39094;-0.33359;0.016527;-0.37265;-0.026312;-0.024708;-0.21597;0.0026851;-0.054092;0.10866
4.6845;0.06165;0.26509;-0.43065;-0.47948;-0.20937;-0.33592;-0.10856;-0.040398;-0.075599;0.12714;-0.0034973;0.046192
4.6681;0.10674;0.25452;-0.52327;-0.49409;-0.18227;-0.40598;-0.026079;0.01338;-0.22332;0.15311;-0.0023692;-0.01764
4.3772;0.038704;0.093764;-0.66124;-0.57609;-0.47477;-0.25142;-0.20549;-0.053454;-0.066918;0.10034;0.094028;-0.023424
4.2449;-0.035071;0.13406;-0.35338;-0.34507;-0.23654;-0.17652;-0.052521;-0.076396;-0.0061609;0.0050408;-0.038326;0.038935
4.2929;0.097842;0.021385;-0.38573;-0.50268;-0.32528;-0.36663;-0.15775;-0.077199;-0.098225;0.11437;0.0049192;0.047206
4.1233;0.039287;-0.11156;-0.25999;-0.44759;-0.1799;-0.077245;-0.23226;-0.18042;-0.052928;0.04917;0.02139;0.075256
4.1283;0.14877;-0.12821;-0.17251;-0.36348;-0.32855;-0.24559;-0.20118;0.012798;0.0099498;-0.073386;0.086014;0.082245
4.0452;-0.012186;-0.23453;-0.42593;-0.38249;-0.060073;-0.33881;-0.22591;-0.021565;0.021634;0.11516;0.039161;0.084674
4.0794;0.065949;-0.20883;-0.40964;-0.33556;-0.1132;-0.27707;-0.19927;-0.046118;-0.01717;0.11358;-0.027371;0.104
4.1199;0.11092;-0.036504;-0.3563;-0.33542;-0.25781;-0.22042;-0.31281;-0.079328;-0.081895;0.058916;0.00045665;0.034853
4.162;0.14941;0.052825;-0.31999;-0.31973;-0.24042;-0.27568;-0.36401;-0.059907;-0.072016;0.027149;0.055296;0.027025
4.2823;0.03171;0.061427;-0.27815;-0.35627;0.009014;-0.27312;-0.1058;-0.010834;-0.12346;-0.14149;-0.058453;0.075294
4.4041;0.046829;0.1061;-0.24073;-0.27754;0.095045;-0.29312;-0.045231;-0.036212;-0.2047;-0.011848;-0.0063685;-0.033382
4.6278;0.054393;0.16168;-0.29986;-0.38771;0.10876;-0.44905;-0.027587;-0.1518;-0.12636;0.19238;0.042672;0.028525
4.5501;0.063785;0.16714;-0.30267;-0.35933;0.068677;-0.4286;-0.0067779;-0.11207;-0.083061;0.11395;-0.010471;0.087043
4.4695;0.025557;0.080368;-0.37532;-0.48451;-0.015348;-0.50565;0.013417;-0.099289;-0.083613;0.15258;-0.0653;0.047472
4.3517;0.030037;0.049645;-0.24445;-0.35902;0.022839;-0.43175;-0.034743;-0.087564;-0.0583;0.097814;0.011627;0.067707
4.4225;0.051447;0.08327;-0.22229;-0.49761;-0.027716;-0.3992;0.0702;-0.011055;-0.037787;0.052525;-0.044522;0.061937
4.223;-0.054632;-0.07925;-0.232;-0.33094;0.070673;-0.3568;0.010046;-0.073057;-0.12989;0.033614;-0.0047611;0.12475
4.3864;0.062184;0.012169;-0.21397;-0.2393;0.081382;-0.58128;-0.048786;-0.012685;-0.062551;0.081867;-0.1363;0.022314
4.4425;-0.015681;-0.5015;-0.53095;-0.26079;0.081971;-0.49845;-0.08912;-0.088495;0.029177;0.21094;-0.03108;0.098914
4.4784;0.10028;-0.29718;-0.41719;-0.22917;0.1031;-0.60284;-0.086139;-0.045203;0.037382;0.20614;-0.055665;0.081996
4.1585;0.15618;-0.2358;-0.31854;-0.19586;0.11481;-0.29199;-0.2093;-0.13868;-0.07984;-0.006972;-0.010704;0.05175
4.3782;0.31662;-0.21483;-0.27076;-0.13474;0.07594;-0.30308;-0.16415;-0.12174;-0.10648;0.09753;-0.0095835;0.013634
4.4279;0.21031;-0.33848;-0.26623;0.025442;0.21418;-0.48241;-0.14459;-0.10023;-0.055726;0.099376;-0.053127;0.059224
4.4806;0.19513;-0.37075;-0.22104;0.00037372;0.18032;-0.56344;-0.13222;-0.011592;-0.0025499;0.052699;-0.13968;0.034707
4.5102;0.21378;-0.51493;-0.3474;0.015837;0.14315;-0.39881;-0.17668;-0.035499;-0.041783;0.041602;-0.092394;0.027667
4.7328;0.11815;-0.45162;-0.34562;-0.048872;0.27807;-0.39564;-0.23807;-0.053272;-0.17265;0.023988;-0.053766;0.0405
4.9804;0.11803;-0.21823;-0.36248;-0.019042;0.26819;-0.3063;-0.3754;-0.030933;-0.25789;-0.071852;0.054368;0.033472
5.0763;0.039444;-0.15632;-0.39474;-0.13746;0.35618;-0.12079;-0.34064;0.002555;-0.28931;-0.18156;0.067738;0.03077
5.2201;0.047438;-0.14238;-0.35154;-0.2864;0.37169;0.0041914;-0.32979;-0.07921;-0.30678;-0.16397;0.077223;0.044914
5.1688;0.038353;-0.17016;-0.37791;-0.32317;0.2641;0.025319;-0.25256;-0.13925;-0.36583;-0.11741;0.071754;0.033166
4.77;-0.092425;-0.2284;-0.4395;-0.35795;0.21146;0.025243;-0.19382;-0.15127;-0.30502;-0.10374;0.058559;0.058112
4.3775;-0.070369;-0.25331;-0.34424;-0.25763;0.09411;0.018515;-0.15719;-0.12716;-0.19931;-0.11662;0.041484;0.04156
4.348;-0.11093;-0.18322;-0.054881;-0.33904;0.14124;-0.26912;-0.2927;-0.10584;-0.18847;0.057761;0.069992;-0.026381
4.2027;-0.077344;-0.10311;-0.15315;-0.38784;0.23905;-0.25834;-0.26477;-0.012731;-0.23269;0.049316;0.16604;0.020886
4.0588;-0.045389;0.07255;-0.1565;-0.39917;0.1106;-0.30959;-0.33174;0.050171;-0.065344;0.026667;0.068331;0.0031776
3.7051;0.012716;0.0065602;-0.27514;-0.41895;-0.059222;-0.25579;-0.30923;0.018499;-0.017097;-0.092739;-0.00069807;0.063424
3.7159;0.040898;0.043415;-0.23971;-0.40148;-0.22327;-0.21441;-0.26551;-0.16724;0.030437;0.050425;0.072898;0.0223
3.8532;0.1176;0.062465;-0.046421;-0.44822;-0.12595;-0.27234;-0.23053;0.029854;-0.099909;0.076698;0.04168;0.011801
4.003;0.10654;-0.021923;-0.16092;-0.61063;-0.12365;-0.33167;-0.26198;0.015114;-0.091445;0.025468;0.052811;0.074058
4.0636;0.23389;-0.072569;-0.26683;-0.4335;-0.018636;-0.25071;-0.20993;-0.018583;-0.043153;0.16006;0.077776;0.011941
4.0099;0.2284;-0.00016823;-0.19657;-0.56264;-0.21733;-0.28112;-0.17285;-0.033493;-0.017247;0.1133;0.016417;0.047547
3.9103;0.22681;-0.054519;-0.1663;-0.40077;-0.12011;-0.14066;-0.24521;-0.048714;0.098055;0.0080011;-0.05195;0.093165
3.7559;0.13333;-0.11792;-0.15601;-0.34566;-0.11941;-0.13797;-0.23505;-0.023126;-0.029192;-0.068717;0.077938;0.094625
3.8306;0.22768;-0.093786;-0.085065;-0.32688;-0.19155;-0.096254;-0.1351;0.019989;-0.065741;-0.045053;0.074181;-0.012264
3.8434;0.18065;-0.10031;-0.27299;-0.40883;-0.28949;-0.19886;-0.17868;0.033692;-0.030377;0.0064407;0.15498;0.056896
3.7452;0.14664;0.021676;-0.18353;-0.39721;-0.1798;-0.16763;-0.18228;0.013542;0.030042;0.021806;0.083592;-0.00022748
3.7203;0.010975;0.029617;-0.23262;-0.3456;-0.19054;-0.29868;-0.018208;0.0048201;-0.16454;0.021621;0.057361;0.014444
3.7622;-0.025411;0.055941;-0.39036;-0.44889;-0.3139;-0.27414;0.033992;-0.062204;0.014496;0.11795;-0.058969;0.047184
3.8204;-0.028949;0.14152;-0.15969;-0.37723;-0.27815;-0.38463;0.017404;-0.071674;-0.034342;0.082101;-0.082001;0.12303
3.8863;-0.12694;0.073867;-0.18136;-0.36802;-0.3091;-0.46315;0.059471;-0.031892;-0.0053598;0.03373;-0.092749;0.20584
3.7746;-0.15167;-0.08637;-0.19494;-0.39052;-0.35595;-0.46396;0.0099036;-0.00084613;0.080621;0.088597;-0.090281;0.20333
3.8771;-0.057651;-0.17316;-0.0689;-0.50499;-0.54068;-0.33198;0.0078753;-0.14372;0.11962;0.086751;-0.14188;0.17592
3.8374;-0.14991;-0.32476;0.017911;-0.42748;-0.54505;-0.12914;-0.091975;-0.22141;0.072405;0.078049;-0.02136;0.056751
3.8585;-0.10505;-0.29152;0.074009;-0.60681;-0.62806;0.039349;0.13435;-0.082238;0.024763;0.18619;0.10985;0.037168
3.7213;-0.15647;-0.38634;0.018702;-0.62113;-0.68151;-0.033359;0.18136;-0.11949;0.047093;0.16537;0.082809;0.012705
3.9287;-0.13598;-0.26931;-0.12324;-0.54362;-0.7739;-0.078763;-0.0508;-0.097429;0.13304;0.077622;0.03569;0.032168
3.8242;-0.15247;-0.23178;-0.2516;-0.54944;-0.66443;-0.008417;-0.049917;-0.023096;0.12679;0.1447;0.029564;0.084692
3.629;-0.11635;-0.2565;-0.29315;-0.46285;-0.48544;-0.16435;-0.12711;-0.061228;-0.026384;0.14791;-0.010236;-0.026312
3.6862;-0.16047;-0.36464;-0.22462;-0.54808;-0.70244;-0.21887;-0.0065536;0.0010762;0.047784;0.19141;0.053509;0.00023775
3.4361;-0.29512;-0.42839;-0.45223;-0.49367;-0.72771;-0.44795;-0.11698;-0.027667;0.010698;0.15939;0.041079;0.065074
3.3951;-0.33992;-0.40512;-0.19457;-0.34596;-0.67445;0.0021712;0.059857;-0.037238;0.066505;0.14553;0.14144;-0.037095
3.4002;-0.32647;-0.4347;-0.14932;-0.39819;-0.56088;-0.013306;-0.044194;-0.074628;0.047361;0.17173;0.048682;-0.066993
3.409;-0.23206;-0.41269;-0.28423;-0.45829;-0.57386;-0.2923;-0.14481;0.017621;0.1429;0.056341;0.074181;-0.017749
3.5321;-0.056396;-0.28072;-0.28261;-0.20236;-0.30285;-0.24582;-0.20832;-0.13835;-0.020678;0.034036;0.020374;0.035583
3.6183;-0.087671;-0.29649;-0.13814;-0.19336;-0.12282;-0.046481;-0.037493;-0.22654;-0.083103;0.043283;0.048649;0.023997
3.6196;-0.10156;-0.21737;-0.093544;-0.18691;-0.20639;-0.10568;0.0095045;-0.24488;-0.084191;-0.018839;0.048874;0.017872
3.7189;0.00072763;-0.36839;-0.20097;-0.16345;-0.1989;-0.061361;-0.10762;-0.16102;-0.095929;-0.021273;0.12144;0.043695
3.8199;0.015788;-0.43417;-0.27058;-0.13771;0.021538;0.080489;-0.23786;-0.15061;-0.046161;-0.0077408;0.098148;-0.023678
3.9062;-0.039855;-0.62715;-0.37553;-0.30496;-0.065025;0.090774;-0.12303;-0.14661;0.010187;0.042248;0.0427;0.027841
3.8796;0.04011;-0.50929;-0.38325;-0.1009;-0.068506;0.09103;-0.027958;-0.16693;0.017958;-0.052594;0.0061806;0.047817
3.9716;0.058904;-0.52457;-0.58006;0.10824;-0.10578;-0.10664;-0.23186;-0.052646;0.088638;0.09072;0.049846;-0.011082
3.9143;0.074732;-0.47137;-0.49463;-0.012235;-0.049841;-0.073098;-0.1783;-0.095737;0.087343;0.064885;0.021323;-0.0050038
3.8644;0.090814;-0.43273;-0.27745;0.079894;0.13024;-0.0085204;-0.22753;-0.3107;-0.05946;-0.030199;-0.063719;0.067471
3.7627;0.079514;-0.32339;-0.30538;-0.2245;-0.1453;0.010146;-0.11712;-0.14921;0.06558;-0.03142;-0.040346;0.043111
3.6879;0.11706;-0.24988;-0.39621;-0.34088;-0.22511;-0.17102;-0.077499;0.067203;0.1524;0.041077;-0.030998;0.039253
3.5944;0.06647;-0.32702;-0.5523;-0.27776;-0.23168;-0.19985;-0.15674;0.049474;0.13335;0.14177;0.021864;-0.016693
3.4994;0.049491;-0.21129;-0.46522;-0.18247;-0.14037;-0.10217;-0.20992;-0.02753;-0.029649;0.071739;0.097267;-0.061381
3.5377;0.02407;-0.23797;-0.46443;-0.119;-0.18746;-0.023728;-0.22693;-0.026504;0.092588;-0.076106;0.0739;-0.026365
3.4879;-0.057934;-0.25053;-0.40729;-0.17842;-0.15517;0.11653;-0.23819;-0.067838;0.085086;-0.033402;0.040627;0.034356
3.4105;-0.13414;-0.16332;-0.48003;-0.12912;-0.2937;0.065584;-0.21965;-0.016377;0.053652;0.034345;0.092801;-0.061382
3.5911;-0.047938;-0.15552;-0.33196;0.0057315;-0.25792;-0.13987;-0.1234;0.022623;0.0033772;-0.010047;0.028027;-0.11992
3.7896;-0.030334;-0.053703;-0.22212;-0.10807;-0.45139;-0.12857;-0.031493;-0.08078;0.016363;-0.062987;0.053881;-0.0005466
3.9605;-0.06767;-0.14704;-0.2194;-0.025472;-0.32274;-0.33715;-0.048104;0.036424;0.15433;-0.034934;-0.00086072;0.010988
3.9706;-0.1416;-0.099991;-0.17638;0.1246;-0.17829;-0.41316;-0.091369;-0.17626;0.19453;0.0025512;-0.18831;0.017772
3.786;-0.11894;-0.059474;-0.20707;0.060532;-0.24761;-0.3746;0.066002;-0.10064;-0.069499;-0.031178;-0.08022;-0.014889
3.7614;-0.11459;-0.14179;-0.37752;-0.080297;-0.3806;-0.31742;-0.0069923;-0.058439;0.12405;-0.0064232;0.037888;-0.018077
4.0387;-0.036808;-0.070997;-0.33967;-0.070757;-0.44759;-0.32383;0.067082;-0.042116;0.13262;-0.095654;0.063545;0.055685
4.0881;0.11574;-0.059689;-0.40514;-0.2215;-0.35087;-0.10848;0.0024054;-0.11891;0.0735;-0.14334;0.045765;0.11011
4.0695;0.11047;-0.1144;-0.35731;-0.10386;-0.35616;-0.12499;0.10891;-0.19473;-0.044694;-0.22012;0.033378;0.051977
3.8971;-0.0058573;-0.21327;-0.48593;-0.20748;-0.4935;-0.19519;0.11165;-0.10255;0.080761;-0.11231;0.045445;0.06821
3.8516;0.15889;-0.074338;-0.3404;-0.31667;-0.44769;0.0064788;-0.097055;-0.093718;-0.041373;-0.087986;0.074976;0.077946
3.9143;0.13405;-0.11801;-0.10039;-0.21134;-0.35547;-0.1258;-0.28242;0.0048959;-0.04823;-0.18764;0.0085392;0.039411
3.9279;0.14852;-0.051492;-0.031599;-0.39768;-0.35328;-0.10772;-0.27738;-0.0038068;0.012082;-0.18895;0.017504;0.029785
3.8586;0.12762;-0.089277;-0.22246;-0.38931;-0.51556;-0.19447;-0.025592;-0.01589;0.031755;-0.083318;0.024512;-0.0092561
3.7175;0.040807;-0.1464;-0.2567;-0.40586;-0.35458;-0.12838;0.0026366;-0.11906;0.043979;0.0095156;-0.017386;0.073204
3.5159;0.00022123;-0.14463;-0.34819;-0.3808;-0.273;-0.20313;-0.15569;-0.076093;0.051632;-0.098516;-0.10379;0.062645
3.55;0.06585;-0.15915;-0.34973;-0.3937;-0.23784;-0.21546;-0.12087;0.014443;0.054476;-0.026007;0.033171;0.072305
3.5335;0.011577;-0.27054;-0.36198;-0.34077;-0.26487;-0.15269;-0.18744;-0.094462;0.12543;0.070251;-0.032231;0.09346
3.4745;-0.086924;-0.31122;-0.26761;-0.19444;-0.26388;-0.15583;-0.32396;-0.19765;0.17151;-0.06388;-0.067886;0.083067
3.5348;-0.015442;-0.17876;-0.25363;-0.28094;-0.16092;-0.093086;-0.18684;-0.053956;0.12928;-0.01109;0.0014335;0.042131
3.7655;0.14122;0.060675;-0.24073;-0.30524;-0.20009;-0.31138;-0.1519;-0.16344;0.0057091;0.015842;-0.029888;0.01931
4.0063;0.031392;0.18611;-0.18944;-0.5922;-0.085739;-0.38365;-0.11818;0.035308;0.034796;0.014294;-0.050659;0.086285
4.1938;-0.088354;0.2788;-0.23944;-0.79908;-0.086559;-0.36814;0.0077929;-0.063103;-0.051246;0.093224;-0.059918;0.056413
4.2708;-0.21112;0.33842;-0.20138;-0.76415;0.1175;-0.31816;-0.08644;-0.037524;-0.021178;0.068461;-0.088573;-0.00018512
4.3066;-0.2539;0.16093;-0.33283;-0.82176;-0.072212;-0.36264;0.032708;-0.025473;0.026163;0.07153;-0.15107;0.047749
4.3225;-0.10622;0.10249;-0.32742;-0.74381;-0.10858;-0.33829;0.10397;-0.010016;0.036604;0.13362;-0.13157;0.094149
4.2249;-0.12585;0.17256;-0.14948;-0.54814;-0.09121;-0.28259;0.13683;-0.15059;0.01606;0.075191;-0.24214;0.12422
3.8758;-0.099183;0.04863;-0.11135;-0.45236;-0.12986;-0.40418;-0.025916;-0.14871;0.077942;0.019177;-0.25265;0.16059
3.8325;0.045815;-0.036169;-0.11101;-0.42645;-0.21194;-0.25983;-0.18167;-0.082217;0.18902;-0.053976;-0.23356;0.15921
3.7857;0.045395;-0.019015;-0.18158;-0.54533;-0.31246;-0.17152;-0.10139;-0.29682;-0.039577;0.040833;-0.075723;0.12899
3.8783;0.13015;-0.061291;-0.29086;-0.39621;-0.21322;-0.27022;0.08202;-0.16518;0.036304;0.075811;-0.15932;0.057087
3.8904;0.21383;-0.087816;-0.21605;-0.25962;-0.07606;-0.25907;-0.067389;-0.13966;-0.041149;0.094508;-0.047934;-0.015687
3.7634;0.17641;-0.092097;-0.26184;-0.16732;-0.015571;-0.24965;-0.20276;0.0076854;0.025325;-0.048959;0.018125;-0.0043808
3.7224;0.20588;-0.01724;-0.15284;-0.20492;-0.28313;-0.29508;-0.18906;-0.024394;0.048456;-0.059371;-0.021224;0.058468
3.6886;0.19161;-0.10014;-0.13732;-0.051986;-0.24633;-0.18932;-0.14773;-0.058506;0.0065134;0.007182;-0.0028531;-0.06986
3.7662;0.10884;-0.19496;-0.16053;-0.16609;-0.28812;-0.13889;-0.12363;-0.057092;0.078994;0.0074958;-0.0036811;-0.040206
3.6915;0.12991;-0.22529;-0.14988;-0.045784;-0.19282;-0.31336;-0.1394;-0.0054106;0.070612;-0.033621;-0.089215;0.0088907
3.5796;0.15341;-0.02572;-0.054104;-0.31528;-0.31863;-0.11614;-0.15196;-0.10257;-0.00095051;-0.036439;0.02543;0.022787
3.6049;0.11392;0.0055771;-0.012941;-0.26272;-0.35018;-0.13717;-0.0073977;-0.047578;-0.061165;0.013565;0.054437;-0.052528
3.6089;-0.00032035;-0.046884;-0.016024;-0.17784;-0.12498;-0.20026;-0.20277;-0.14891;-0.0574;0.053449;0.071679;-0.094554
3.7489;0.062755;-0.23114;-0.20826;-0.12699;0.071607;-0.1507;-0.38901;-0.12265;0.073247;0.0098438;0.057847;-0.051585
3.9186;0.11545;-0.32977;-0.29572;-0.038816;0.15278;-0.13344;-0.33314;-0.079579;0.13657;0.041544;0.053428;-0.044057
4.1346;0.085199;-0.38102;-0.46974;0.0020745;0.17122;-0.067555;-0.24026;-0.32671;-0.049943;-0.12137;0.033568;0.09559
4.1979;0.029867;-0.39064;-0.5503;0.027547;0.099791;-0.080513;-0.24827;-0.50389;-0.072278;-0.12169;0.03529;0.17606
4.2786;-0.077647;-0.15436;-0.46533;0.16485;0.10017;-0.26724;-0.22372;-0.46543;0.056005;-0.067898;0.027848;0.21294
4.4527;0.12625;-0.17818;-0.4744;0.13773;0.11721;-0.23487;-0.251;-0.42418;-0.023278;-0.063673;0.075946;0.18096
4.4051;0.11162;-0.047133;-0.37026;0.073063;0.045891;-0.40804;-0.25033;-0.29101;0.0012119;-0.030729;0.05987;0.094069
4.2246;0.094254;-0.2464;-0.46628;0.19894;-0.073857;-0.29093;-0.29099;-0.25372;-0.059584;-0.035012;0.13294;0.10231
4.1002;0.022905;-0.42352;-0.55262;0.25445;-0.099005;-0.29982;-0.22224;-0.25962;0.047148;-0.044373;0.1072;0.12992
4.3579;0.092229;-0.28449;-0.52;0.2223;-0.12161;-0.38108;-0.24249;-0.27809;0.0031455;-0.0090348;0.058472;0.1151
4.2784;0.089469;-0.33284;-0.49216;0.26115;-0.20867;-0.14583;-0.37746;-0.14006;-0.070275;-0.081564;0.15057;0.020471
4.2678;-0.010809;-0.33879;-0.61335;0.28915;-0.22278;-0.28048;-0.41728;-0.10592;-0.039361;-0.083774;0.11301;-0.033638
4.239;7.8506e-005;-0.31796;-0.50482;0.21171;-0.090159;-0.10308;-0.2889;-0.10525;-0.097586;-0.18098;0.11945;0.047122
4.3676;0.096431;-0.34733;-0.36995;0.12097;-0.13138;-0.081805;-0.40829;-0.058402;-0.22936;-0.19126;0.15609;0.071244
4.4824;0.078003;-0.54622;-0.34747;0.037943;-0.13116;-0.16537;-0.19938;-0.049642;-0.19213;-0.12101;0.12037;0.087387
4.5556;0.045798;-0.459;-0.33331;0.12919;-0.19495;-0.25351;-0.048348;-0.078884;-0.098581;-0.10347;0.044474;0.097891
4.6026;0.08911;-0.36788;-0.37212;0.19849;-0.30123;-0.34828;0.041535;-0.086458;-0.0033126;-0.053054;-0.054023;0.043305
4.6138;0.10981;-0.1027;-0.48588;0.06749;-0.24526;-0.44685;0.067652;-0.22371;0.11632;0.023161;-0.020973;0.071266
4.6443;0.098404;-0.09311;-0.49118;-0.075856;-0.4118;-0.4303;0.22618;-0.25274;0.04843;0.029103;-0.0040511;0.12774
4.4749;0.13636;-0.2233;-0.54899;-0.24417;-0.38773;-0.29558;0.13863;-0.29266;0.071496;0.099744;0.044155;0.10103
4.3313;0.050455;-0.35745;-0.58302;-0.25371;-0.38629;-0.21398;-0.0073432;-0.26352;0.14943;-0.078076;0.025903;0.063966
4.2355;0.074648;-0.17669;-0.54962;-0.27848;-0.25701;-0.20282;0.065494;-0.27405;0.14079;0.058976;0.007671;0.068938
4.2976;0.11605;-0.31255;-0.51313;-0.44326;-0.35438;-0.33056;-0.037005;-0.2176;-0.01055;-0.022369;0.10536;0.032341
4.2096;0.29925;-0.28826;-0.466;-0.27955;-0.40904;-0.26999;-0.071865;-0.18171;0.079037;0.11335;0.1068;0.0057629
3.9974;0.21392;-0.2374;-0.4583;-0.2977;-0.40875;-0.22229;-0.19284;-0.21234;0.058244;0.022535;0.074607;0.034631
3.9947;0.29564;-0.20615;-0.50758;-0.43717;-0.43113;-0.28162;-0.11534;-0.15878;0.047003;-0.0091315;0.033059;0.071967
3.8442;0.21825;-0.27568;-0.47755;-0.36904;-0.30911;-0.22264;-0.19648;-0.11101;0.0034453;0.053008;0.073105;-0.018245
3.8362;0.14205;-0.24422;-0.33121;-0.4117;-0.24785;-0.066285;-0.29889;-0.18092;0.019435;-0.061399;0.015066;0.052822
3.8774;0.091116;-0.28347;-0.31169;-0.42438;-0.037944;-0.17413;-0.35412;-0.15251;0.0018354;-0.047625;0.12119;0.031603
3.877;0.12585;-0.29343;-0.27686;-0.46537;-0.34266;-0.11709;-0.15161;-0.12525;0.14127;0.037351;-0.062822;0.025457
3.9052;0.20512;-0.26787;-0.34709;-0.38827;-0.41919;-0.21101;-0.042007;-0.025252;0.072398;0.13284;-0.025324;0.018796
4.3082;0.1167;-0.13704;-0.049874;-0.43876;-0.34025;-0.0096687;-0.011205;-0.045352;0.027554;0.020972;0.042772;-0.15027
4.4518;0.069426;-0.18248;-0.1446;-0.63949;-0.32253;0.10977;-0.10946;0.0076049;0.14502;-0.0076473;0.051037;-0.038263
4.4038;0.014571;-0.22408;-0.034151;-0.55524;-0.41481;0.055772;-0.21393;-0.10093;0.060084;-0.03552;-0.0020178;-0.038276
4.5177;-0.025695;-0.46223;-0.38838;-0.50055;-0.24548;-0.12759;-0.083054;-0.099869;-0.095035;0.040205;0.12787;0.073242
4.7418;-0.068677;-0.5376;-0.43082;-0.5504;-0.27339;-0.21096;-0.0016393;-0.16885;-0.14271;0.097462;0.11831;0.061017
4.9156;-0.041864;-0.37467;-0.30144;-0.32011;-0.12484;-0.050326;0.089521;-0.084336;-0.069369;0.052015;0.092575;0.079871
4.9412;-0.021505;-0.3987;-0.17618;-0.36625;-0.11351;-0.065916;0.105;-0.069736;-0.051319;-0.023419;0.025559;0.12665
4.8461;-0.065253;-0.43912;-0.14966;-0.36924;-0.29096;-0.27032;-0.0045872;-0.18525;-0.12208;0.00026111;0.021736;0.14112
4.8204;-0.053258;-0.57457;-0.11092;-0.40504;-0.43592;-0.1849;-0.021208;-0.2669;-0.052513;-0.021423;0.0045074;0.0016369
4.6908;0.0037751;-0.59969;-0.093775;-0.13915;-0.26235;-0.025625;0.0024773;-0.16377;-0.040076;-0.066484;0.00014664;0.075469
4.5875;0.057564;-0.47762;-0.15553;0.0054781;-0.22875;-0.18098;0.093482;-0.2081;-0.024288;-0.007185;-0.059468;0.086568
4.4362;0.082135;-0.43657;-0.25794;-0.047827;-0.30459;-0.31645;0.040935;-0.15354;0.06315;0.013296;-0.064581;0.043344
4.2661;0.052125;-0.50207;-0.16918;-0.057814;-0.3001;-0.17612;-0.010583;-0.23114;0.023511;-0.048855;-0.0035386;0.030417
4.1848;0.11898;-0.40207;-0.080981;-0.050874;-0.21441;-0.15691;-0.041324;-0.13004;-0.059308;-0.027961;-0.042686;0.022299
4.1013;0.11542;-0.47355;-0.2451;-0.11881;-0.056874;-0.083697;0.0036402;-0.042107;-0.025567;-0.03127;-0.063847;-0.0015178
4.0033;0.097915;-0.29252;-0.18963;-0.091739;0.00039712;-0.051738;-0.089481;-0.066985;0.014373;-0.036443;-0.10229;0.011832
4.2523;0.051277;-0.19548;-0.0581;-0.22652;-0.021048;-0.26233;-0.1778;-0.049728;-0.11245;-0.038556;0.031563;0.040962
4.2544;-0.07536;-0.10107;-0.16659;-0.39482;0.061837;-0.14682;-0.12595;0.0089464;-0.10025;-0.053893;0.019618;0.023221
4.1423;-0.14311;-0.089707;-0.12467;-0.15484;0.21852;-0.20107;-0.1176;-0.048017;-0.10925;-0.050231;0.013951;0.044187
4.0479;-0.16444;-0.09447;-0.078547;-0.14651;0.18385;-0.34595;-0.0915;0.098289;-0.15058;-0.06317;-0.073341;-0.064035
4.1629;-0.025526;0.049106;-0.062072;-0.41287;0.066006;-0.57701;-0.27362;0.027427;-0.15139;0.021197;0.078548;-0.040289
4.259;0.11943;0.23776;-0.093891;-0.4665;-0.059802;-0.45606;-0.16732;-0.01148;-0.18103;-0.034903;0.082452;-0.029473
4.1442;0.13702;0.14226;-0.21637;-0.36484;-0.13734;-0.58247;-0.068363;-0.013491;-0.052499;-0.013028;-0.028416;0.022991
4.1726;0.25585;0.15041;-0.2868;-0.35129;-0.084459;-0.49312;-0.043136;-0.10299;-0.023422;0.02992;0.0079732;0.031248
4.2396;0.30502;0.13267;-0.34527;-0.27463;-0.15682;-0.40088;-0.10731;-0.17992;0.027663;0.076553;-0.044463;0.037012
4.0869;0.21572;-0.010907;-0.27669;-0.30846;-0.25879;-0.35391;-0.079295;-0.25709;-0.0041689;0.086363;0.0060357;0.0092729
4.0712;0.28498;-0.13566;-0.19015;-0.11743;-0.12121;-0.22263;-0.2799;-0.29639;-0.047718;0.096493;0.088669;-0.013778
3.9422;0.24983;-0.18619;-0.2639;0.003826;0.087465;-0.21118;-0.29785;-0.2519;-0.098707;0.11957;0.13491;0.037048
3.9577;0.24232;-0.073319;-0.18824;-0.1645;-0.10413;-0.22345;-0.3679;-0.20362;-0.115;0.05895;0.13622;-0.01352
4.0401;0.064759;-0.00074384;-0.078441;-0.39885;0.14739;-0.256;-0.39932;-0.032687;-0.22725;0.030648;0.11468;0.018915
4.1125;0.11988;0.23279;-0.09766;-0.44631;-0.069879;-0.25746;-0.44314;0.01811;-0.073148;-0.063901;0.073168;0.012829
4.171;-0.02894;0.31709;-0.18333;-0.40387;0.14148;-0.32366;-0.48384;-0.0094163;-0.05185;0.015201;0.080839;-0.091035
3.9148;-0.21349;0.26717;-0.1031;-0.32304;0.11988;-0.31065;-0.44668;-0.10018;-0.048099;0.09204;0.026622;-0.082569
3.9046;-0.17655;0.33643;-0.2949;-0.37772;-0.090306;-0.36155;-0.33603;-0.12366;-0.080864;0.12556;-0.0023001;-0.073137
4.1149;-0.10461;0.3947;-0.3119;-0.43155;0.027189;-0.22302;-0.34012;0.01259;-0.036496;0.10112;0.066439;-0.093003
4.1713;0.024977;0.38179;-0.3812;-0.47761;-0.1461;-0.28444;-0.26623;0.040832;-0.11028;0.025612;0.077788;-0.055678
4.2112;0.048083;0.29865;-0.50448;-0.48987;-0.26103;-0.25816;-0.28742;0.052822;-0.10168;0.11578;0.12176;-0.11586
4.2099;0.019767;0.24171;-0.44898;-0.66595;-0.33264;-0.27661;-0.26552;0.076504;-0.14546;0.070087;0.07407;-0.07018
4.1789;0.051098;0.18727;-0.40717;-0.52781;-0.29677;-0.24436;-0.12752;0.21403;-0.011946;-0.011383;0.15828;0.0047173
4.0095;0.20781;0.026606;-0.44356;-0.42342;-0.3725;-0.10903;-0.19101;0.043029;0.15925;0.028169;0.055051;0.036423
3.9523;0.23494;0.058756;-0.39905;-0.4259;-0.3487;-0.23982;-0.22501;0.053573;0.010316;0.002741;0.010204;-0.016251
3.785;0.1659;0.064788;-0.44566;-0.56216;-0.3852;-0.37363;-0.23702;0.021787;-0.045552;0.018989;0.02725;-0.014292
3.6175;0.029508;-0.0093723;-0.39278;-0.35342;-0.23536;-0.13904;-0.14734;-0.069464;0.11874;0.034937;-0.059929;-0.059775
3.5772;0.043481;0.066038;-0.31611;-0.46115;-0.15242;-0.16817;-0.12655;0.12516;0.091488;0.061345;0.059792;-0.0067533
3.7189;0.06326;0.21858;-0.25924;-0.60481;-0.2714;-0.34306;-0.099286;0.075932;-0.18439;0.072042;0.091755;-0.043426
3.7738;-0.13284;0.24857;-0.34429;-0.6339;-0.1291;-0.37699;-0.26402;0.030004;-0.14719;0.10221;0.092011;-0.10263
3.9905;-0.19046;0.28564;-0.5088;-0.57796;-0.22525;-0.37868;-0.15546;0.064782;0.0079178;-0.038246;0.082335;-0.04571
3.8719;-0.30604;0.34875;-0.3322;-0.70451;-0.16767;-0.38072;-0.29004;-0.03713;0.0025122;-0.06586;0.10981;-0.011178
4.2011;-0.39839;0.35796;-0.32361;-0.51775;-0.16495;-0.39317;-0.14773;-0.13785;0.098605;-0.044749;0.099443;0.072716
4.0339;-0.36305;0.16637;-0.42289;-0.47635;-0.1882;-0.28085;0.044533;-0.11392;0.081557;-0.02119;0.078843;0.067873
4.0019;-0.23188;0.34459;-0.42113;-0.29396;0.035407;-0.32011;0.0052152;-0.14886;-0.036235;-0.2163;0.0040997;0.14523
4.027;-0.14568;0.061248;-0.37524;-0.48478;0.14585;-0.12061;-0.1728;0.012833;-0.027752;0.04023;0.10545;-0.068099
4.0295;-0.20966;-0.08485;-0.1477;-0.55119;0.17266;-0.14917;-0.27853;-0.1111;-0.16619;-0.026569;0.063835;0.034417
4.0407;-0.15473;-0.055452;-0.20269;-0.53352;0.25545;-0.11958;-0.2664;-0.072591;-0.19757;0.0089556;0.068809;0.026122
4.0949;-0.18804;-0.08237;-0.26501;-0.54058;0.20554;-0.077866;-0.12748;-0.021153;-0.16104;-0.060784;0.075721;0.01924
4.0405;-0.14078;-0.029759;-0.13934;-0.55161;0.042202;-0.11288;-0.2447;-0.10121;-0.12341;-0.04901;0.082585;0.090787
3.9921;-0.15544;-0.11191;-0.21431;-0.59246;0.019381;-0.051151;-0.25518;-0.024958;-0.14253;-0.10357;0.031917;0.0737
4.0115;-0.091601;-0.037323;-0.18257;-0.55114;0.016058;-0.10299;-0.23856;-0.063188;-0.044811;-0.075614;0.065032;0.054614
3.9074;0.02943;-0.073165;-0.21726;-0.44107;-0.19162;-0.22078;-0.3004;-0.062214;-0.17397;-0.0040169;0.078768;0.051533
3.7548;-0.043995;-0.082511;-0.29571;-0.50692;-0.18623;-0.1075;-0.41476;-0.052911;-0.13581;-0.13831;0.08773;0.12332
3.7668;0.040792;-0.11612;-0.27746;-0.45374;-0.12888;-0.22729;-0.25609;-0.15082;-0.10595;0.016133;0.064013;0.02445
3.9601;0.13484;-0.039609;-0.20085;-0.6064;-0.22104;-0.14114;-0.31107;-0.16221;-0.060973;-0.011705;0.021521;0.063328
3.9508;0.069504;-0.071561;-0.21147;-0.51546;-0.1225;-0.14965;-0.29344;-0.12176;-0.1566;-0.084327;0.1141;0.10803
3.8617;0.13678;-0.018307;-0.15058;-0.44803;-0.075205;-0.18342;-0.33546;-0.12715;-0.035595;-0.053889;0.037368;0.10011
3.9317;0.14713;-0.087029;-0.18165;-0.40693;-0.1975;-0.26405;-0.30021;-0.13951;-0.07974;-0.02855;0.15992;0.039348
3.8932;0.15344;-0.020303;-0.22297;-0.40487;-0.26371;-0.23881;-0.30665;-0.18266;-0.052447;-0.024461;0.12398;0.022213
3.8786;0.093968;-0.15668;-0.19204;-0.43325;-0.21669;-0.21032;-0.29013;-0.20337;-0.14328;-0.028909;0.12761;0.055159
3.7328;0.064083;-0.14959;-0.054213;-0.38396;-0.47254;-0.31952;-0.25943;-0.18662;-0.010333;0.0017227;-0.059659;0.051852
3.8319;0.052218;-0.10731;-0.077795;-0.33013;-0.42582;-0.15441;-0.1341;-0.23267;-0.036628;0.082611;0.018481;0.034478
3.6663;0.037926;-0.12157;-0.088198;-0.1931;-0.17856;-0.04655;-0.11919;-0.18775;-0.13285;0.070258;0.053391;0.035852
3.6687;0.048406;-0.081071;-0.19509;-0.24435;-0.30973;-0.11574;-0.20788;-0.20485;-0.074013;-0.037188;0.070867;0.061462
3.607;0.13044;0.0085223;-0.20636;-0.35271;-0.31495;-0.029218;-0.18189;-0.27067;0.058564;0.046686;-0.0033522;0.037246
3.5734;0.14018;0.061869;-0.26877;-0.31049;-0.26644;-0.16307;-0.13015;-0.12783;0.011803;0.13155;0.012888;-0.053552
3.5336;0.047627;-0.055704;-0.31548;-0.24856;-0.29502;-0.17492;-0.089695;-0.24454;-0.019921;0.13529;0.045119;0.040078
3.4542;0.040027;-0.025431;-0.23068;-0.26965;-0.32681;-0.13704;-0.19413;-0.085098;-0.058242;-0.037333;0.10462;-0.00052216
3.3206;-0.049195;-0.053596;-0.25027;-0.2646;-0.26748;-0.14911;-0.11514;-0.063608;-0.030436;-0.037689;0.042662;0.0064302
3.2501;-0.15774;-0.22117;-0.19023;-0.14137;-0.28451;-0.18586;-0.24227;-0.083323;-0.0060394;-0.11804;0.045042;0.10927
3.2958;-0.086565;-0.063094;-0.086204;-0.093617;-0.18068;-0.021983;-0.21371;-0.13974;0.030547;-0.11388;0.019508;0.1249
3.3408;-0.081208;-0.1831;-0.23957;-0.15174;-0.15453;-0.11474;-0.22644;-0.15669;0.053013;-0.030994;0.10572;0.12372
3.3833;-0.097053;-0.16937;-0.26368;0.0039447;0.10359;-0.054953;-0.29213;-0.19155;0.013547;0.11357;0.094939;0.0281
3.442;-0.09372;-0.22301;-0.15848;0.069862;-0.093071;-0.15624;-0.17105;-0.22622;0.070301;0.16678;0.064425;0.024649
3.3576;-0.06254;-0.21772;-0.17875;0.10558;-0.056407;-0.092987;-0.19529;-0.20815;0.11754;0.17517;0.13108;-0.018474
3.2489;-0.11887;-0.27052;-0.16234;-0.036082;-0.09968;-0.088483;-0.22972;-0.19613;0.10651;0.13161;0.11256;0.034457
3.5413;-0.066758;-0.28192;-0.15067;0.00078481;-0.013013;-0.1053;-0.22485;-0.062871;0.26716;0.06498;0.047402;0.091533
3.9305;-0.093571;-0.4788;-0.098521;-0.023328;-0.00031107;-0.067732;-0.28043;-0.1832;0.25154;0.12404;0.097593;0.12146
3.7693;-0.12936;-0.49732;-0.099442;-0.023853;0.00026307;-0.0010332;-0.36399;-0.24815;0.10373;0.03182;0.098842;0.083261
3.3575;-0.22755;-0.40906;-0.044869;-0.015368;-0.026896;0.035159;-0.22046;-0.20133;-0.019411;-0.0228;-0.027039;0.09758
3.3949;-0.29228;-0.44413;-0.020409;-0.055907;0.081942;0.22863;-0.14234;-0.26382;0.041765;0.050535;-0.011824;0.039054
3.2714;-0.20511;-0.30963;-0.072729;-0.11326;0.0043489;0.1869;-0.047205;-0.24919;0.031085;0.051512;-0.032684;0.076926
3.093;-0.25893;-0.25565;-0.1603;-0.061524;-0.095224;-0.0046303;-0.15382;-0.13629;0.0553;0.014324;0.026836;-0.022276
3.0612;-0.3457;-0.44813;-0.31835;-0.098214;-0.10833;-0.0047291;-0.22436;-0.20049;-0.026454;-0.046855;-0.032358;0.045148
3.103;-0.25961;-0.36696;-0.13831;-0.12503;-0.14705;0.16314;0.0098743;-0.1599;0.088551;0.14446;-0.027999;-0.055818
3.121;-0.29284;-0.35263;-0.26649;-0.067;-0.1354;0.14783;-0.08767;-0.15074;0.042555;0.061888;0.040533;-0.0065673
3.2183;-0.2324;-0.40002;-0.34082;-0.11593;-0.032291;-0.035721;-0.10404;-0.1354;0.021126;0.026233;-0.064969;0.053342
3.0648;-0.35914;-0.34881;-0.21771;-0.2239;-0.072609;0.024134;-0.27245;-0.22213;-0.011503;-0.072347;-0.057901;0.12757
2.9857;-0.32455;-0.34601;-0.23114;-0.14795;-0.11689;0.071013;-0.22586;-0.23863;-0.061845;0.010735;0.0064786;-0.034859
3.2404;-0.27823;-0.43828;-0.19248;-0.1455;-0.065027;0.049867;-0.28865;-0.29466;0.0029051;-0.02124;-0.029977;0.041418
3.1002;-0.32068;-0.46013;-0.3646;-0.1969;-0.04124;-0.05508;-0.26363;-0.18709;0.051269;-0.00068242;0.054291;0.093969
3.0093;-0.33401;-0.39105;-0.23424;-0.0025486;-0.054463;-0.040743;-0.25762;-0.1079;-0.0032011;-0.024125;0.057116;0.029158
2.9926;-0.39079;-0.40573;-0.35693;-0.27107;-0.14164;0.0058087;-0.099304;-0.07193;-0.043443;-0.026025;0.094095;0.050252
3.1287;-0.27348;-0.38482;-0.23674;-0.19158;-0.062092;0.079477;-0.071744;-0.23287;-0.086336;-0.021675;-0.015987;0.033871
3.2127;-0.16517;-0.37885;-0.24936;-0.18831;-0.012525;0.20725;0.045707;-0.082194;-0.083719;0.038005;-0.09942;-0.087272
3.1275;-0.24871;-0.30201;-0.23384;-0.18979;-0.082984;-0.0020612;-0.051968;-0.16373;-0.037392;0.01506;-0.054769;-0.074775
3.1433;-0.24245;-0.2737;-0.23029;-0.16149;-0.067302;0.08391;-0.12647;-0.28364;-0.044284;0.0023035;0.013824;0.069837
3.21;-0.31854;-0.54147;-0.34429;-0.11935;-0.083353;0.17025;-0.087283;-0.1665;-0.030437;-0.0075999;0.027564;-0.023564
3.4199;-0.32345;-0.59419;-0.33524;-0.21617;-0.22154;0.00056069;-0.13464;-0.098111;-0.065808;-0.060756;-0.046785;-0.015914
3.7501;-0.1499;-0.54523;-0.2007;-0.11074;0.027289;0.19847;-0.18263;-0.12776;-0.12857;-0.068878;-0.0033042;0.013724
3.3509;-0.18905;-0.38101;-0.13975;-0.026799;-0.16597;-0.19175;-0.28623;-0.056756;0.038852;-0.0038435;-0.00033845;0.031824
3.3142;-0.23503;-0.43049;-0.16291;-0.028081;-0.13248;0.064078;-0.18252;-0.29694;-0.097353;0.057445;0.0092859;0.024309
3.2145;-0.25497;-0.5117;-0.36926;-0.1044;0.10934;0.10054;-0.19414;-0.12209;-0.013021;0.053967;0.023179;-0.013209
3.1369;-0.32492;-0.40656;-0.19247;-0.1121;0.015145;0.044708;-0.22843;-0.011447;-0.015076;-0.054787;0.037409;-0.0039323
3.111;-0.28696;-0.3005;-0.28517;-0.0042851;-0.073115;-0.062221;-0.2216;-0.18853;-0.1088;-0.12097;0.06163;0.064911
3.0991;-0.26818;-0.2784;-0.2897;-0.26536;0.022249;0.061296;-0.14964;-0.1522;-0.0026264;0.013364;-0.0003544;0.011022
3.1409;-0.3364;-0.32457;-0.19376;-0.13512;-0.11533;0.13546;0.028606;-0.048578;-0.024732;-0.10291;0.054384;0.032069
3.275;-0.25667;-0.32136;-0.25606;-0.04603;-0.13705;0.019812;-0.16984;-0.1621;-0.050273;-0.10573;0.10525;0.10884
3.2156;-0.26754;-0.33455;-0.23661;-0.1246;-0.14593;-0.070688;-0.16051;0.0043211;0.089602;-0.13664;-0.091266;0.076179
3.1302;-0.26932;-0.39956;-0.23305;0.09191;-0.092029;-0.12182;-0.051459;-0.058687;-0.0565;-0.12109;-0.14075;0.019599
2.9762;-0.35465;-0.43935;-0.32876;-0.074942;-0.061921;-0.044765;-0.10332;-0.28885;-0.066262;-0.03015;-0.057915;0.1137
3.0709;-0.31159;-0.33948;-0.36363;-0.084331;0.0058178;-0.032308;-0.0886;-0.32088;-0.11363;0.011495;-0.029082;0.064331
2.9486;-0.38548;-0.33964;-0.40114;-0.18639;0.036931;-0.037254;-0.030312;-0.044745;0.0069314;0.014764;0.084182;0.051276
3.3887;-0.14766;-0.37763;-0.49194;-0.22733;-0.025613;-0.03101;-0.26099;-0.21175;0.035695;0.058069;0.076151;0.042709
3.595;-0.11894;-0.34157;-0.35047;-0.13202;-0.015034;0.029617;-0.19781;-0.24228;-0.028833;0.12671;0.026903;-0.069386
3.6533;-0.11952;-0.21271;-0.17922;-0.13196;-0.1559;0.11563;-0.21626;-0.32388;-0.17701;0.068547;0.078097;-0.10365
3.5309;-0.19286;-0.22104;-0.085905;-0.055839;-0.27547;0.065358;-0.047265;-0.27304;-0.23624;0.046267;0.027198;-0.12803
3.3153;-0.25468;-0.25878;-0.14193;-0.00051205;-0.11712;0.09927;-0.01937;-0.21911;-0.20584;0.081949;0.060238;-0.11506
3.2575;-0.25732;-0.21212;-0.09811;-0.15234;-0.05703;0.11491;-0.015175;-0.28191;-0.25713;0.099316;0.012817;-0.059488
3.0828;-0.31095;-0.29065;-0.19916;-0.21253;-0.11723;0.11352;-0.0048864;-0.13303;-0.077239;-0.094438;-0.031709;-0.0036574
3.0644;-0.37035;-0.41192;-0.28;-0.33629;-0.11516;0.16672;0.1342;-0.057364;-0.068494;-0.12019;-0.053626;0.023226
3.044;-0.35946;-0.52555;-0.40981;-0.27073;-0.12221;-0.023754;0.12081;-0.064996;-0.049178;0.066783;-0.020988;-0.026111
3.1468;-0.27866;-0.47323;-0.39825;-0.24201;-0.18978;-0.034589;0.0095704;-0.17363;-0.0034356;0.025292;0.0024753;0.0563
3.1462;-0.30775;-0.52305;-0.34172;-0.23971;-0.27542;0.054257;-0.017297;-0.24613;-0.030852;0.09854;0.015254;-0.099022
3.1067;-0.32968;-0.39968;-0.29169;-0.26394;-0.30063;0.11894;0.06052;-0.16549;0.010741;0.10471;0.033209;-0.084904
3.1726;-0.26531;-0.33765;-0.12536;-0.23532;-0.28663;0.021988;-0.090453;-0.19428;0.027712;0.0036421;0.012057;0.070189
3.1174;-0.29697;-0.33461;-0.21918;-0.28332;-0.038267;0.11107;-0.14139;-0.27637;-0.051208;-0.010513;-0.013146;0.057549
3.2028;-0.14022;-0.27395;-0.2135;-0.21018;-0.015628;-0.0011675;-0.29767;-0.17135;0.039735;0.089647;0.092305;0.0066279
