1.7597;-0.53263;-0.23137;-0.27309;-0.18931;-0.16791;-0.10931;-0.078402;-0.055836;-0.03488;-0.011817;0.014077;0.011232
2.2724;-0.13172;0.045166;-0.26092;-0.36704;-0.34726;-0.14169;-0.010049;-0.0039044;-0.048809;-0.076521;-0.062944;-0.032658
3.1057;0.025392;-0.098383;-0.11806;-0.42272;-0.38184;-0.010278;-0.036148;-0.085921;-0.095572;-0.034345;0.038377;-0.071852
2.4784;-0.054204;0.012776;-0.2338;-0.3497;-0.35545;-0.12789;-0.014396;-0.014328;-0.057081;-0.084643;-0.048492;-0.033348
1.8005;-0.50564;-0.20559;-0.28085;-0.23179;-0.21136;-0.14415;-0.087998;-0.033697;-0.0057249;-0.0044081;0.0056537;0.0070992
1.7608;-0.54209;-0.23684;-0.27901;-0.1895;-0.16904;-0.10895;-0.086475;-0.056287;-0.020621;-0.0087316;0.014145;0.022735
1.7514;-0.54685;-0.24561;-0.28988;-0.18493;-0.16186;-0.10984;-0.079926;-0.048259;-0.018921;-0.0029197;0.025638;0.015532
1.743;-0.54597;-0.23475;-0.26962;-0.17667;-0.15415;-0.10649;-0.077241;-0.051294;-0.020892;-0.010353;0.014549;0.019481
1.7553;-0.54246;-0.24854;-0.2805;-0.18606;-0.15735;-0.10555;-0.080537;-0.046106;-0.024848;-0.023991;0.0084388;0.019012
1.7408;-0.54882;-0.23867;-0.27197;-0.18305;-0.15689;-0.10805;-0.07929;-0.046957;-0.019874;-0.0038157;0.015404;0.016017
1.7366;-0.54983;-0.24404;-0.27597;-0.18992;-0.16324;-0.10529;-0.077081;-0.046523;-0.021666;-0.0080606;0.018081;0.016774
1.7413;-0.54604;-0.23911;-0.27485;-0.18288;-0.16177;-0.10453;-0.082692;-0.053246;-0.020338;-0.0015766;0.018711;0.013194
1.7427;-0.54531;-0.24234;-0.26785;-0.18092;-0.16406;-0.1122;-0.085052;-0.050413;-0.022103;-0.002135;0.014416;0.014453
1.7464;-0.54538;-0.23928;-0.28159;-0.18955;-0.16326;-0.098464;-0.071217;-0.051453;-0.021747;-0.022136;0.010468;0.02269
1.7513;-0.54365;-0.23343;-0.27809;-0.18942;-0.15591;-0.1158;-0.078758;-0.040105;-0.010688;-0.0030729;0.012515;0.017069
1.754;-0.55325;-0.23897;-0.2673;-0.18483;-0.16231;-0.10259;-0.067869;-0.050691;-0.018568;-0.0065864;0.011161;0.011973
1.7454;-0.55162;-0.24503;-0.28243;-0.19125;-0.15944;-0.10454;-0.079188;-0.047138;-0.01379;-0.0046536;0.01133;0.019618
1.7622;-0.5418;-0.23594;-0.27672;-0.17591;-0.14146;-0.090347;-0.073194;-0.052473;-0.023323;-0.0025884;0.020062;0.018894
1.7653;-0.54579;-0.23709;-0.26897;-0.16721;-0.14741;-0.092554;-0.080087;-0.052401;-0.023473;-0.0012557;0.023429;0.013219
1.7649;-0.54601;-0.24359;-0.27897;-0.19244;-0.16347;-0.11757;-0.088283;-0.061485;-0.032761;-0.0017449;0.019884;0.013578
1.7762;-0.5525;-0.25071;-0.28491;-0.16946;-0.15449;-0.10869;-0.078919;-0.035984;-0.026999;-0.0096907;0.012435;0.0090351
1.7934;-0.54365;-0.23818;-0.2842;-0.17524;-0.14569;-0.10031;-0.093248;-0.058215;-0.011963;0.01085;0.025516;0.0057667
1.8639;-0.52164;-0.20425;-0.24651;-0.16727;-0.12184;-0.012996;-0.055712;-0.081227;-0.030835;-0.030703;0.017715;0.031815
1.8584;-0.51811;-0.23186;-0.23833;-0.13637;-0.092416;-0.063502;-0.078093;-0.053218;0.0076185;-0.036276;-0.047715;0.013899
1.8997;-0.50066;-0.26508;-0.32409;-0.21504;-0.09453;-0.045281;-0.075277;-0.11003;-0.070417;-0.010368;0.0044786;0.031375
1.9307;-0.46296;-0.18919;-0.20984;-0.076995;-0.075721;-0.083753;-0.074348;-0.061856;-0.032604;0.024126;0.017264;-0.016297
1.9364;-0.46381;-0.18558;-0.21689;-0.124;-0.09973;-0.067615;-0.057794;-0.069277;-0.048413;-0.012909;-0.0057758;0.0035842
2.0613;-0.43356;-0.20327;-0.22557;-0.18984;-0.12415;0.058127;0.046223;-0.015852;-0.045426;-0.051055;-0.061777;-0.032253
2.0351;-0.47446;-0.21727;-0.18482;-0.094266;-0.17403;0.014629;0.010563;-0.055531;0.009923;0.032614;-0.0045391;-0.0084333
2.0659;-0.38937;-0.10843;-0.16342;-0.046385;-0.052704;-0.036604;-0.04945;-0.075675;-0.097056;-0.045877;-0.032915;-0.032835
2.1412;-0.43746;-0.19461;-0.17314;-0.053836;-0.060611;0.029525;-0.040003;-0.10551;-0.080547;0.012549;8.3587e-005;-0.021548
2.1758;-0.41291;-0.17579;-0.25018;-0.16516;-0.15725;-0.058725;-0.103;-0.079574;0.029781;0.053732;0.036443;0.011005
2.3348;-0.36939;-0.25862;-0.36736;-0.21079;-0.10587;0.15335;0.036201;-0.12528;-0.004252;-0.084418;-0.087336;0.010533
2.3758;-0.43746;-0.34181;-0.36696;-0.14146;-0.034927;0.13544;-0.0043912;-0.21391;-0.089772;-0.1184;-0.072886;0.075823
2.2726;-0.43188;-0.24717;-0.25674;-0.12232;-0.039651;-0.039073;0.078873;0.03622;-0.083908;-0.050414;-0.021275;0.0049029
2.4404;-0.42187;-0.22052;-0.23114;-0.091107;0.03605;0.10689;-0.078247;-0.040026;-0.12643;-0.056645;0.0093901;0.010878
2.5485;-0.38788;-0.18485;-0.3754;-0.23035;-0.069985;0.19718;0.14514;0.00085858;-0.029502;0.0072654;-0.00036678;-0.032685
2.6679;-0.42013;-0.19165;-0.20533;-0.12422;0.024303;0.13576;0.070657;-0.016269;0.051348;-0.05561;-0.23638;0.0068648
2.6421;-0.49417;-0.28617;-0.25388;-0.11682;-0.018469;0.055442;-0.034743;-0.048801;0.023315;0.057926;-0.085378;-0.045532
2.8165;-0.44735;-0.30205;-0.3208;-0.045336;0.064652;0.19301;0.032361;-0.16143;-0.03183;0.075149;-0.074062;-0.11944
2.8021;-0.4825;-0.23827;-0.30673;-0.093964;-0.032504;0.17422;0.13977;-0.12044;-0.066082;0.023222;-0.13091;-0.046704
2.8771;-0.4133;-0.16537;-0.30667;-0.24969;0.12564;0.15556;0.16156;-0.06033;-0.20481;0.080329;-0.048572;-0.019982
2.9361;-0.30787;-0.1574;-0.22824;-0.10549;-0.05586;0.10475;0.071151;-0.04538;-0.079848;0.0089376;-0.11574;-0.032712
2.8772;-0.42784;-0.16326;-0.10719;-0.21584;-0.044333;-0.0033766;-0.021323;0.039334;-0.03756;0.074592;-0.10402;-0.04276
2.7975;-0.45309;-0.18339;-0.14704;0.034705;-0.053009;0.0063247;-0.15096;0.012798;0.099951;0.12953;-0.056595;-0.095057
2.9333;-0.46251;-0.21553;-0.16352;-0.030434;-0.09713;0.031656;-0.005681;-0.050163;0.0064041;0.090891;-0.021709;-0.092108
2.974;-0.43519;-0.30086;-0.23048;-0.12296;-0.057276;0.036064;-0.085327;0.023284;0.10908;0.079476;-0.067797;-0.076789
3.0307;-0.48982;-0.24161;-0.2069;-0.069336;-0.14018;-0.055031;-0.15345;0.00069066;0.041698;-0.041931;0.0166;-0.051932
3.0966;-0.5867;-0.23227;-0.25119;-0.20519;-0.17223;0.24444;-0.044367;-0.066969;0.061257;0.027735;-0.10043;-0.089364
3.1581;-0.44583;-0.09729;-0.19547;0.0099753;-0.13221;0.2145;-0.0069014;-0.17012;-0.043007;-0.11539;-0.11179;-0.034852
3.1325;-0.51929;-0.21187;-0.17326;0.043672;-0.13629;0.16435;-0.036739;-0.08596;-0.0079206;-0.12701;0.0053428;-0.11349
3.1156;-0.46312;-0.14814;-0.29545;0.039978;-0.090657;0.0070259;-0.12487;-0.18943;0.0073211;0.0030596;-0.0032932;-0.078099
3.0307;-0.46434;-0.10635;-0.26849;-0.061418;-0.045635;0.058669;-0.12531;-0.11119;-0.0028346;0.026378;-0.043222;-0.073156
3.2039;-0.40518;-0.17017;-0.25446;-0.060427;-0.046989;0.047728;-0.0064836;-0.010316;-0.061707;-0.083731;-0.13236;-0.080893
3.3598;-0.35342;0.036175;-0.041785;0.11747;-0.0094889;0.065425;-0.20399;-0.067212;-0.011655;0.041612;-0.044203;-0.1406
3.3505;-0.35953;-0.0666;-0.09037;-0.01313;0.064003;0.071031;-0.16854;-0.015099;0.019608;-0.01263;-0.068522;-0.076202
3.3226;-0.35401;0.02608;-0.12672;-0.00043782;-0.05617;0.15282;-0.15122;-0.06822;0.20607;0.030563;-0.11687;-0.093687
3.4304;-0.31696;0.14308;-0.15232;-0.015804;-0.042721;0.22711;-0.089295;0.0048223;-0.039375;-0.030695;-0.12995;-0.12841
3.3793;-0.34677;0.055091;-0.2144;0.079601;0.031725;0.18805;-0.1846;-0.0029392;-0.10068;-0.07875;-0.015478;-0.11001
3.3511;-0.30961;0.034172;-0.23194;0.13145;-0.22299;0.29504;0.04047;-0.065686;-0.10855;-0.14421;0.0039226;-0.072937
3.3681;-0.38879;-0.050692;-0.058236;-0.018984;-0.10334;0.18451;0.0053724;-0.028662;-0.14045;-0.014715;-0.023414;-0.079366
3.4282;-0.30042;0.0067318;-0.069518;-0.086378;0.0038879;0.17979;0.12822;-0.17683;-0.24412;0.079755;-0.02286;-0.02171
3.3122;-0.36189;0.040135;0.045649;0.078908;-0.063687;0.047955;0.085123;-0.15844;-0.23255;0.092216;0.057582;-0.060863
3.4086;-0.32855;-0.060589;-0.14326;0.026863;-0.06558;0.26192;0.052172;-0.096524;-0.21437;-0.038345;-0.014682;-0.092916
3.4719;-0.32762;-0.06211;-0.20671;-0.0026503;0.062807;0.2367;0.082224;-0.077182;-0.26908;-0.059762;-0.0065932;-0.057064
3.4344;-0.35948;-0.12863;-0.212;-0.0284;-0.069853;0.20605;0.28909;-0.082741;-0.28171;-0.060851;-0.012998;-0.058148
3.5035;-0.37813;-0.1315;-0.061527;-0.088504;-0.023746;0.21172;0.060827;-0.089082;-0.29525;0.02004;-0.010436;-0.081609
3.5559;-0.40998;-0.019766;0.063585;-0.025804;-0.0061399;0.21903;-0.020951;-0.19151;-0.28094;0.11624;0.066179;-0.11208
3.5292;-0.4128;-0.0080835;-0.0080392;-0.14836;0.061806;0.30019;-0.021683;-0.13746;-0.1466;0.039517;-0.1489;-0.14191
3.48;-0.4651;-0.14067;0.038849;0.060872;-0.026949;0.21495;0.069872;-0.24097;-0.24268;0.091831;0.08582;-0.11649
3.4303;-0.49455;-0.091683;0.01265;0.16619;-0.18697;0.1064;0.05043;-0.11591;-0.26064;0.10868;0.069057;-0.14606
3.5778;-0.43931;-0.047451;-0.030296;0.058248;-0.12887;0.18871;0.045366;-0.21046;-0.1646;0.059938;0.018232;-0.040844
3.4809;-0.47212;-0.10512;-0.056883;0.014777;-0.19524;0.12489;0.23484;-0.1646;-0.21227;0.047133;0.045273;-0.026133
3.6127;-0.41102;-0.075885;-0.10388;0.14286;-0.21029;0.29772;0.032169;-0.16733;-0.15307;-0.0060849;0.032727;-0.089131
3.5881;-0.38287;-0.053484;-0.3191;0.046079;-0.10449;0.29304;0.087696;-0.08819;-0.13848;-0.051089;-0.1021;-0.064501
3.4606;-0.32451;-0.15273;-0.32952;-0.12734;-0.10059;0.30294;0.13102;0.079794;-0.099592;-0.08636;-0.11353;-0.08123
3.4226;-0.3442;-0.098785;-0.38708;-0.083251;-0.063691;0.14673;0.085183;0.047319;0.018586;-0.13885;-0.11196;0.021868
3.4225;-0.34629;-0.030556;-0.24567;0.22844;-0.075615;0.22235;-0.078826;-0.063445;-0.12366;-0.22639;0.058552;0.020537
3.5407;-0.28922;0.0058059;-0.26444;0.12633;-0.12427;0.21421;0.046385;0.011181;-0.12872;-0.25769;0.054353;0.05271
3.5555;-0.30617;-0.11714;-0.37281;0.072648;0.052268;0.15491;0.035284;-0.046436;-0.20905;-0.085409;-0.044156;-0.013361
3.4797;-0.40432;-0.20824;-0.28938;0.065527;-0.066591;0.1036;0.0065219;-0.010086;-0.1663;-0.17089;0.042826;0.049644
3.4408;-0.39417;-0.13846;-0.25889;-0.058945;0.0096657;0.14186;0.074543;0.044643;-0.11399;-0.17653;0.00038693;-0.010054
3.5661;-0.44464;-0.16548;-0.28738;0.093671;-0.098775;0.24853;0.073908;-0.094649;-0.20006;-0.035466;0.024727;-0.092322
3.5519;-0.43636;-0.17737;-0.14416;-0.039741;-0.050324;0.20476;0.12383;-0.045562;-0.23638;-0.018954;-0.04887;-0.13859
3.418;-0.54916;-0.15436;-0.16984;-0.162;-0.060214;0.24046;0.10188;-0.054123;-0.23679;0.05023;-0.011464;-0.053085
3.3838;-0.51822;-0.09122;-0.19759;-0.080995;-0.098809;0.20612;-0.07006;0.039132;-0.078735;-0.10904;0.014739;-0.048038
3.3539;-0.54432;0.042663;-0.1787;-0.090697;-0.20846;0.1262;0.054829;0.019061;-0.12332;0.09435;0.01528;-0.16478
3.3305;-0.61943;-0.17625;-0.28899;-0.009177;-0.051848;0.1679;-0.01637;0.060987;-0.11893;-0.010673;0.015336;-0.11772
3.3888;-0.60332;-0.24875;-0.16507;-0.10761;0.096656;0.23188;0.092353;-0.042527;-0.29756;0.050729;0.043103;-0.10234
3.3735;-0.62662;-0.27594;-0.29107;-0.10232;-0.040353;0.22627;0.042203;0.077709;-0.24794;0.025464;-0.037163;-0.1677
3.4121;-0.5804;-0.26279;-0.33025;-0.025397;-0.080536;0.30708;0.11776;0.052349;-0.17558;-0.050888;-0.1541;-0.16342
3.5682;-0.513;-0.29435;-0.41536;0.033148;0.010823;0.34231;-0.14587;0.043892;-0.14228;-0.20053;-0.052925;-0.056613
3.538;-0.50931;-0.24504;-0.28632;-0.066524;-0.020027;0.18417;-0.14323;0.013914;-0.16267;-0.04487;0.048753;-0.072256
3.4578;-0.52582;-0.28071;-0.28771;-0.11355;0.094281;0.22973;-0.0747;-0.032964;-0.16455;0.0039009;-0.0054896;-0.092337
3.5305;-0.49769;-0.26726;-0.4001;-0.19613;0.078129;0.23075;0.018746;0.0099874;-0.076005;0.019273;-0.10055;-0.065554
3.513;-0.46839;-0.31495;-0.41722;-0.29461;-0.11942;0.36665;0.12765;-0.083745;0.050103;-0.047502;-0.10965;-0.011044
3.5594;-0.51138;-0.28958;-0.27988;-0.068839;-0.056598;0.22328;-0.12167;-0.15098;0.038793;-0.084635;-0.20978;0.10693
3.453;-0.55502;-0.20171;-0.25857;0.024319;0.17476;0.10743;-0.036808;-0.1186;0.073909;-0.037801;-0.23312;0.037533
3.5097;-0.55708;-0.17025;-0.40675;-0.16665;0.045064;0.26047;0.0057209;0.10913;-0.1002;-0.098914;-0.20402;-0.099045
3.67;-0.39407;0.01249;-0.17021;0.0064541;0.068033;0.26776;-0.06375;-0.10827;-0.16117;-0.030784;-0.13354;-0.047653
3.678;-0.3378;-0.099417;-0.24735;-0.1738;0.12624;0.40441;0.0056046;-0.15315;-0.10419;-0.094081;-0.15886;0.038576
3.7007;-0.22128;-0.024265;-0.1995;-0.075149;0.11156;0.26957;-0.011625;-0.037938;-0.11591;-0.10109;-0.14299;0.005671
3.7121;-0.26795;-0.090669;-0.14643;-0.10532;0.091062;0.38378;-0.0096724;-0.16352;-0.1265;-0.05844;-0.13428;0.035181
3.7326;-0.36306;-0.18967;-0.094871;-0.053171;0.037235;0.20901;0.016173;0.019939;-0.0069173;-0.10174;-0.3029;0.010145
3.8145;-0.26312;-0.22238;-0.31252;-0.19764;0.076093;0.42882;0.10379;-0.039409;-0.050736;-0.099935;-0.25865;0.0030703
3.7938;-0.27373;-0.10138;-0.23738;-0.021047;0.065742;0.3302;0.033672;-0.087349;-0.10507;-0.11245;-0.19341;0.0093728
3.7067;-0.28442;-0.034233;-0.10668;0.012846;0.044681;0.22573;0.049127;-0.18465;-0.059028;-0.076368;-0.22719;0.060204
3.8652;-0.23309;-0.0070912;-0.13549;-0.061958;0.045625;0.2803;0.057454;-0.19529;-0.073968;-0.037607;-0.24409;0.070304
3.8707;-0.25897;0.045212;-0.020674;0.11995;-0.047251;0.15404;0.011443;-0.23249;-0.073799;-0.011339;-0.1121;0.065876
3.8732;-0.30764;0.0097462;-0.062246;0.14857;-0.09574;0.12436;0.10837;-0.24458;-0.1609;0.061807;-0.11191;0.019141
3.9128;-0.29369;0.13809;0.022002;-0.078493;-0.058626;0.35367;-0.052535;-0.27679;-0.050823;-0.0053443;-0.10989;0.05618
3.8731;-0.38085;0.058614;-0.022354;0.020436;-0.11764;0.19821;-0.057644;0.023921;-0.04465;-0.13379;-0.066184;-0.083305
4.0437;-0.41582;0.12706;0.0015011;-0.09994;-0.10702;0.44732;-0.10037;-0.15688;-0.089538;-0.073869;-0.020975;-0.087077
4.0033;-0.45808;0.14748;0.062869;-0.066885;-0.16588;0.32229;-0.0091826;-0.1003;-0.11022;-0.060167;-0.12367;-0.070474
4.0715;-0.48654;0.067033;-0.18044;-0.087118;-0.065159;0.32059;0.052721;-0.0079912;-0.13391;-0.13773;-0.082967;-0.134
4.0148;-0.45109;0.055441;-0.096692;-0.13418;0.042427;0.21588;0.034784;0.0093875;-0.15524;-0.061652;-0.077737;-0.16384
3.9215;-0.5578;0.050402;-0.095452;-0.08533;0.12538;0.23414;-0.062148;-0.15087;-0.13354;0.010427;-0.10477;-0.11752
4.1224;-0.35903;0.078587;-0.3382;-0.068089;0.11895;0.024067;-0.056372;-0.13989;-0.080164;-0.13427;-0.096627;0.016657
4.5817;-0.0059242;0.39661;-0.20419;-0.34591;-0.30342;-0.20884;-0.17832;-0.20277;0.010628;-0.016917;-0.05234;0.041398
4.9169;0.083431;0.46502;-0.37206;-0.54611;-0.13082;-0.31793;-0.10562;-0.015354;-0.14565;0.058482;0.035585;-0.040936
4.9873;0.11184;0.48848;-0.50069;-0.59106;-0.02564;-0.34493;-0.076027;0.055873;-0.1022;0.11544;-0.012945;0.0031436
5.1398;0.11885;0.52578;-0.56776;-0.48787;-0.094945;-0.31018;-0.039989;-0.020077;-0.093913;0.10409;-0.0022213;-0.030129
5.2432;0.11492;0.55054;-0.52752;-0.59726;-0.035171;-0.306;-0.065893;0.047082;-0.13214;0.07386;0.026669;-0.075065
5.4231;0.047774;0.55583;-0.46933;-0.63783;-0.052814;-0.28055;-0.05027;0.019896;-0.19643;0.11033;-0.016472;-0.095576
5.556;0.042949;0.51679;-0.49671;-0.57589;-0.045026;-0.32687;-0.051402;0.016431;-0.17757;0.062232;-0.10556;-0.033025
5.789;0.011728;0.36934;-0.48022;-0.53905;-0.09616;-0.39651;0.0012677;0.011922;-0.17005;-0.011927;-0.062273;-0.065357
6.0136;-0.081339;0.3159;-0.43958;-0.67393;-0.059399;-0.42544;0.0078013;0.07226;-0.2917;0.00051624;0.003143;-0.1525
6.1864;-0.097909;0.28321;-0.44314;-0.72781;-0.0056205;-0.44461;0.036179;0.048156;-0.28578;0.013265;-0.020422;-0.14474
6.2041;-0.031479;0.17025;-0.38312;-0.66358;-0.061967;-0.42189;0.071938;-0.036913;-0.276;0.039856;-0.087041;-0.12289
6.1915;-0.024928;0.15039;-0.38979;-0.62556;-0.13155;-0.39899;0.058611;-0.02542;-0.24806;-0.023546;-0.036255;-0.11456
6.0882;-0.062724;0.22117;-0.40289;-0.51046;-0.18234;-0.36158;0.04685;-0.1738;-0.056199;-0.049444;-0.15137;0.024537
5.9663;-0.24804;0.27464;-0.16781;-0.30371;-0.35534;-0.20386;-0.18018;-0.19499;0.028767;-0.050307;-0.11198;0.013687
5.8026;-0.44896;0.2403;-0.25192;-0.51706;-0.40804;0.10434;-0.17894;-0.10524;0.075739;-0.10628;-0.12501;-0.079443
5.6422;-0.51929;0.17751;-0.36527;-0.7858;-0.4634;0.21151;-0.01081;-0.0064313;0.078154;0.035108;-0.0087557;-0.069931
5.5468;-0.45667;0.19237;-0.11237;-0.68208;-0.414;0.12747;1.4486e-005;-0.052363;-0.01544;-0.033707;-0.062293;-0.083268
5.2927;-0.56969;0.20685;-0.056149;-0.48544;-0.32912;-0.021453;-0.16633;0.010914;-0.022688;-0.088171;-0.06552;-0.11233
5.1755;-0.62644;0.16311;-0.0077989;-0.35802;-0.18378;0.005858;-0.12369;0.07326;0.0087402;-0.039635;-0.049278;-0.16815
5.1678;-0.69998;0.13422;0.10219;-0.53495;-0.21272;0.021089;0.01669;0.10399;0.017114;0.033258;-0.098477;-0.11019
5.0428;-0.66469;0.075511;0.12014;-0.28241;-0.18641;0.019094;-0.084928;-0.11779;-0.11386;0.094797;0.015863;-0.097779
4.9623;-0.64893;0.12436;0.056492;-0.31597;-0.092079;0.12543;-0.1283;-0.06452;-0.17665;0.12933;0.022054;-0.12349
4.8175;-0.55741;0.2066;-0.090751;-0.33028;-0.073742;0.0070439;-0.29616;-0.037764;-0.12786;0.071597;-0.020433;-0.10568
5.3621;-0.151;0.35453;-0.22331;-0.52875;-0.27208;-0.28517;-0.12595;-0.12888;-0.15261;0.059996;-0.064488;-0.0021023
5.594;-0.02908;0.27082;-0.34023;-0.51781;-0.21622;-0.37403;0.041602;-0.13878;0.01892;0.012826;-0.20834;0.091188
5.5299;0.022051;0.24235;-0.41781;-0.57616;-0.090903;-0.39173;-0.016743;0.0039693;-0.0027764;-0.040515;-0.14599;0.049065
5.539;0.063804;0.15313;-0.47869;-0.50105;-0.13601;-0.4321;0.026585;0.037174;-0.031693;-0.010182;-0.10299;0.01808
5.4974;0.053383;0.12886;-0.47499;-0.51286;-0.14627;-0.41918;0.0080995;0.061595;-0.078634;0.047613;-0.10348;-0.011074
5.4462;0.020841;0.17923;-0.48281;-0.53999;-0.11259;-0.41495;0.033027;0.048656;-0.080661;0.071554;-0.13503;0.037568
5.2201;0.039305;0.17425;-0.47817;-0.48516;-0.12193;-0.39879;0.021263;0.076421;-0.044702;0.018061;-0.081921;0.026206
5.0602;-0.077367;0.33368;-0.32922;-0.44969;-0.077141;-0.34117;0.08656;-0.12903;-0.13064;0.046105;-0.099418;0.094388
5.1732;-0.09721;0.29596;-0.38305;-0.46477;-0.15931;-0.30758;0.0692;-0.12559;0.074662;0.075323;-0.16407;0.10067
4.9896;-0.22443;0.37991;-0.43045;-0.47277;-0.051529;-0.47445;0.0070742;-0.03585;0.036316;0.031192;-0.17127;0.064205
5.0006;-0.31446;0.46274;-0.23277;-0.41165;-0.10028;-0.40312;0.0087484;-0.14357;0.010726;0.027219;-0.20445;0.036773
4.9368;-0.42609;0.42935;-0.27585;-0.28504;-0.11697;-0.23942;0.05733;-0.20694;-0.069739;0.029369;-0.055239;0.024474
4.8726;-0.58052;0.38773;-0.43329;-0.42701;-0.2223;-0.40106;0.12289;-0.16604;-0.077882;0.18969;-0.046823;0.048549
4.8517;-0.50632;0.42143;-0.30575;-0.21895;-0.20736;-0.42588;-0.053123;-0.23564;-0.015081;0.21762;-0.14117;-0.02627
4.7709;-0.56901;0.21653;-0.36786;-0.30798;-0.15518;-0.42789;0.042611;-0.19334;-0.00086649;0.26453;-0.15387;-0.029201
4.7393;-0.60797;0.20174;-0.29074;-0.33436;-0.13571;-0.36231;-0.06697;-0.25141;0.049311;0.23778;-0.077395;0.0021398
4.7373;-0.61799;0.1705;-0.33188;-0.33156;-0.19121;-0.162;0.057299;-0.20379;-0.12123;0.19213;0.06279;-0.020528
4.7271;-0.62826;0.16967;-0.21186;-0.30486;-0.2214;-0.27366;-0.048079;-0.18821;-0.020476;0.12789;0.019423;-0.01066
4.7749;-0.6157;0.20416;-0.29437;-0.42003;-0.12068;-0.26309;-0.11622;-0.34185;-0.063767;0.038848;0.047557;0.083154
4.8832;-0.54637;0.1373;-0.22847;-0.31764;-0.18988;-0.31824;-0.19529;-0.3101;-0.07208;0.13006;-0.048947;-0.019984
4.9558;-0.48476;0.038383;-0.17322;-0.2898;-0.1483;-0.42917;-0.23769;-0.22958;0.019199;0.14121;-0.10681;-0.047215
5.49;-0.13338;0.018567;-0.17335;-0.49815;-0.37055;-0.24697;-0.13064;-0.15214;-0.028599;-0.01135;-0.13372;0.0040129
5.7625;-0.057472;-0.20533;-0.31534;-0.53587;-0.31524;-0.23939;-0.1196;-0.045714;0.079204;0.10237;-0.12244;-0.027622
5.8853;-0.079036;-0.36219;-0.32143;-0.53953;-0.26462;-0.26947;-0.14916;-0.027169;0.1639;0.067471;-0.10309;-0.0010452
5.9603;-0.17173;-0.47805;-0.36956;-0.49115;-0.26138;-0.3285;-0.1158;-0.01419;0.23413;0.10552;-0.060735;0.041661
6.0315;-0.22565;-0.54642;-0.41824;-0.46763;-0.35846;-0.32732;-0.083334;0.0045739;0.28455;0.10328;-0.067671;0.034014
6.0287;-0.3708;-0.60059;-0.49096;-0.70142;-0.42299;-0.40658;-0.053378;0.071655;0.28408;0.17414;-0.073874;0.1082
6.033;-0.3167;-0.39554;-0.491;-0.77001;-0.36986;-0.2624;0.062138;0.037016;0.17593;0.11204;-0.055263;0.17728
5.7851;-0.33752;-0.25863;-0.57375;-0.91395;-0.28324;-0.24065;0.13405;0.030639;0.065646;0.15905;-0.016516;0.055701
5.4721;-0.35139;-0.16876;-0.41283;-0.6998;-0.18394;-0.30098;-0.021935;-0.076656;-0.12464;0.03209;-0.080092;0.033811
5.2208;-0.38659;-0.065044;-0.37627;-0.58184;-0.18327;-0.16483;0.10394;-0.038394;-0.175;0.021377;-0.0036802;0.0010194
5.252;-0.24351;-0.068429;-0.64751;-0.85691;-0.31093;-0.19406;0.092121;0.063784;-0.051638;0.1757;0.021186;-0.040494
5.0091;-0.15594;0.028699;-0.53586;-0.75825;-0.2783;-0.2898;-0.026671;-0.023903;-0.0040708;0.025366;-0.020988;0.044852
5.027;-0.17137;-0.083857;-0.47731;-0.68159;-0.21519;-0.33839;0.071062;0.042374;-0.0060944;0.072098;-0.055155;0.0052003
5.0367;-0.13477;-0.15388;-0.62395;-0.55442;-0.20974;-0.3822;0.06364;0.026403;0.026113;0.10555;-0.10365;0.053491
5.111;-0.14615;-0.098272;-0.57889;-0.60064;-0.19225;-0.35657;-0.091768;0.035188;-0.11487;0.030306;-0.077288;-0.037813
5.0937;-0.21884;-0.175;-0.37191;-0.34675;-0.11782;-0.24245;-0.075596;-0.04258;-0.077965;0.034839;-0.079515;0.040911
5.2022;-0.15435;-0.18594;-0.44109;-0.36792;-0.14907;-0.1469;-0.011061;-0.0091703;-0.02202;-0.0045447;-0.063621;0.037413
5.188;-0.18723;-0.22536;-0.46189;-0.39749;-0.2199;-0.17069;0.0071256;-0.044881;0.063624;0.046181;-0.015506;0.092809
5.1641;-0.19884;-0.053271;-0.43303;-0.26793;-0.19622;-0.31432;-0.065672;-0.12955;-0.034161;0.0014748;-0.1276;0.05862
5.0176;-0.18385;-0.015146;-0.56525;-0.48317;-0.12952;-0.26852;0.058501;-0.01309;-0.18208;-0.0065792;-0.12736;-0.083641
4.8873;-0.080999;0.11793;-0.40684;-0.56271;-0.1272;-0.34615;-0.022897;-0.014972;-0.23212;0.10769;-0.033748;-0.0115
4.7703;-0.039157;0.17875;-0.4814;-0.48061;-0.23126;-0.39293;0.039356;-0.055143;-0.14182;0.20056;-0.0087188;-0.012029
4.6976;-0.070346;0.092986;-0.48689;-0.53072;-0.35352;-0.393;-0.041276;-0.12906;-0.044158;0.2424;-0.049548;0.026577
4.6124;-0.22159;-0.12659;-0.44404;-0.32808;-0.31084;-0.29214;-0.0079439;0.0072508;0.03709;0.17754;-0.020721;0.013948
4.824;-0.15991;-0.17862;-0.38928;-0.22756;-0.28048;-0.52354;-0.22717;-0.026066;0.060802;0.16235;-0.089414;-0.031742
4.6445;-0.18535;-0.0076352;-0.31622;-0.24812;-0.35039;-0.25026;-0.021619;-0.011204;0.041337;0.082807;-0.089776;-0.042836
4.7282;-0.28236;0.027768;-0.45478;-0.26413;-0.3486;-0.24394;-0.15844;-0.15508;0.12481;0.0058015;-0.066942;0.03913
4.6942;-0.2143;0.14719;-0.28404;-0.24909;-0.27957;-0.28595;-0.17212;-0.1369;0.042716;0.010805;-0.099698;0.02856
5.0981;-0.21243;0.046259;-0.42204;-0.45119;-0.17989;-0.45974;-0.1777;-0.018019;0.0014994;0.015811;-0.15075;0.11557
5.0394;-0.26794;0.025332;-0.36336;-0.4582;-0.082517;-0.46382;-0.11084;-0.037281;-0.025046;-0.01941;-0.14654;0.16352
5.036;-0.1922;-0.074243;-0.45609;-0.44216;-0.16217;-0.29915;-0.048451;-0.15367;-0.05514;-0.008277;-0.10097;0.11242
4.9715;-0.28102;-0.063048;-0.38468;-0.44268;-0.12218;-0.38136;0.080754;-0.13409;-0.0442;0.14369;-0.14522;0.08404
4.916;-0.19937;-0.0098966;-0.43713;-0.50645;-0.13697;-0.3236;0.01889;-0.061223;0.11902;0.023891;-0.13297;0.17947
4.9516;-0.17793;-0.064393;-0.32889;-0.41522;0.019989;-0.21318;0.05543;-0.096623;-0.0077575;0.0078759;-0.17388;0.085509
4.9511;-0.10278;0.068437;-0.22201;-0.31755;-0.11711;-0.27951;-0.14486;-0.047959;0.032021;-0.04401;-0.12344;0.088175
4.9906;-0.13717;0.039673;-0.24095;-0.28919;-0.25295;-0.20059;-0.090579;0.067022;0.030905;-0.039744;-0.087908;-0.031361
4.9607;-0.13554;0.031287;-0.23555;-0.28015;-0.11193;-0.34542;-0.036034;0.024744;-0.054572;0.026657;-0.051832;0.057378
4.8959;-0.2045;0.089288;-0.23915;-0.59168;-0.25224;-0.36308;0.0026276;0.01594;-0.035396;0.091725;0.00094083;0.04173
4.7233;-0.29711;0.13616;-0.21154;-0.4888;-0.22743;-0.27416;-0.0019255;-0.088289;-0.044674;0.1425;-0.053572;0.036328
4.8899;-0.23956;-0.1577;-0.32217;-0.307;-0.074055;-0.21687;-0.12578;0.062654;0.10895;0.12871;-0.013677;-0.026301
4.9635;-0.26373;-0.36649;-0.54893;-0.32626;0.071259;-0.2671;-0.062292;-0.11712;-0.07767;0.066156;-0.078716;0.061138
4.8702;-0.093731;-0.082647;-0.30568;-0.3128;-0.018171;-0.38398;-0.15807;-0.03119;-0.16526;0.098198;-0.0047737;0.017852
4.8994;-0.091081;-0.02604;-0.38381;-0.39922;0.010143;-0.47873;-0.13005;0.10812;-0.08194;0.089481;-0.026431;0.0021166
4.7293;-0.055242;-0.11803;-0.43969;-0.27171;0.00012358;-0.30977;-0.17378;-0.08325;-0.083792;0.11556;-0.065768;0.0047906
4.8714;-0.057412;-0.18583;-0.48426;-0.40068;-0.057067;-0.36429;-0.13866;-0.057083;-0.040595;0.17454;-0.0053255;0.030158
4.9907;-0.011812;-0.18787;-0.46837;-0.28614;-0.017752;-0.44435;-0.19326;-0.084981;0.032296;0.19362;-0.054249;-0.0013427
5.0591;-0.053999;-0.3815;-0.46973;-0.33072;0.12579;-0.36943;-0.22797;-0.028856;0.143;0.13068;-0.024844;0.060301
5.2382;-0.011497;-0.50415;-0.38312;-0.39548;0.1148;-0.072858;-0.286;-0.063262;0.094458;-0.061503;-0.012702;0.094374
5.3947;-0.15907;-0.53868;-0.35221;-0.53744;0.17292;0.081062;-0.31151;-0.0098601;0.080857;-0.1536;-0.0033267;0.071726
5.456;-0.23094;-0.52682;-0.37787;-0.44908;0.11576;0.08714;-0.22241;-0.090205;0.029143;-0.14686;0.017244;0.065334
5.4874;-0.21391;-0.55145;-0.35882;-0.40653;0.093452;-0.046968;-0.21008;-0.14694;-0.077477;-0.03455;0.07092;0.08326
5.4734;-0.26146;-0.5578;-0.26756;-0.30373;0.12097;-0.10912;-0.31629;-0.16666;-0.093527;-0.053561;0.13687;0.13156
5.4297;-0.35341;-0.57904;-0.35181;-0.33081;0.10205;-0.11424;-0.21107;-0.023789;-0.018835;-0.0097901;0.14257;0.12478
5.5685;-0.33425;-0.36767;-0.31132;-0.30778;0.051913;-0.20804;-0.24537;-0.033449;-0.070067;-0.076634;0.11985;0.16241
5.4755;-0.28946;-0.34499;-0.19089;-0.40197;-0.054611;-0.23827;-0.2302;-0.011974;-0.010958;-0.19006;-0.037137;0.16209
5.2685;-0.23964;-0.19058;-0.47504;-0.58697;-0.15003;-0.081092;-0.092615;-0.13815;-0.0068796;-0.11918;-0.07967;0.080379
5.0428;-0.26463;-0.2485;-0.47789;-0.52272;0.13861;-0.056541;0.030734;0.18651;-0.068186;-0.019719;-0.14684;-0.092401
5.0652;-0.11735;-0.043954;-0.20246;-0.42859;0.01107;-0.13775;-0.15548;0.01215;-0.057881;-0.043495;-0.069801;-0.055837
4.9411;-0.034092;0.05517;-0.24116;-0.35464;-0.093273;-0.1479;-0.19697;-0.0079911;0.004796;-0.036622;0.012492;-0.0083462
4.8609;-0.08561;0.089842;-0.40467;-0.45548;-0.19891;-0.058658;-0.090815;-0.083434;0.065804;0.029295;0.039573;0.010304
4.7501;-0.14229;0.01347;-0.38248;-0.40048;-0.15338;-0.17138;-0.09044;-0.081723;-0.10322;-0.013298;-0.025381;0.0015312
4.6861;-0.2021;-0.073486;-0.32424;-0.28684;-0.0079541;0.017038;-0.15136;-0.03605;-0.066813;-0.014728;-0.057964;-0.030972
4.5862;-0.17995;0.0086293;-0.29801;-0.33292;-0.058554;-0.11748;-0.10125;-0.021219;-0.038404;0.14282;0.014443;-0.038462
4.5839;-0.16811;-0.060809;-0.3914;-0.33811;-0.1141;-0.19219;-0.25371;-0.2381;-0.017776;0.065067;0.054192;0.071952
4.591;-0.15418;-0.011635;-0.29585;-0.32317;0.034838;-0.11958;-0.26988;-0.14275;-0.071438;0.055308;0.03388;0.0056627
4.656;-0.1126;0.030721;-0.34186;-0.11486;-0.032759;-0.20324;-0.21933;-0.16608;-0.11294;-0.027195;-0.026572;-0.0011604
4.876;-0.029258;0.05905;-0.45167;-0.55408;-0.1013;-0.37548;-0.17469;-0.0953;-0.11931;0.10679;0.016259;0.043319
4.9003;-0.16444;-0.018391;-0.49496;-0.49167;-0.11327;-0.4985;-0.16817;-0.19853;-0.026446;0.20474;-0.12321;0.039194
4.9576;-0.2345;0.077386;-0.51614;-0.52822;-0.07664;-0.50106;0.0036353;-0.17758;-0.092885;0.25185;-0.091312;0.057086
4.9473;-0.12066;-0.022892;-0.48831;-0.50871;-0.14839;-0.51139;-0.12992;-0.05274;0.043936;0.14958;-0.093157;0.04931
4.8956;-0.21323;-0.052031;-0.38479;-0.36191;-0.054448;-0.47267;0.0028792;-0.089309;0.055868;0.11798;-0.11496;0.057939
4.9918;-0.17347;-0.11529;-0.41543;-0.47465;-0.030009;-0.29175;-0.031404;-0.16994;-0.074023;0.034503;-0.03239;0.071074
4.9501;-0.092851;-0.031917;-0.27074;-0.46468;-0.17128;-0.30438;-0.0097841;-0.15485;-0.028355;0.028482;-0.016367;0.060731
5.0521;0.016028;-0.1529;-0.18606;-0.55121;-0.2239;-0.31057;-0.094893;-0.1055;0.068782;0.13644;0.00085518;0.031188
4.946;-0.031651;-0.23209;-0.24732;-0.35771;-0.33981;-0.39109;-0.065183;-0.032323;0.10015;0.055977;-0.031639;0.038981
4.9071;-0.078571;-0.35572;-0.19464;-0.39706;-0.54756;-0.36268;0.010309;-0.01742;0.091463;0.097271;-0.058116;0.058713
4.8757;-0.17918;-0.33841;-0.20528;-0.41101;-0.38423;-0.25605;0.15479;-0.10011;0.027778;0.16051;-0.032914;0.041665
4.8991;-0.21759;-0.45559;-0.1833;-0.34438;-0.36093;-0.34532;-0.040601;-0.091295;-0.021705;0.015967;-0.060018;0.030718
4.8302;-0.24666;-0.41349;-0.21551;-0.349;-0.26231;-0.26385;-0.14524;-0.018704;-0.079113;-0.014047;0.03528;0.081216
4.8911;-0.21609;-0.36736;-0.10516;-0.35291;-0.30264;-0.29213;-0.039219;0.044317;-0.0052366;0.042844;0.063418;0.030613
4.9003;-0.14495;-0.21508;-0.11588;-0.36481;-0.2685;-0.39497;-0.11541;-0.028034;-0.04076;-0.0033649;-0.0040023;0.072928
4.797;-0.18715;-0.27984;-0.16948;-0.2963;-0.22307;-0.14721;0.16786;0.031326;-0.11644;0.14538;0.070261;0.031783
4.8449;-0.13133;-0.17923;-0.17127;-0.33276;-0.23193;-0.16855;-0.018657;-0.10067;-0.12158;0.14929;0.071583;0.019504
4.7471;-0.15033;-0.16474;-0.18297;-0.26393;-0.14091;-0.21987;-0.14618;-0.082945;-0.1999;0.0013232;0.081959;0.016207
4.801;-0.090164;-0.29759;-0.18086;-0.1488;0.016884;-0.22159;0.0057447;-0.078092;-0.15575;-0.0057198;-0.061353;0.018487
5.1782;0.042756;-0.51332;-0.20138;-0.20317;-0.21683;-0.18658;0.082253;-0.17266;-0.064992;-0.043116;-0.083363;0.070962
5.2441;0.018678;-0.56741;-0.05666;-0.33887;-0.28666;-0.20381;0.071552;-0.18689;-0.039363;0.040298;-0.042134;0.068823
5.309;-0.0092153;-0.65124;-0.0068525;-0.27602;-0.24945;-0.068598;0.096564;-0.23717;-0.044954;-0.012151;-0.097308;-0.020389
5.3061;-0.058631;-0.6085;-0.070439;-0.2747;-0.2673;-0.18463;0.12166;-0.20457;0.076706;0.057219;-0.10296;0.027181
5.2892;-0.079484;-0.6501;-0.10914;-0.29871;-0.21074;-0.14948;0.1496;-0.12848;0.026513;0.06501;-0.050834;-0.023871
5.3049;0.0042248;-0.63786;-0.26849;-0.29216;-0.24762;-0.16859;0.01858;-0.1473;-0.0044444;0.12691;-0.02226;-0.10618
5.2606;0.010824;-0.63839;-0.37477;-0.21834;-0.24641;-0.027175;0.032871;-0.10479;-0.014463;0.11361;-0.048834;-0.16802
5.0991;0.068893;-0.49952;-0.33782;-0.31826;-0.18022;-0.08453;-0.024714;-0.11301;-0.031686;0.056082;-0.073547;-0.036275
4.9716;0.073669;-0.27161;-0.35228;-0.36047;-0.14364;-0.11988;-0.053364;-0.06052;0.018239;-0.02624;-0.058517;-0.011897
4.9794;0.00078979;-0.3506;-0.26574;-0.32705;-0.11719;-0.10146;0.032385;-0.16441;-0.040526;0.0090088;-0.024703;0.0045663
4.9117;0.083189;-0.11412;-0.15451;-0.28946;-0.19326;-0.1459;-0.18049;-0.15405;-0.051489;0.050799;0.0083901;-0.0030883
4.7696;0.072848;-0.13637;-0.24123;-0.25081;-0.17954;-0.13088;-0.096198;-0.233;0.041354;0.076825;-0.12422;0.043483
4.7356;0.013198;-0.093049;-0.20649;-0.27564;-0.16218;-0.19862;-0.14427;-0.11353;-0.098596;0.054896;-0.045627;-0.036394
4.6618;-0.03628;-0.14885;-0.36765;-0.26279;-0.17784;-0.21193;-0.062997;0.070058;-0.08542;-0.052609;-0.033331;-0.028513
4.5758;-0.037344;-0.046033;-0.30902;-0.35653;-0.055226;-0.17706;-0.16893;-0.0035719;0.033504;0.027235;-0.025242;0.051006
4.4617;-0.12206;-0.12277;-0.30079;-0.17443;-0.11576;-0.20135;-0.073474;-0.030542;0.095668;0.18487;-0.045161;-0.017151
4.5821;-0.088125;-0.071382;-0.23405;-0.25261;-0.28969;-0.26432;-0.2292;-0.092767;0.090819;0.16729;0.0010463;-0.039938
4.6005;-0.12248;-0.11927;-0.18334;-0.43784;-0.16072;-0.14374;-0.17697;0.0015878;-0.0028632;0.19515;0.053347;-0.022617
4.5606;-0.1237;-0.10697;-0.19606;-0.23571;-0.10258;-0.12756;-0.31398;-0.09817;-0.048987;0.085803;0.011441;0.020344
4.8898;-0.029165;-0.26356;-0.34102;-0.15747;-0.30098;-0.12274;-0.10537;-0.090821;0.0023227;0.031241;-0.034335;-0.089541
4.9214;0.01942;-0.29236;-0.20377;-0.34436;-0.26809;-0.23351;-0.13893;-0.11272;-0.22196;0.12006;0.005923;-0.066116
4.8767;-0.054201;-0.4497;-0.17049;-0.346;-0.30923;-0.15172;0.10716;-0.093323;-0.24132;0.07624;-0.061221;-0.01523
4.8742;-0.0132;-0.49216;-0.11561;-0.23634;-0.27304;-0.16604;0.11424;-0.080857;-0.1735;0.0085702;-0.092132;-0.091492
4.9539;-0.042192;-0.44195;-0.20496;-0.32641;-0.37394;-0.19809;0.14226;-0.11269;-0.11696;0.028112;-0.069935;-0.024801
4.8656;-0.082861;-0.39654;-0.37228;-0.30217;-0.21577;-0.29498;0.03096;0.034579;-0.042806;0.0017556;-0.13842;-0.025748
4.8724;-0.098923;-0.34849;-0.32045;-0.39119;-0.19173;-0.20301;0.18508;0.065367;-0.10354;0.095741;-0.11366;-0.075905
4.8326;-0.034588;-0.2149;-0.22845;-0.40044;-0.39376;-0.28403;-0.0012511;-0.17246;-0.1394;0.18093;-0.026333;-0.018677
4.7735;-0.015056;-0.16832;-0.089501;-0.18093;-0.31867;-0.21262;-0.087479;-0.072051;-0.1076;0.077146;-0.081848;-0.07746
4.8469;-0.047741;-0.12551;-0.10017;-0.29774;-0.36166;-0.098983;0.0090511;-0.063301;-0.14136;0.11196;0.01344;-0.1138
4.6979;-0.037007;-0.065362;-0.080949;-0.28339;-0.27289;-0.15244;-0.09576;-0.096039;-0.10728;0.1174;0.020511;-0.096118
4.5784;-0.036395;-0.1253;-0.16532;-0.37409;-0.025137;-0.097501;-0.14511;-0.12363;-0.090676;0.037397;-0.072072;-0.0093877
4.5963;-0.11789;-0.29643;-0.27826;-0.52294;-0.036687;-0.17254;-0.11034;-0.15003;-0.19542;0.12024;-0.017913;-0.046518
4.5652;-0.048229;-0.094739;-0.20923;-0.57816;-0.12604;-0.35429;-0.22686;-0.14437;-0.067039;0.16078;-0.059038;0.00097517
4.4892;-0.04113;-0.081722;-0.16854;-0.65918;0.011822;-0.37431;-0.22814;-0.021711;-0.074461;0.060729;-0.037361;0.010201
4.3847;-0.0411;-0.10228;-0.21612;-0.60866;0.013679;-0.1934;-0.19813;-0.12089;-0.071667;0.15371;0.0065086;0.037184
4.4026;-0.15919;-0.20735;-0.32503;-0.66211;0.29386;-0.2316;-0.17038;0.010689;-0.1564;0.13708;0.10023;0.017251
4.2882;0.0082667;-0.14432;-0.37934;-0.51936;0.097977;-0.36414;-0.25103;0.021072;-0.048544;0.036681;0.054366;0.10804
4.3938;0.021139;-0.089844;-0.40481;-0.53879;0.10782;-0.22952;-0.2083;-0.011851;-0.010299;0.14108;0.061853;0.044139
4.5729;0.10851;0.096408;-0.35238;-0.67638;0.23739;-0.53277;-0.23112;0.099854;-0.22037;0.0076046;0.02365;-0.030412
4.8809;0.099424;0.075901;-0.38707;-0.79876;0.18687;-0.59771;-0.28709;0.084993;-0.1709;0.029905;0.042685;-0.013995
4.845;0.025809;-0.049387;-0.39851;-0.7266;0.21895;-0.50805;-0.2518;0.12571;-0.096262;0.057151;0.058582;0.012282
4.7318;-0.0011149;-0.1856;-0.40505;-0.74034;0.14935;-0.27008;-0.16582;0.082774;-0.030385;-0.052597;0.012998;-0.0048199
4.8574;0.080691;-0.20216;-0.35686;-0.62337;0.16111;-0.2626;-0.14957;0.10147;-0.03791;-0.083777;-0.047568;-0.0034131
4.9421;0.078377;-0.29771;-0.17826;-0.7008;0.034129;-0.14552;-0.20028;0.069335;0.054264;-0.03002;-0.084625;0.029414
4.9917;0.12042;-0.23188;-0.12378;-0.71255;-0.11547;-0.13976;-0.20195;-0.14031;0.0091183;0.029868;-0.05836;0.1248
4.8529;0.13263;-0.22907;-0.12596;-0.68195;-0.14443;-0.1567;-0.23839;-0.17534;0.00028259;0.069672;-0.041311;0.14923
4.8415;0.11781;-0.30436;-0.08504;-0.45256;-0.22887;-0.065686;-0.26687;-0.20833;-0.023047;0.11425;-0.12128;0.14287
4.6838;0.15592;-0.30548;-0.16639;-0.19237;-0.12357;-0.19119;-0.18647;0.059118;-0.031314;-0.030606;-0.11612;0.025348
4.7997;0.14528;-0.34035;-0.23009;-0.16293;0.040017;-0.34524;-0.10117;0.031411;-0.21882;-0.080079;-0.062916;0.12979
4.6669;0.15457;-0.38219;-0.37837;-0.14663;-0.11144;-0.42803;-0.17694;0.021019;-0.1852;0.031341;-0.019392;0.12732
4.5668;0.25063;-0.11099;-0.32377;-0.15042;-0.23376;-0.33624;-0.14132;-0.019023;-0.066047;0.064385;-0.066809;0.057858
4.4159;0.19222;-0.14859;-0.42423;-0.28106;-0.074911;-0.34656;-0.047407;0.028167;0.013937;-0.025447;-0.090464;0.1012
4.278;0.22198;-0.17681;-0.41137;-0.27977;-0.022501;-0.037237;-0.033802;-0.089027;-0.092128;-0.061351;-0.064397;0.0029227
4.2887;0.18515;0.0037713;-0.3866;-0.27368;0.026779;-0.21269;-0.12768;-0.093438;-0.10072;0.047633;-0.059459;0.010727
4.3123;0.1121;-0.072485;-0.43546;-0.24883;-0.036425;-0.22057;-0.20523;0.073515;0.036587;-0.025531;-0.090625;0.044614
4.3521;0.18329;-0.091878;-0.39123;-0.28682;0.024303;-0.3416;-0.25628;0.039419;-0.032239;-0.0070842;-0.08949;-0.037917
4.3862;0.085227;-0.14747;-0.40154;-0.32928;-0.084367;-0.23115;-0.32818;0.068723;-0.059521;-0.035906;-0.047302;0.019933
4.4794;0.13879;-0.27414;-0.58688;-0.20891;-0.1264;-0.2904;-0.28717;0.12026;0.033528;0.039036;0.01955;-0.027907
4.5948;0.22904;-0.51143;-0.5505;0.087084;-0.14855;-0.24996;-0.23075;0.075137;0.085338;-0.031383;-0.020121;-0.073185
4.8186;0.33461;-0.72283;-0.60658;0.019498;-0.34045;-0.34343;-0.26336;0.071243;0.14943;0.11506;0.046223;-0.003035
4.9646;0.42666;-0.63571;-0.60834;-0.081196;-0.32219;-0.40302;-0.15927;0.070955;0.12067;0.11535;0.039285;-0.022288
5.1332;0.51766;-0.56529;-0.50516;0.014928;-0.33334;-0.33196;-0.20905;0.0028529;0.084156;-0.0071166;0.030466;-0.058594
5.2482;0.53486;-0.55441;-0.54957;0.0054071;-0.41692;-0.31291;-0.17525;0.02415;0.063505;-0.040133;-0.033981;-0.077973
5.2977;0.52468;-0.43281;-0.62686;-0.071941;-0.41989;-0.31175;-0.12015;-0.0055785;0.11759;-0.10346;-0.019224;-0.089349
5.329;0.54929;-0.47027;-0.54934;0.066592;-0.3723;-0.32256;-0.17214;-0.089114;0.12389;-0.1415;-0.049755;-0.13001
5.2923;0.49541;-0.38442;-0.53487;0.17944;-0.28156;-0.38441;-0.2989;-0.22472;0.048066;-0.045603;0.032011;-0.069511
5.2326;0.43981;-0.30577;-0.57127;0.19018;-0.21884;-0.40848;-0.26299;-0.27542;0.038604;-0.02401;0.044602;-0.03733
5.1584;0.46728;-0.32916;-0.53566;-0.0049996;-0.19388;-0.36523;-0.23776;-0.13083;0.034509;-0.050433;-0.0016915;-0.075603
5.1963;0.52856;-0.45377;-0.52438;-0.04025;-0.26663;-0.38291;-0.084271;-0.0082524;0.01968;-0.043713;-0.061853;-0.079617
5.2922;0.52591;-0.51659;-0.52422;-0.055171;-0.34877;-0.34749;-0.11678;0.11545;0.021544;-0.037769;-0.07611;-0.055966
5.2817;0.51038;-0.61396;-0.40642;-0.055157;-0.36383;-0.36598;-0.13299;0.1775;0.04259;-0.023923;-0.091281;-0.044125
5.2222;0.42446;-0.57335;-0.33458;-0.0047573;-0.35775;-0.33992;-0.033903;-0.049762;-0.025521;-0.012207;0.003576;-0.0024145
5.5024;0.36729;-0.7576;-0.21193;-0.060214;-0.41783;-0.28864;0.093385;-0.053335;-0.063157;-0.087761;0.07153;0.079508
5.5281;0.33542;-0.811;-0.18465;-0.087983;-0.45086;-0.22305;0.13188;-0.0089937;-0.14206;-0.16369;0.07661;0.14736
5.3297;0.33611;-0.7826;-0.25129;-0.11638;-0.35675;-0.016197;0.19668;-0.067085;-0.16994;-0.17791;0.035416;0.049929
5.3241;0.41131;-0.67703;-0.19634;-0.14277;-0.49396;-0.070463;0.059249;-0.099955;-0.11629;-0.058216;0.073076;0.01562
5.0363;0.48096;-0.42769;-0.18304;-0.029074;-0.39548;-0.21608;-0.035224;-0.1041;-0.13495;-0.01073;0.055066;0.046912
4.8772;0.46502;-0.35721;-0.17382;-0.20014;-0.52085;-0.19487;0.013425;0.046917;-0.065521;-0.00062933;0.075528;0.032402
4.7815;0.42401;-0.28975;-0.27364;-0.12647;-0.41465;-0.28957;-0.002838;-0.066802;-0.035118;0.07498;0.06516;0.025785
4.4311;0.26205;-0.14222;-0.4142;-0.32097;-0.44085;-0.39721;0.016561;0.044122;-0.12734;0.022713;0.14227;0.010743
4.5279;0.3597;-0.21769;-0.47909;-0.30647;-0.36124;-0.4385;-0.18811;-0.10313;-0.015709;0.053831;-0.01104;0.021151
4.5869;0.44425;-0.15561;-0.46219;-0.26855;-0.4656;-0.36133;-0.086026;-0.080077;-0.033806;0.040946;0.003637;0.077109
4.577;0.52081;0.016083;-0.59354;-0.3716;-0.49177;-0.2673;-0.11454;-0.2199;0.007372;0.022861;0.07725;0.032957
4.6197;0.57118;-0.057081;-0.40969;-0.38024;-0.48194;-0.26091;-0.17004;-0.24419;-0.046486;0.049579;0.017175;0.048176
4.6757;0.47262;0.054533;-0.42518;-0.3672;-0.34769;-0.31624;-0.21768;-0.047188;-0.013944;0.008089;0.035233;0.068806
4.5314;0.49965;0.12982;-0.42982;-0.46202;-0.37364;-0.27806;-0.23775;-0.11093;-0.026786;0.02469;0.046987;0.034609
4.5789;0.50376;0.11142;-0.40397;-0.42421;-0.31852;-0.26643;-0.16318;-0.15457;-0.0051889;0.077786;0.0045924;0.080282
4.5677;0.52617;0.13834;-0.36097;-0.44055;-0.29256;-0.28347;-0.15969;-0.13164;-0.021386;0.085143;0.003099;0.060277
4.462;0.46609;0.16372;-0.36465;-0.42718;-0.18207;-0.28446;-0.20151;-0.10347;-0.068132;0.084076;0.03157;0.046502
4.5279;0.45026;0.13376;-0.3919;-0.47013;-0.13875;-0.27856;-0.22375;-0.069181;-0.09271;0.14479;0.047888;0.016893
4.8021;0.46958;0.078982;-0.44731;-0.47755;-0.09612;-0.36;-0.10691;-0.057348;-0.090168;0.069127;0.011633;0.047691
5.1142;0.46146;-0.12997;-0.54717;-0.48897;-0.040517;-0.21935;-0.13605;-0.058338;-0.094214;-0.060535;0.0056082;0.092901
5.3462;0.39259;-0.28906;-0.37484;-0.52385;-0.10705;-0.074385;-0.30278;-0.12373;0.041181;-0.19533;0.062251;0.1695
5.4876;0.39494;-0.36482;-0.44751;-0.45703;-0.16218;-0.057015;-0.23016;-0.13971;0.044105;-0.2306;0.069187;0.13349
5.5094;0.41825;-0.45377;-0.32327;-0.52014;-0.20057;0.024866;-0.24557;-0.1362;0.0020105;-0.17017;0.0037714;0.15807
5.5311;0.40732;-0.44422;-0.39773;-0.45068;-0.28352;-0.0019091;-0.15304;-0.26201;0.08249;-0.18082;-0.035091;0.14039
5.513;0.39044;-0.46919;-0.35145;-0.35198;-0.35256;-0.042766;-0.14572;-0.19689;0.051388;-0.14497;-0.031081;0.12535
5.5209;0.40295;-0.51215;-0.26553;-0.3093;-0.40883;-0.13648;-0.11569;-0.17798;0.00647;-0.10958;-0.013664;0.10771
5.4266;0.42995;-0.57235;-0.16209;-0.24573;-0.56876;-0.16379;-0.062724;-0.10606;-0.14324;-0.040776;0.043122;0.083707
5.368;0.42902;-0.56996;-0.10973;-0.20968;-0.55498;-0.22995;-0.023831;-0.15705;-0.096693;-0.053135;0.079256;0.090237
5.3536;0.41408;-0.51047;-0.18515;-0.17601;-0.65107;-0.24485;-0.054423;-0.15031;-0.05951;-0.06304;0.098362;0.033575
5.3313;0.45855;-0.54243;-0.14618;-0.17259;-0.66203;-0.24716;-0.067228;-0.092264;-0.085717;-0.031329;0.060093;0.039021
5.294;0.43232;-0.4992;-0.1045;-0.17977;-0.66524;-0.25536;-0.037739;-0.081018;-0.088991;-0.0087633;0.06227;0.052596
5.2328;0.4087;-0.5249;-0.11057;-0.21407;-0.60036;-0.31495;-0.078133;-0.13;-0.08963;0.026092;0.10485;0.036521
5.1422;0.41034;-0.46735;-0.12094;-0.27107;-0.65014;-0.21388;-0.12999;-0.12092;0.00062762;0.081899;0.053158;-0.0073544
5.1497;0.3803;-0.47658;-0.22792;-0.32607;-0.50834;-0.28186;-0.089271;-0.083415;0.067004;0.04138;-0.019482;0.036666
5.1673;0.33819;-0.44229;-0.16079;-0.41123;-0.30747;-0.18602;-0.14283;-0.046349;0.16263;-0.012547;-0.030567;0.092949
5.2811;0.32639;-0.36477;-0.1915;-0.39392;-0.25633;-0.29679;-0.10655;0.018504;0.13301;-0.024038;-0.11068;0.14363
5.1973;0.33667;-0.077559;-0.18849;-0.44255;-0.10624;-0.33901;0.017276;-0.033163;-0.019273;-0.031482;-0.12331;0.12923
5.1548;0.33599;-0.042221;-0.15424;-0.50978;-0.1385;-0.15254;-0.071281;-0.14634;-0.038858;0.027345;-0.082711;0.062066
4.9855;0.32573;-0.013331;-0.17887;-0.43204;-0.16623;-0.1701;-0.09182;-0.22565;0.087284;0.067913;-0.14931;0.086665
4.7204;0.28926;-0.053347;-0.32371;-0.54017;-0.21101;-0.2121;-0.14194;-0.18858;0.1287;0.10653;-0.11285;0.11326
4.4348;0.30879;0.020964;-0.32887;-0.49749;-0.28965;-0.21252;-0.16689;-0.16771;0.031493;0.068586;-0.11173;0.11944
4.3607;0.26873;0.067893;-0.25754;-0.47952;-0.079277;-0.29963;-0.25112;-0.05735;0.068571;-0.028267;-0.051759;0.10438
4.3777;0.22635;-0.010421;-0.42839;-0.5348;-0.22296;-0.29377;-0.24266;-0.083371;0.014355;0.065941;0.0074985;0.065574
4.1932;0.23854;-0.014818;-0.38816;-0.38189;-0.20797;-0.18835;-0.14416;-0.0043928;0.015642;0.085748;0.037817;0.033349
4.1887;0.2154;0.044762;-0.43377;-0.36632;-0.22321;-0.35331;-0.2244;-0.088374;0.060693;0.075247;-0.07971;0.025054
4.1432;0.16496;0.015976;-0.44717;-0.28002;-0.063163;-0.28385;-0.13743;-0.0058873;0.058593;0.066935;-0.087617;-0.0092186
4.2768;0.092448;0.029165;-0.47577;-0.27549;-0.0076924;-0.26715;-0.27403;-0.060867;0.050399;-0.09064;0.058344;-0.0026474
4.5272;0.18502;0.3016;-0.50114;-0.15166;-0.10466;-0.37719;-0.22131;-0.19953;0.09014;-0.053319;-0.015573;0.0023829
4.7769;0.17845;0.47158;-0.69728;-0.18762;-0.082232;-0.32379;-0.19064;-0.14933;0.08338;-0.10284;0.068881;0.012113
4.7574;0.19124;0.46678;-0.57908;-0.27682;0.11092;-0.40874;-0.21206;-0.076124;-0.16005;0.00264;0.0033095;0.045878
4.7052;0.25208;0.39357;-0.60861;-0.18267;0.0023988;-0.32979;-0.13566;-0.14974;-0.058758;0.053209;-0.02958;0.0028578
4.7319;0.31627;0.29004;-0.59099;-0.12457;-0.050344;-0.22068;-0.16323;-0.27467;0.025832;0.0098595;-0.055075;0.047428
4.6214;0.43058;0.17115;-0.4983;-0.23504;-0.10564;-0.23313;-0.14032;-0.23074;-0.0026809;0.10347;-0.088448;0.057761
4.5207;0.31785;0.13663;-0.48321;-0.25561;-0.13269;-0.06986;-0.17788;-0.20685;0.060085;0.0088596;-0.015265;0.018407
4.3421;0.234;0.1075;-0.51891;-0.23665;-0.14735;-0.072468;-0.24329;-0.20731;0.10681;-0.05057;0.030932;0.020264
4.311;0.24318;0.070644;-0.59198;-0.30068;-0.1375;-0.12057;-0.25129;-0.26838;-0.037028;-0.021969;0.070905;0.083057
4.1642;0.30445;0.071553;-0.42342;-0.40664;-0.23056;-0.083384;-0.107;-0.17823;-0.12814;0.05837;0.077088;0.048313
4.1441;0.34322;0.14103;-0.46463;-0.46951;-0.21381;-0.26586;-0.25176;-0.11864;-0.01247;0.075547;0.020229;0.044911
4.1549;0.22127;0.097842;-0.46382;-0.36553;-0.22345;-0.17144;-0.10309;-0.16743;-0.092217;0.032737;0.037545;0.037637
4.1717;0.0099571;0.21079;-0.57006;-0.30228;-0.25648;-0.037474;-0.056127;-0.30618;0.031505;-0.063727;0.013381;-0.032388
4.3302;-0.22446;0.51042;-0.53217;-0.019737;-0.26638;-0.09282;-0.034291;-0.40621;0.1649;-0.13447;-0.0039751;0.067888
4.4396;-0.45585;0.53376;-0.63153;-0.26275;-0.29883;-0.24325;-0.011115;-0.2381;0.25256;-0.049545;0.041539;0.074685
4.5778;-0.57074;0.6099;-0.61006;-0.28045;-0.090076;-0.33518;-0.044199;-0.22397;0.091515;-0.15967;0.034503;0.11839
4.6654;-0.5111;0.51339;-0.58169;-0.42218;0.021928;-0.16719;0.050682;-0.1823;-0.054122;-0.20154;-0.0035047;0.076896
4.5562;-0.47173;0.39836;-0.65013;-0.44041;0.035975;-0.23515;0.093874;-0.1154;0.0060516;-0.10503;-0.03863;0.092675
4.4262;-0.33289;0.35122;-0.60811;-0.61441;0.057951;-0.29106;-0.13381;-0.033339;0.13177;-0.055044;-0.0078653;0.1103
4.462;-0.24324;0.22318;-0.55538;-0.56192;0.10195;-0.17044;-0.20963;0.017104;0.047276;-0.17068;0.078939;0.039521
4.5576;-0.096296;0.16754;-0.43468;-0.38837;0.24086;-0.33662;-0.23759;0.02178;-0.055719;-0.10338;0.021423;0.013053
4.8771;0.041467;-0.02666;-0.37647;-0.48308;0.15242;-0.33349;-0.18547;0.092102;-0.11761;-0.16114;0.114;0.04315
5.1036;0.18095;-0.21448;-0.36121;-0.52644;-0.025247;-0.35673;-0.19976;-0.035318;-0.15439;-0.10891;0.072752;0.12062
5.3737;0.24576;-0.36035;-0.25999;-0.46581;0.066874;-0.29243;-0.22227;0.014735;-0.13334;-0.093547;0.043722;0.093467
5.6325;0.16863;-0.31436;-0.28087;-0.35243;0.03025;-0.24864;-0.24973;-0.064625;-0.10926;-0.066299;0.078066;0.12414
6.3503;-0.27722;-0.27238;-0.18982;-0.35435;-0.10749;0.031557;-0.2408;-0.23835;-0.080568;-0.052438;0.089126;0.13141
6.1078;-0.10382;-0.31495;-0.26785;-0.31951;-0.021284;-0.078341;-0.28255;-0.23799;-0.1095;-0.10791;0.058632;0.23281
6.0431;-0.057742;-0.34679;-0.24982;-0.34566;0.071986;-0.09792;-0.28207;-0.15104;-0.17365;-0.14787;0.073941;0.24099
5.9319;-0.023996;-0.39296;-0.19836;-0.34278;0.21577;-0.069601;-0.24182;-0.12207;-0.21147;-0.18917;0.062691;0.24485
5.913;-0.08146;-0.32838;-0.1873;-0.39518;0.23191;0.037544;-0.33048;-0.040866;-0.21812;-0.22175;0.10629;0.21195
5.8437;-0.024258;-0.21875;-0.15775;-0.47928;0.12251;-0.061868;-0.3802;-0.028907;-0.1224;-0.16677;0.13731;0.19204
5.6554;0.085593;-0.20133;-0.26215;-0.49738;0.077439;-0.12032;-0.26636;-0.19334;-0.15535;-0.04593;0.081177;0.19198
5.529;0.054447;-0.12111;-0.31312;-0.49444;0.21003;-0.19498;-0.21701;-0.18459;-0.15339;-0.10012;0.090632;0.24094
5.3969;0.04077;-0.024323;-0.17597;-0.58713;0.23571;-0.19148;-0.29017;-0.099353;-0.10813;-0.14651;0.10943;0.22099
5.2827;0.084507;0.056646;-0.18512;-0.54536;0.23324;-0.23628;-0.34126;-0.11792;-0.033525;-0.089477;0.12905;0.18423
5.2496;0.081818;0.037957;-0.12023;-0.62364;0.28719;-0.20411;-0.43746;-0.055381;0.03128;-0.11468;0.13338;0.15848
5.1093;0.13678;0.037682;-0.14622;-0.54461;0.19723;-0.24232;-0.30717;-0.076375;0.01257;-0.081256;0.068119;0.098193
4.8821;0.25434;0.031478;-0.055343;-0.55505;-0.013877;-0.17596;-0.41299;0.035603;-0.0099807;-0.10037;0.089199;0.093667
4.7176;0.22871;0.089296;-0.050746;-0.48659;0.0042442;-0.10612;-0.36618;0.00096976;0.046387;-0.1731;0.041176;0.18776
4.7478;0.2422;0.053303;-0.14865;-0.54623;0.13127;-0.18654;-0.33207;-0.03408;0.12677;-0.14646;0.0059147;0.16509
4.6428;0.26747;0.13892;-0.14337;-0.57072;0.024501;-0.31374;-0.27267;0.016124;0.088083;-0.17203;-0.0036023;0.17208
4.5336;0.37156;0.091757;-0.16087;-0.48185;0.0086448;-0.23484;-0.22514;-0.004023;0.043719;-0.14388;-0.04336;0.16326
4.3973;0.34441;0.16073;-0.30989;-0.34063;-0.0079906;-0.055692;-0.33498;-0.04253;-0.014261;-0.06422;-0.059873;0.12189
4.3178;0.34815;0.039116;-0.26735;-0.25763;-0.1371;0.0081107;-0.20687;-0.12472;0.033588;-0.029715;-0.12321;0.061299
4.263;0.33691;0.13395;-0.24485;-0.28853;-0.14315;-0.10668;-0.13415;-0.11488;-0.027201;0.00039021;-0.13266;0.065406
4.0974;0.28861;0.24818;-0.20036;-0.39821;-0.05082;-0.14528;-0.20019;-0.031013;-0.049417;-0.023909;-0.027207;0.088097
4.2053;0.31889;0.29153;-0.22797;-0.55699;-0.054545;-0.089258;-0.23778;0.011802;-0.02069;-0.098714;0.046606;0.1012
4.151;0.35223;0.24214;-0.23197;-0.36978;-0.034207;-0.11607;-0.21728;-0.0044431;-0.039489;-0.085772;-0.025291;0.077433
4.0911;0.3277;0.23447;-0.16771;-0.3164;0.011093;-0.11728;-0.2799;-0.0055945;-0.055094;-0.068577;-0.049053;0.071947
4.0021;0.33375;0.24757;-0.22842;-0.30517;0.040055;-0.14021;-0.14891;-0.031335;-0.20695;-0.035841;-0.055158;0.061936
3.8809;0.25687;0.15403;-0.30552;-0.247;0.0028715;0.0089005;-0.1352;-0.086045;-0.12173;-0.13702;-0.079024;0.057134
3.8158;0.14344;0.081713;-0.31505;-0.18194;-0.017361;-0.16264;-0.19542;-0.049682;-0.0258;0.052617;-0.098196;0.04442
3.8598;0.13917;0.13355;-0.35425;-0.32575;-0.075604;-0.18144;-0.24132;-0.060401;0.076414;-0.011231;-0.080541;0.080661
3.8303;0.10644;0.048926;-0.29975;-0.28366;0.068295;-0.17072;-0.24256;-0.024083;-0.021868;0.010303;-0.074352;0.034276
3.7031;0.08974;0.066806;-0.20201;-0.21599;-0.005528;-0.21208;-0.16931;-0.12004;0.033366;0.01499;-0.088378;0.023579
3.735;0.027965;0.00024306;-0.26676;-0.18092;0.05403;-0.084673;-0.2152;-0.14612;0.059268;0.065378;-0.094048;0.063897
3.8743;0.077635;-0.039496;-0.32435;-0.21782;-0.04476;-0.22307;-0.15043;-0.064111;0.088541;0.14353;0.0073375;-0.010762
3.7543;0.060926;0.00012149;-0.47593;-0.25086;-0.0028979;-0.32199;-0.13405;-0.11732;0.15241;0.1385;-0.076969;0.081012
3.6986;-0.011796;0.038728;-0.33454;-0.13259;0.15797;-0.30249;-0.19678;-0.10866;0.11082;0.14045;-0.10736;0.037748
3.6606;0.014505;-0.028692;-0.46955;-0.28606;0.2104;-0.12119;0.030021;0.070557;0.075384;-0.013596;-0.1334;0.031503
3.719;0.036698;-0.057245;-0.45663;-0.28526;0.04874;0.0087482;-0.0963;-0.0070791;0.063359;-0.014946;-0.13615;0.0080787
3.6809;-0.020206;-0.11474;-0.47761;-0.25754;0.090124;-0.097496;-0.24912;0.026386;0.036275;-0.019024;-0.068624;-0.0042996
3.8261;0.043798;-0.083321;-0.43589;-0.42355;0.044363;-0.1177;-0.33323;0.01062;0.082438;-0.08737;-0.0046185;0.044386
3.7147;0.060626;-0.035103;-0.30896;-0.38482;-0.018814;-0.080781;-0.28349;0.029985;0.10416;-0.081717;-0.0069328;0.016921
3.6889;-0.048584;-0.086419;-0.28889;-0.30745;-0.13614;-0.18487;-0.36328;-0.1614;0.11667;0.12483;-0.073212;-0.009193
3.6104;-0.1048;-0.11616;-0.30367;-0.3548;-0.10842;-0.16694;-0.33241;-0.096497;0.18111;0.063659;-0.029537;0.0014573
3.5331;-0.094115;-0.16256;-0.29827;-0.25391;-0.17064;-0.19702;-0.33008;-0.12275;0.015195;0.080076;0.01115;0.028173
3.5097;-0.082016;-0.14236;-0.35084;-0.2565;-0.13941;-0.021387;-0.26219;-0.12392;0.039935;-0.026514;-0.075859;-0.01332
3.7182;-0.037448;-0.12609;-0.2747;-0.46613;-0.12897;-0.023158;-0.25333;-0.14565;-0.045363;0.010506;-0.17371;0.011062
3.7613;-0.0051188;-0.089864;-0.37739;-0.46095;-0.15963;-0.060535;-0.16935;-0.19452;-0.070391;-0.0086997;-0.091974;0.033274
3.6525;-0.027805;-0.1755;-0.30876;-0.33129;-0.16143;-0.025512;-0.058899;-0.1704;-0.013301;0.027915;-0.082924;-0.017255
3.7223;-0.027985;-0.24347;-0.44904;-0.40841;-0.16608;-0.13677;-0.044432;-0.13015;-0.0051089;0.054529;-0.089972;0.02438
3.6783;0.01193;-0.2518;-0.5277;-0.45575;-0.27324;-0.069078;-0.026933;-0.10512;-0.067823;0.0081991;-0.04183;0.025697
3.6052;-0.028021;-0.19316;-0.4689;-0.45262;-0.31149;-0.051286;-0.064109;-0.072946;-0.16505;-0.012298;-0.017371;-0.027344
3.6763;-0.083261;-0.12243;-0.28538;-0.39784;-0.34495;0.067544;0.046761;-0.12472;-0.19452;0.010351;-0.1093;-0.14862
3.7087;-0.1121;-0.24062;-0.25397;-0.31765;-0.23118;-0.067225;-0.12205;-0.18184;-0.0096777;0.18389;-0.020957;-0.11975
3.7788;-0.097129;-0.25698;-0.51396;-0.47441;-0.331;-0.21731;-0.14034;-0.10528;0.068262;0.26725;0.032596;-0.074818
3.7579;-0.032258;-0.12076;-0.56709;-0.32821;-0.34201;-0.23999;-0.16598;-0.1363;0.14896;0.096695;0.0084884;-0.085087
3.8543;-0.00019525;-0.10413;-0.5828;-0.44274;-0.32682;-0.25832;-0.29481;-0.071754;0.19902;0.073796;0.088815;-0.074448
3.7575;-0.063241;-0.10073;-0.32241;-0.44958;-0.3633;-0.1953;-0.2869;-0.18239;0.087595;0.10105;-0.00057984;-0.065389
3.7179;-0.066902;-0.20383;-0.42776;-0.49025;-0.17108;-0.1247;-0.42941;-0.13923;0.018734;0.042054;0.077668;0.032293
3.807;0.035935;-0.19114;-0.30499;-0.49608;-0.23298;-0.2032;-0.18029;-0.12227;-0.07244;0.022272;0.013927;0.051114
3.7916;-0.00044036;-0.25726;-0.39706;-0.396;-0.15016;-0.062032;-0.23291;-0.1667;-0.016164;-0.00062837;-0.10312;0.040943
3.7491;-0.03707;-0.092181;-0.46165;-0.30621;-0.09268;-0.067876;-0.20151;-0.19048;0.016468;-0.079741;-0.14603;0.020952
3.725;-0.12111;-0.034569;-0.37456;-0.20993;-0.046992;-0.16961;-0.25121;-0.215;0.079031;0.064154;-0.09881;-0.020176
3.6296;-0.1084;-0.14938;-0.34786;-0.11546;0.0086555;-0.19406;-0.21971;-0.13526;0.095017;0.13477;-0.047764;-0.030869
3.5879;-0.16048;-0.21735;-0.28685;-0.19781;-0.12049;-0.24057;-0.1293;-0.13065;0.064404;0.11592;0.026273;0.072394
3.6507;-0.093181;-0.052792;-0.12658;-0.20764;-0.27201;-0.25426;-0.20924;-0.14895;-0.075017;0.0048345;0.13356;-0.018533
3.6625;-0.0761;0.050165;-0.024299;-0.095761;-0.31852;-0.32182;-0.020387;0.0062723;-0.19614;-0.068628;0.12779;0.036316
3.6463;-0.086817;0.045419;0.0034833;0.069102;-0.34527;-0.30055;0.054824;0.029613;-0.081415;-0.052613;0.17629;0.09366
3.6298;-0.037308;0.076888;0.039271;0.071731;-0.064105;-0.14588;0.0072695;-0.1427;-0.097414;0.12359;0.032781;-0.014635
3.7605;0.0037852;0.080691;-0.16284;-0.14758;0.027565;-0.26001;0.021613;-0.071435;-0.10713;0.23176;-0.036575;0.012939
3.7337;0.065984;0.10458;-0.12316;-0.19365;0.090973;-0.018364;0.049346;-0.087174;-0.086561;0.096856;-0.047426;-0.011631
3.773;0.079359;0.20593;-0.24423;-0.28047;0.15859;-0.11113;-0.098308;-0.045971;0.032611;0.060454;-0.036935;0.086784
3.8589;0.083804;0.02722;-0.19555;-0.23866;-0.0046372;-0.23211;-0.22039;-0.097384;0.12571;0.17003;-0.028401;0.064399
3.8076;0.064982;0.02457;-0.17282;-0.23654;-0.069218;-0.21779;-0.20187;0.01543;0.099839;0.18841;-0.034732;0.034242
3.8827;0.08625;-0.015548;-0.29069;-0.36011;-0.24274;-0.15808;-0.22296;-0.21977;0.1056;0.10454;-0.061476;0.10889
3.8646;0.13833;-0.066661;-0.31615;-0.34976;-0.15082;-0.18523;-0.182;-0.12846;0.013761;0.10661;-0.052226;0.053261
3.8639;0.00049598;-0.067715;-0.29194;-0.27203;0.057133;0.035836;0.037449;-0.037602;-0.0061956;0.049513;-0.1837;-0.018825
3.8019;-0.062055;-0.13283;-0.24005;-0.23645;0.00013366;-0.011245;-0.037198;-0.11215;0.041351;0.090121;-0.11434;0.054002
3.793;-0.075175;-0.097187;-0.13977;-0.1818;-0.13203;-0.10785;-0.35065;-0.17346;0.15239;0.12731;-0.037667;0.015493
3.7765;-0.078813;-0.17805;-0.16826;-0.21724;-0.003845;-0.11332;-0.34241;-0.18453;0.036186;0.056231;-0.099942;0.024907
3.666;-0.14809;-0.22839;-0.22598;-0.34368;-0.13922;-0.2107;-0.37984;-0.14829;0.013622;0.084186;-0.012026;-0.036845
3.5847;-0.10966;-0.10857;-0.17228;-0.25664;-0.076824;-0.19361;-0.46772;-0.12381;0.064852;0.086658;0.027518;-0.057219
3.6375;-0.093535;-0.12364;-0.38222;-0.32911;-0.11733;-0.30979;-0.35883;-0.026475;0.015959;0.070503;0.034101;-0.0023814
3.7034;0.011847;-0.11376;-0.28124;-0.22356;-0.16927;-0.40158;-0.3241;-0.16135;0.05771;0.18549;-0.02157;-0.041271
3.6069;-0.013389;-0.11896;-0.25839;-0.25509;-0.33728;-0.31416;-0.28761;-0.13451;0.062608;0.085853;0.10249;-0.10937
3.6635;-0.058829;-0.12286;-0.31462;-0.10603;-0.070169;-0.12462;-0.30721;-0.10189;0.10674;0.12029;0.09902;-0.0089751
3.6505;-0.025155;-0.065511;-0.23518;-0.16468;0.016346;-0.13771;-0.18538;-0.074145;0.0067274;0.034791;-0.064014;-0.017323
3.7117;0.025627;-0.051157;-0.33313;-0.1061;-0.10684;-0.11702;-0.18175;-0.051813;0.073337;0.10049;-0.00427;-0.023278
3.6639;-0.039201;-0.071858;-0.21117;0.041349;0.072821;0.0074966;-0.2151;-0.056162;-0.010608;0.060801;-0.036409;-0.03269
3.6427;-0.033696;-0.16503;-0.24976;-0.14949;-0.029016;0.026013;-0.13083;0.01687;0.082876;0.078811;-0.06869;-0.017766
3.6897;-0.025355;-0.076059;-0.16934;-0.04415;0.047773;-0.005261;-0.13188;-0.11147;0.048764;0.05084;-0.15711;-0.03905
3.6704;-0.062103;-0.073933;-0.19844;-0.18271;0.12182;-0.10235;-0.20049;-0.11942;0.013083;0.1351;-0.10168;0.016024
3.6805;-0.043771;-0.081527;-0.25191;-0.17014;0.16042;-0.054638;-0.10397;-0.069571;0.099307;0.068744;-0.093398;0.040823
3.5622;-0.04907;-0.14891;-0.32207;-0.25255;0.014475;0.0027757;-0.18186;-0.14412;0.026704;0.00033547;-0.076662;-0.0047422
3.4905;-0.10476;-0.02631;-0.21906;-0.32492;0.013214;0.070061;-0.15443;-0.082849;0.12755;0.04945;-0.049316;0.0012534
3.5134;-0.12517;-0.052411;-0.16645;-0.33836;-0.23385;-0.068899;-0.072695;-0.066512;0.093442;0.099716;-0.0044537;-0.0041843
3.516;-0.097873;0.075024;-0.093249;-0.3235;-0.25938;-0.10806;-0.19802;-0.12457;-0.013702;0.091545;-0.0062094;-0.0019918
3.3502;-0.22508;-0.14725;-0.35971;-0.29798;-0.11423;-0.10745;-0.14377;-0.0098911;0.043184;0.074891;0.017029;-0.03225
3.4433;-0.10338;-0.042751;-0.19203;-0.20662;-0.037234;-0.042881;-0.17019;-0.099054;0.094174;0.068754;-0.049399;0.0019671
3.4747;-0.061633;-0.023606;-0.21055;-0.24209;-0.064327;-0.072778;-0.15099;-0.035401;0.18542;0.16383;-0.024029;-0.0081607
3.4314;-0.069231;-0.07985;-0.28772;-0.17325;0.0022444;-0.10931;-0.23667;-0.16088;0.064435;0.021497;-0.12344;0.080526
3.5055;-0.08114;-0.0044149;-0.28781;-0.40295;-0.14601;-0.14009;-0.34793;-0.20269;0.10325;0.071494;-0.064597;0.094274
3.4251;-0.14507;-0.10505;-0.29688;-0.41449;-0.20933;-0.17382;-0.30879;-0.043314;0.17674;0.065902;-0.030718;0.0024963
3.4466;-0.14184;-0.11311;-0.33107;-0.30984;-0.16747;-0.24198;-0.33296;-0.17757;0.051689;0.0016621;-0.099051;0.045697
3.5168;-0.062705;-0.096568;-0.4469;-0.26317;-0.10194;-0.34369;-0.27521;-0.15534;0.020894;0.054793;-0.0021496;0.008805
3.839;-0.045255;-0.24967;-0.48697;-0.45586;-0.44709;-0.30271;-0.24699;-0.0045992;0.17046;0.066125;-0.052482;0.044735
3.7093;0.018795;-0.19624;-0.36969;-0.28899;-0.35891;-0.26927;-0.13657;-0.049835;0.093574;0.129;-0.0058823;-0.022082
3.727;-0.021341;-0.069887;-0.14339;-0.26794;-0.29788;-0.23283;-0.23246;-0.061544;0.074262;-0.0088331;-0.022867;0.014129
3.6466;-0.075984;-0.11058;-0.20652;-0.36295;-0.31557;-0.23445;-0.26678;-0.051315;0.11597;0.040305;-0.03589;0.023833
3.6235;-0.13649;-0.024882;-0.31356;-0.49226;-0.41619;-0.26441;-0.21267;0.014246;0.037602;0.087215;-0.030677;-0.0017661
