1.7489;-0.54232;-0.23451;-0.26696;-0.17729;-0.15814;-0.10608;-0.07727;-0.056531;-0.031677;-0.0052658;0.02088;0.013113
1.8193;-0.49098;-0.17001;-0.22231;-0.13673;-0.12715;-0.076794;-0.037009;-0.013263;-0.014653;-0.022723;-0.013545;-0.011125
2.3671;-0.3174;-0.22466;-0.16956;-0.0099833;-0.11866;0.067038;-0.081734;-0.058776;0.0069045;-0.054062;-0.053831;-0.044233
1.9179;-0.43897;-0.15363;-0.16887;-0.080632;-0.097723;-0.054091;-0.043471;-0.029082;-0.0048067;-0.012964;-0.0323;-0.024776
1.7445;-0.54791;-0.23743;-0.27606;-0.18375;-0.1614;-0.11416;-0.07387;-0.049666;-0.026316;-0.0024162;0.015027;0.019241
1.7501;-0.55272;-0.24532;-0.28265;-0.1861;-0.17131;-0.10332;-0.066095;-0.042102;-0.029981;-0.015312;0.015231;0.022774
1.7531;-0.54849;-0.24702;-0.29163;-0.18452;-0.15625;-0.10758;-0.080887;-0.051001;-0.020455;-0.0046727;0.027805;0.01707
1.7421;-0.54707;-0.23781;-0.27314;-0.18221;-0.16153;-0.10915;-0.080532;-0.046263;-0.021289;-0.006664;0.015233;0.019246
1.7618;-0.54193;-0.24242;-0.27828;-0.19147;-0.16387;-0.11181;-0.082579;-0.053169;-0.02274;-0.020878;0.014524;0.027684
1.7488;-0.54171;-0.2345;-0.27226;-0.18764;-0.16064;-0.11157;-0.080349;-0.042083;-0.019161;-0.0021176;0.012728;0.01845
1.7429;-0.54752;-0.24395;-0.28633;-0.19071;-0.15562;-0.099887;-0.070494;-0.041872;-0.025072;-0.01519;0.01237;0.016913
1.7472;-0.54367;-0.23485;-0.26649;-0.1729;-0.16026;-0.10087;-0.080704;-0.054971;-0.024478;-0.010933;0.01361;0.018861
1.7503;-0.54289;-0.24115;-0.26345;-0.17802;-0.15879;-0.11292;-0.081398;-0.044353;-0.025427;-0.0049156;0.018798;0.015543
1.7569;-0.53841;-0.23272;-0.28182;-0.18928;-0.16469;-0.10474;-0.073627;-0.047896;-0.020429;-0.01635;0.012416;0.018266
1.7637;-0.52991;-0.22517;-0.27555;-0.19148;-0.16243;-0.119;-0.082025;-0.036923;-0.016825;-0.0018137;0.015267;0.015289
1.7729;-0.53608;-0.22815;-0.27081;-0.18812;-0.1714;-0.11731;-0.067639;-0.051271;-0.023903;0.0022694;0.020984;0.016328
1.8721;-0.4379;-0.12144;-0.19552;-0.1645;-0.19914;-0.16279;-0.14166;-0.094231;-0.04445;-0.021518;0.0094025;0.015579
2.0379;-0.30167;-0.029351;-0.23683;-0.30733;-0.36959;-0.29511;-0.18342;-0.071412;0.014392;0.015074;0.020574;0.02268
2.0594;-0.28582;-0.0037427;-0.19852;-0.29684;-0.36925;-0.31583;-0.24093;-0.12498;-0.024017;0.0074785;0.045565;0.067161
2.0366;-0.29034;0.03806;-0.08306;-0.13117;-0.21323;-0.20938;-0.18128;-0.09916;-0.033199;0.0036469;0.044106;0.03169
2.0422;-0.2885;0.033084;-0.099843;-0.14354;-0.22582;-0.1992;-0.15456;-0.093601;-0.044514;0.0069977;0.046928;0.023643
2.0051;-0.32694;0.0020248;-0.081759;-0.077727;-0.14411;-0.15757;-0.15076;-0.11258;-0.069492;-0.02537;0.025661;0.024236
1.9484;-0.3879;-0.063573;-0.12726;-0.096892;-0.10054;-0.089552;-0.10979;-0.094609;-0.061852;-0.030885;0.023352;0.031182
2.0897;-0.46517;-0.21546;-0.08325;-0.24189;-0.18547;0.036822;-0.06632;-0.18303;-0.0090128;0.026796;-0.027927;0.048428
2.1084;-0.41439;-0.16068;-0.15479;-0.29544;-0.24085;-0.062263;-0.11558;-0.1309;0.025857;-0.0024505;0.018234;0.057959
2.1172;-0.32585;-0.07967;-0.21739;-0.21291;-0.13017;-0.10444;-0.14828;-0.12836;-0.027862;0.061923;0.088261;0.061811
2.6386;0.10391;0.22428;-0.22918;-0.41844;-0.34152;-0.19924;-0.088634;-0.081692;-0.066396;-0.013565;-0.014464;0.00043382
3.2949;0.28941;0.17307;-0.4616;-0.80589;-0.24267;-0.20309;-0.19724;-0.14342;0.035409;-0.020957;-0.0074294;0.023512
3.6396;0.28181;0.15532;-0.46142;-0.91975;-0.19699;-0.24885;-0.30334;-0.18801;0.067849;-0.084598;0.0010645;0.053352
3.8669;0.28347;0.09284;-0.28898;-1.0447;-0.15563;-0.099162;-0.42483;-0.071668;0.094333;-0.15482;0.036984;0.041721
3.8999;0.27089;0.12282;-0.2241;-1.0125;-0.1294;-0.082221;-0.41656;-0.080204;0.10368;-0.17611;0.035566;0.075858
3.8405;0.29758;0.1577;-0.21747;-0.82281;-0.23905;-0.11965;-0.19741;-0.29819;0.0814;-0.042711;-0.061301;0.1314
3.7936;0.25149;0.043674;-0.024727;-0.82465;-0.40444;0.034901;-0.12959;-0.31694;0.049933;0.060407;-0.10152;0.080444
3.624;0.11973;0.059734;0.22205;-0.78805;-0.43118;0.16898;-0.16189;-0.36472;0.080952;0.076188;-0.11612;0.080559
3.7463;0.11096;0.041492;0.22356;-0.84537;-0.43621;0.19629;-0.078265;-0.32962;0.13429;0.10416;-0.1165;0.069123
3.8493;0.26504;0.029597;0.056431;-0.86107;-0.5086;0.16713;-0.17243;-0.32115;0.075382;0.11234;-0.11057;0.050973
3.94;0.3427;0.12054;-0.16619;-0.74742;-0.40075;-0.035943;-0.098087;-0.34834;0.089458;0.1008;-0.15653;0.1116
3.8618;0.4127;0.20833;-0.29139;-0.60808;-0.34283;-0.15536;-0.060075;-0.26076;0.039785;0.086563;-0.11939;0.11373
3.8361;0.39248;0.2559;-0.26544;-0.51708;-0.39387;-0.12116;-0.04549;-0.25142;0.026573;0.061082;-0.06663;0.082224
3.8008;0.39911;0.26826;-0.24934;-0.54956;-0.35791;-0.03459;-0.13698;-0.19606;0.04718;0.040216;-0.061197;0.064324
3.7346;0.37869;0.2749;-0.14788;-0.47704;-0.33056;-0.031049;-0.17617;-0.15407;0.10975;-0.03099;-0.053087;0.093899
3.5761;0.33471;0.35359;-0.046922;-0.42532;-0.24199;-0.11532;-0.14665;-0.078336;-0.022872;-0.00053726;0.032989;0.033151
3.5817;0.26414;0.27476;0.038008;-0.35303;-0.30189;-0.10626;0.050895;-0.15685;-0.18041;0.070698;-0.0035153;-0.07519
3.5217;0.20532;0.33107;-0.03003;-0.31267;-0.20998;-0.23699;-0.013184;-0.05994;-0.10414;0.015513;-0.02335;0.024644
3.5018;0.11548;0.36424;-0.027304;-0.28631;-0.19888;-0.26815;0.019203;-0.15425;-0.14132;0.10986;-0.023764;0.011241
3.5433;0.026975;0.31817;0.030132;-0.34195;-0.12986;-0.34751;0.05136;-0.065176;-0.13721;0.078581;-0.087928;0.017998
3.4677;0.031857;0.19138;-0.094654;-0.16904;-0.035574;-0.32805;-0.06528;-0.10531;-0.083866;0.060658;-0.044296;0.051809
3.3854;-0.03703;0.017008;-0.15179;-0.19921;-0.058238;-0.21361;-0.15991;0.026792;0.0083867;-0.060927;-0.033564;-0.00052851
3.2568;-0.19818;0.012473;-0.12981;-0.24543;-0.19341;-0.276;-0.038619;0.10401;0.017719;-0.029442;-0.030009;-0.0031199
3.3365;-0.26421;-0.1368;-0.34563;-0.28596;-0.2047;-0.3545;-0.097823;-0.1992;-0.11227;0.098823;0.11128;0.09078
3.6133;-0.36157;-0.090959;-0.4629;-0.20753;-0.39342;-0.22429;0.01946;-0.22155;-0.12841;0.10811;0.15617;-0.022365
3.8279;-0.44632;0.015417;-0.51491;0.0088839;-0.4721;-0.085756;0.15423;-0.2949;0.013037;0.015518;0.10488;-0.030506
3.5322;-0.45422;-0.074427;-0.36337;-0.1271;-0.45734;-0.14466;0.025648;-0.065214;-0.17865;0.052306;0.13254;-0.070862
3.5355;-0.40686;-0.10036;-0.44396;-0.29712;-0.39502;0.030526;-0.075125;-0.05641;-0.071763;0.053705;0.064501;-0.059663
3.3797;-0.43251;-0.1877;-0.51644;-0.3702;-0.29881;0.062375;-0.18252;-0.11981;-0.042297;0.081017;0.08011;-0.012281
3.2612;-0.46142;-0.2987;-0.46443;-0.25778;-0.21616;-0.018844;0.1053;0.092547;-0.080673;-0.10692;0.027172;-0.02744
3.3434;-0.3824;-0.26525;-0.27141;-0.31759;-0.35325;0.20256;0.012223;-0.18123;0.12207;-0.045972;-0.079866;0.050538
3.4677;-0.41497;-0.35154;-0.1741;-0.33759;-0.31884;0.23984;-0.024297;-0.11144;0.058563;-0.14058;-0.091637;0.026043
3.3124;-0.45316;-0.23752;-0.30067;-0.31385;-0.3634;0.18604;0.024099;-0.22959;-0.069747;-0.12445;0.023364;0.029165
3.3822;-0.42688;-0.35896;-0.32052;-0.20578;-0.25449;0.17081;0.050992;-0.18689;-0.0097588;-0.050211;0.0802;-0.020484
3.3839;-0.39039;-0.18532;-0.30048;-0.23452;-0.18419;0.13706;-0.052877;-0.054702;0.037571;-0.079679;-0.010643;0.060685
3.2213;-0.41656;-0.25214;-0.20047;-0.29357;-0.16117;0.1015;0.031352;0.040164;0.055909;-0.03771;-0.054519;0.0134
3.2544;-0.37101;-0.23052;-0.25637;-0.43019;-0.1365;0.14368;-0.12055;-0.054067;0.050311;0.0042552;-0.021571;0.021122
3.2489;-0.41099;-0.32113;-0.18371;-0.0032467;-0.0099284;0.0087639;-0.18405;0.080713;-0.03159;-0.13626;-0.03138;0.026606
3.2803;-0.47373;-0.33614;-0.3149;0.1064;-0.031177;0.0065939;-0.086775;0.12553;0.017709;-0.12735;-0.025078;0.024967
3.302;-0.37203;-0.33796;-0.091855;0.062711;0.0037271;-0.1672;-0.047235;0.1353;0.019557;0.04993;-0.046188;-0.031479
3.3007;-0.35104;-0.32381;-0.25889;-0.063575;0.0062415;-0.2247;0.016796;0.20814;0.060782;0.072247;-0.12194;-0.087719
3.659;-0.66712;-0.21231;-0.1506;-0.027601;-0.061053;-0.088467;-0.21827;0.11905;0.12767;-0.004759;-0.13523;-0.099355
4.121;-0.89814;-0.20622;0.025584;0.043231;-0.14518;0.011285;-0.19037;0.032586;0.09699;0.087016;-0.021594;-0.12473
3.6175;-0.60493;-0.19608;0.17161;-0.050094;-0.1998;-0.018326;-0.0037451;-0.0030176;0.024989;0.060436;0.03239;-0.059443
3.4917;-0.50027;-0.14835;0.022425;-0.083197;-0.10506;0.048602;0.0081688;0.046193;-0.08916;-0.017299;0.014486;-0.076012
3.6826;-0.55098;-0.25643;-0.064027;-0.015749;-0.37721;0.041821;0.13534;-0.12619;-0.20319;-0.0073162;0.11263;0.034535
3.9514;-0.54599;-0.17276;-0.31279;0.10806;-0.07411;0.24093;0.13259;-0.23385;-0.24789;-0.03117;0.075869;-0.037887
4.1294;-0.7033;-0.26243;-0.28675;0.048657;-0.11686;0.11021;0.20451;-0.029512;-0.12776;0.06891;-0.042891;-0.13533
4.3611;-0.75699;-0.34277;-0.15966;-0.024906;-0.26886;0.2714;0.085449;-0.058918;-0.14335;-0.027774;0.11684;-0.058973
4.5844;-0.76954;-0.41195;-0.31979;-0.1391;-0.18496;0.21064;0.022359;-0.055565;-0.039012;0.076894;0.023773;-0.05335
4.795;-0.76367;-0.37002;-0.26439;-0.12221;-0.26471;0.035379;-0.033596;0.023761;0.07596;0.086711;-0.040759;-0.076592
4.8965;-0.79001;-0.44142;-0.28912;-0.1779;0.044763;0.20266;0.023109;-0.067524;-0.033853;0.037801;0.02018;-0.001375
4.8703;-0.84217;-0.37699;-0.25989;-0.1961;0.025987;0.19406;0.096471;0.017995;0.049752;0.077135;-0.12096;-0.024304
4.9738;-0.8398;-0.36863;-0.15098;-0.17178;-0.12166;0.19689;0.10126;-0.076849;-0.01689;0.091116;-0.0020819;-0.035619
4.8919;-0.83771;-0.34622;-0.36388;-0.1635;-0.1435;0.11987;-0.029355;-0.088853;0.082432;0.0062269;-0.0095547;0.02009
4.9177;-0.85561;-0.25111;-0.20307;-0.13844;0.011433;0.18163;-0.10375;-0.19221;0.11253;0.085387;-0.14251;0.036425
4.9894;-0.90512;-0.13549;-0.34321;-0.28377;-0.058309;0.12192;-0.062543;-0.13784;-0.11103;0.055909;-0.019978;0.054353
5.2868;-0.67891;0.13846;-0.31932;-0.27632;-0.26778;-0.20702;-0.29768;-0.18844;-0.060002;0.024542;-0.027444;0.11191
5.4553;-0.46937;0.47655;-0.41815;-0.42636;-0.29436;-0.27173;-0.22587;-0.24054;-0.12584;0.040859;-0.011989;0.060375
5.4502;-0.30423;0.46857;-0.32833;-0.47849;-0.42545;-0.25445;-0.21483;-0.28032;0.0020954;-0.021873;-0.063035;0.10183
5.4416;-0.22682;0.42915;-0.59574;-0.4971;-0.40227;-0.23055;-0.3205;-0.34011;0.11553;-0.060017;-0.067829;0.10826
5.4113;-0.24856;0.56907;-0.66026;-0.45007;-0.46943;-0.18848;-0.29818;-0.37741;0.12764;-0.13424;0.013198;0.10302
5.4157;-0.19342;0.48063;-0.66635;-0.4974;-0.54061;-0.10743;-0.40402;-0.30584;0.11148;-0.18123;0.068934;0.087027
5.4362;-0.15794;0.48116;-0.65596;-0.61654;-0.51926;-0.080071;-0.38533;-0.38406;0.16382;-0.1842;0.036432;0.14272
5.3888;-0.041481;0.45981;-0.77105;-0.56554;-0.48373;-0.097756;-0.40409;-0.33756;0.081344;-0.14006;0.047777;0.093822
5.4465;-0.0036853;0.39465;-0.77215;-0.54708;-0.4711;-0.097049;-0.46129;-0.28576;0.11384;-0.1903;0.070943;0.094769
5.4879;-0.0097157;0.41881;-0.81934;-0.54836;-0.41016;-0.15216;-0.44185;-0.31857;0.17554;-0.21276;0.059702;0.11429
5.5428;-0.035754;0.41461;-0.80588;-0.5746;-0.41329;-0.17144;-0.39958;-0.35014;0.15848;-0.18934;0.056185;0.12567
5.6036;-0.057681;0.41088;-0.79981;-0.5822;-0.49514;-0.10084;-0.40076;-0.39991;0.17507;-0.17372;0.056153;0.14023
5.718;-0.088725;0.41057;-0.77374;-0.67554;-0.44697;-0.090111;-0.4496;-0.40825;0.22781;-0.19832;0.071195;0.15863
5.7552;-0.030461;0.33349;-0.78052;-0.68782;-0.4396;-0.15308;-0.41303;-0.40286;0.18592;-0.10885;0.031083;0.15882
5.9275;-0.046795;0.25385;-0.75548;-0.68207;-0.50994;-0.21058;-0.35773;-0.33142;0.02926;0.023104;0.050053;0.074085
6.136;-0.049138;0.13915;-0.61436;-0.78775;-0.56747;-0.24081;-0.26181;-0.38958;0.044534;0.13306;-0.009182;0.07382
6.3042;-0.033408;-0.082628;-0.38977;-0.96882;-0.63436;-0.037909;-0.45627;-0.29659;0.12951;0.09032;0.020303;0.071037
6.4822;-0.15463;-0.25698;-0.3161;-1.0452;-0.57833;0.034325;-0.51546;-0.26459;0.16211;0.11259;0.030533;0.12725
6.5398;-0.16567;-0.34501;-0.3901;-0.83598;-0.5083;-0.075421;-0.40884;-0.28242;0.023207;0.081296;0.1091;0.15593
6.5818;-0.18762;-0.45112;-0.35929;-0.81806;-0.48569;-0.073732;-0.32966;-0.34006;-0.0075714;0.10941;0.1211;0.18154
6.6333;-0.20984;-0.56388;-0.37769;-0.67917;-0.59044;-0.037829;-0.2595;-0.39584;-0.076667;0.12753;0.13813;0.18131
6.6546;-0.17614;-0.66922;-0.30419;-0.67193;-0.61014;-0.032726;-0.20141;-0.42103;-0.10234;0.13053;0.14738;0.19167
6.6913;-0.16513;-0.68137;-0.30379;-0.6599;-0.55226;-0.10561;-0.12824;-0.46255;-0.11517;0.11236;0.11291;0.2474
6.7535;-0.18666;-0.64746;-0.32064;-0.55902;-0.55836;-0.21669;0.0018673;-0.48472;-0.17883;0.10821;0.085867;0.28756
6.839;-0.21081;-0.60994;-0.26175;-0.54112;-0.57104;-0.27492;0.062582;-0.48351;-0.20946;0.11294;0.048182;0.2773
6.7008;-0.080404;-0.60392;-0.22449;-0.46039;-0.67177;-0.29488;0.033847;-0.38047;-0.20898;0.021657;0.063413;0.22366
6.6518;-0.039921;-0.43521;-0.41512;-0.31844;-0.66413;-0.34254;0.03471;-0.29349;-0.23601;-0.0019222;0.00042919;0.21207
6.6208;-0.14305;-0.23697;-0.48971;-0.15218;-0.69686;-0.26833;-0.062855;-0.2813;-0.14554;-0.067773;0.037108;0.073122
6.4332;-0.34622;0.045669;-0.47671;-0.020078;-0.58114;-0.11104;-0.12867;-0.25843;-0.076572;-0.0026671;-0.010572;-0.093098
6.2144;-0.45035;0.27563;-0.26392;-0.081276;-0.60484;-0.14938;-0.046235;-0.29105;-0.099135;0.03801;0.084365;-0.054297
5.9332;-0.59702;0.34768;-0.36264;-0.076201;-0.55672;-0.2186;-0.16063;-0.24198;-0.07002;0.007683;0.077259;0.0055616
5.6438;-0.70352;0.18913;-0.43026;-0.15739;-0.5791;-0.29781;-0.01865;-0.27488;-0.087883;0.14492;0.13642;0.034274
5.5055;-0.75734;0.39332;-0.45635;-0.10537;-0.58948;-0.33714;-0.057178;-0.24695;-0.084371;0.0096718;0.13437;0.069621
5.6448;-0.71009;0.3764;-0.38491;-0.20509;-0.48291;-0.32101;-0.15018;-0.21323;-0.12533;0.011764;0.16468;0.0691
5.5154;-0.76451;0.31656;-0.34483;-0.2709;-0.53128;-0.12428;-0.15143;-0.31398;-0.056909;0.10623;0.17816;0.058724
5.5267;-0.82072;0.15146;-0.28285;0.035868;-0.34986;-0.26893;-0.20188;-0.1843;-0.048459;0.12496;0.15673;-0.030362
5.5459;-0.9299;0.097752;-0.43322;0.19559;-0.35075;-0.30476;-0.068949;-0.29784;0.046535;-0.00059336;0.020196;0.049863
5.4142;-0.99085;0.3717;-0.37864;-0.02636;-0.32094;-0.029518;0.018922;-0.33575;0.013724;0.16404;0.20832;-0.0070484
5.3278;-0.92587;0.37588;-0.58227;-0.21308;-0.17004;0.15118;0.22147;-0.18231;0.19054;0.017956;-0.0024134;-0.00065258
5.2337;-0.71808;0.26104;-0.55694;-0.37197;-0.34958;-0.017905;0.041731;-0.095061;0.14809;0.10092;-0.012974;-0.034233
5.1719;-0.54263;0.23022;-0.39748;-0.57111;-0.43062;0.025098;-0.13619;-0.086401;0.16894;-0.11242;0.097118;0.11218
5.1308;-0.46684;0.10153;-0.4568;-0.8234;-0.34927;-0.062089;-0.31206;-0.2667;0.22124;0.014836;0.055188;0.19444
5.1678;-0.41391;0.13977;-0.4289;-0.82675;-0.25944;0.049103;-0.38053;-0.10618;0.26774;-0.0098212;0.20314;0.12562
5.2188;-0.43238;0.11774;-0.40839;-0.89382;-0.24085;0.12077;-0.51716;-0.093924;0.27873;0.011144;0.18303;0.072537
5.1;-0.38869;0.13424;-0.45433;-0.84709;-0.27722;0.044027;-0.39267;0.0095757;0.33432;-0.021035;0.20483;0.067038
4.9329;-0.34305;0.23109;-0.82882;-0.69609;-0.16164;-0.21078;-0.17095;-0.0054203;0.34449;0.096494;0.10072;0.10585
5.2308;-0.32048;0.14893;-0.71613;-0.91393;-0.22849;-0.14509;-0.42564;-0.14885;0.30342;0.053048;0.076554;0.15513
5.6826;-0.25074;0.28405;-0.63246;-0.94889;-0.35683;-0.061815;-0.57872;-0.20458;0.18535;-0.10491;0.15641;0.090627
6.0241;-0.09325;0.34244;-0.5448;-0.94607;-0.29276;-0.1014;-0.56044;-0.20066;0.099339;-0.15165;0.10253;0.10649
6.3299;-0.13966;0.39551;-0.38456;-0.90754;-0.31333;-0.16299;-0.41477;-0.26072;0.040562;-0.10461;0.0053043;0.14449
6.2989;-0.10838;0.35716;-0.37616;-0.73526;-0.20794;-0.10821;-0.52642;-0.18693;0.059063;-0.12409;0.011259;0.076754
6.3835;-0.19074;0.35325;-0.20921;-0.57776;-0.23203;-0.058046;-0.45967;-0.26866;0.066165;-0.10542;0.04936;0.1277
6.2728;-0.29111;0.59152;-0.23324;-0.46834;-0.26416;-0.22909;-0.23871;-0.21927;0.0078243;-0.064015;-0.038394;0.097585
6.3615;-0.43719;0.41656;-0.24518;-0.31854;-0.20011;-0.31992;-0.040701;-0.21661;-0.10268;0.023319;-0.054845;0.10657
6.2783;-0.60537;0.22831;-0.53838;-0.26086;-0.067689;-0.25622;0.059323;-0.14274;-0.010424;-0.0082175;-0.045117;0.072953
6.1793;-0.79679;0.32583;-0.42141;-0.36348;-0.23628;-0.36515;-0.1406;-0.26322;-0.072609;0.027806;0.034634;0.13092
6.3422;-0.79617;0.27928;-0.45052;-0.18529;-0.019089;-0.31046;-0.13154;-0.36177;-0.082667;0.088668;-0.050966;0.11722
6.3027;-0.89619;0.19707;-0.50944;-0.33302;-0.034892;-0.1325;-0.0085005;-0.35741;-0.069969;0.010651;-0.14036;0.11949
6.1097;-0.95679;0.056949;-0.44746;-0.32945;-0.1469;-0.22589;0.013881;-0.25233;-0.040918;0.10768;-0.10808;0.1005
6.11;-0.95701;0.030939;-0.62565;-0.22861;0.078905;-0.28483;-0.0051998;-0.15038;-0.21259;0.054988;0.023921;0.092008
6.0517;-0.99861;-0.073285;-0.65966;-0.38162;0.14723;-0.048121;0.0037703;-0.12314;-0.10522;0.011979;0.0095955;0.06341
6.2312;-0.96894;-0.019626;-0.64886;-0.42698;0.055655;-0.033069;0.014682;-0.076606;-0.066166;-0.034914;0.095803;0.053507
6.2886;-0.92584;-0.044703;-0.60921;-0.45905;0.012942;-0.16695;-0.037259;-0.15223;0.023727;0.12867;-0.062359;0.037544
6.2124;-0.9873;0.0011676;-0.51249;-0.5876;-0.17544;-0.2757;0.080389;-0.023989;0.095112;0.18497;-0.093551;0.018199
6.0592;-0.90708;0.018981;-0.43478;-0.51213;-0.11529;-0.25932;-0.22082;-0.14449;0.029374;0.14657;0.078645;0.10125
6.1852;-0.81169;0.14385;-0.34464;-0.47111;-0.26354;-0.24902;-0.1848;-0.20133;-0.12388;0.15069;0.088315;0.021447
6.3139;-0.58997;0.25113;-0.3044;-0.58856;-0.25906;-0.29905;-0.16206;-0.19861;-0.17207;0.079071;-0.00035578;0.0012813
6.4254;-0.4228;0.16411;-0.25264;-0.86585;-0.22338;-0.2383;-0.28557;-0.26073;-0.17457;0.13121;-0.072932;-0.029605
6.3213;-0.20212;0.063091;-0.3646;-0.80779;-0.40262;-0.18756;-0.29062;-0.33693;-0.079203;0.0194;-0.0022253;0.037326
6.3288;-0.077623;-0.09612;-0.31061;-0.7656;-0.45721;-0.25623;-0.2249;-0.28829;-0.16496;0.044817;0.037018;0.065549
6.3368;-0.032854;-0.19938;-0.27462;-0.74568;-0.48245;-0.2249;-0.22636;-0.26386;-0.20757;0.028503;0.06557;0.080927
6.3318;-0.010494;-0.25782;-0.34071;-0.63169;-0.54708;-0.2051;-0.1932;-0.28565;-0.19756;-0.020273;0.11908;0.066377
6.3186;0.0093415;-0.3128;-0.34359;-0.61898;-0.53546;-0.21243;-0.15787;-0.29741;-0.213;-0.031974;0.1364;0.071136
6.2897;0.023991;-0.38722;-0.32085;-0.65663;-0.49036;-0.21139;-0.14932;-0.28161;-0.24395;-0.016474;0.12057;0.069659
6.314;-0.0011596;-0.40284;-0.34979;-0.6452;-0.49279;-0.17312;-0.16179;-0.26344;-0.25809;-0.014814;0.10235;0.06506
6.3486;-0.010935;-0.42927;-0.33016;-0.67319;-0.46638;-0.15165;-0.16906;-0.25129;-0.23778;-0.02975;0.069925;0.082975
6.4193;-0.051591;-0.42605;-0.31621;-0.70774;-0.42097;-0.16498;-0.16433;-0.24174;-0.24641;0.013191;-0.0052654;0.10454
6.4491;-0.073412;-0.44267;-0.25183;-0.83453;-0.30593;-0.19892;-0.14937;-0.28677;-0.20053;0.03714;-0.077496;0.13047
6.4811;-0.12378;-0.39043;-0.26431;-0.8806;-0.26684;-0.17993;-0.17278;-0.30498;-0.18077;0.053279;-0.11713;0.13288
6.4548;-0.12967;-0.33659;-0.30096;-0.86918;-0.24457;-0.18748;-0.21237;-0.24751;-0.18527;0.011955;-0.090253;0.15111
6.345;-0.061725;-0.31164;-0.35155;-0.78328;-0.32867;-0.10587;-0.29553;-0.22976;-0.13507;-0.038432;-0.078552;0.1485
6.2615;-0.022663;-0.26441;-0.34858;-0.75466;-0.34815;-0.0992;-0.3287;-0.25334;-0.059278;-0.09813;-0.058519;0.15598
6.1114;0.037355;-0.17714;-0.41327;-0.63757;-0.41633;-0.069312;-0.34199;-0.28964;-0.075646;-0.012035;-0.084217;0.080644
5.7171;0.096001;-0.10665;-0.34663;-0.5423;-0.37027;-0.0012768;-0.3483;-0.26564;-0.0046279;-0.017629;-0.13677;0.073954
5.2337;0.15532;-0.025208;-0.16356;-0.44129;-0.34621;-0.038883;-0.34879;-0.20367;-0.024192;-0.0075141;-0.091262;0.028701
5.1641;0.082354;0.20143;-0.29848;-0.33893;-0.25312;-0.34853;-0.31041;-0.20406;-0.00046643;0.028415;-0.048334;0.024992
4.6675;0.11737;0.10347;-0.15917;-0.35945;-0.28085;-0.27808;-0.24221;-0.28603;-0.074556;0.13983;-0.061071;-0.022636
4.5297;0.076827;0.13411;-0.16656;-0.45825;-0.57519;-0.22383;-0.23708;-0.23723;-0.083655;0.047558;0.027317;-0.036781
4.596;-0.098042;0.0050573;-0.31136;-0.41888;-0.53806;-0.30141;-0.37829;-0.21148;0.029191;-0.00074789;-0.0038264;0.00058145
5.2188;-0.3977;-0.33809;-0.40881;-0.15981;-0.30624;-0.31696;-0.10893;-0.26423;-0.12016;0.013966;0.072108;0.12346
5.2157;-0.48792;-0.2095;-0.43043;-0.14519;-0.24351;-0.14709;-0.25379;-0.23332;-0.085452;0.012831;0.13479;0.055149
5.0552;-0.62097;-0.096193;-0.35855;-0.10357;-0.32921;-0.1648;-0.47099;-0.23644;0.056208;-0.018112;0.11326;0.077561
5.1604;-0.63501;0.028021;-0.5123;-0.21737;-0.38746;-0.2049;-0.25177;-0.093771;0.044933;0.08628;-0.013752;0.0012288
5.7669;-0.37554;0.2856;-0.4793;-0.51318;-0.51137;-0.16245;-0.22789;-0.27135;-0.047244;0.070667;-0.15462;0.057403
6.1316;-0.24911;0.21633;-0.58054;-0.69088;-0.33008;-0.15599;-0.23582;-0.33138;-0.10097;0.077969;-0.1982;0.11692
6.229;-0.14029;0.022;-0.53622;-0.68872;-0.34495;-0.030608;-0.42682;-0.19507;-0.081995;-0.034433;-0.11394;0.065701
6.257;-0.077734;-0.13064;-0.31316;-0.90923;-0.14603;0.0041741;-0.51245;-0.025195;-0.025035;-0.19156;-0.08567;0.12003
6.2376;-0.10088;-0.085389;-0.18493;-1.0457;-0.082092;0.055063;-0.42727;-0.017816;-0.013583;-0.18257;-0.1301;0.092662
6.1423;-0.11128;0.0031168;-0.27215;-0.79946;-0.15985;0.029761;-0.26732;0.023096;-0.11292;-0.080516;-0.065615;-0.073987
6.0302;-0.21822;0.096764;-0.10025;-0.64117;-0.23301;-0.047324;-0.21538;0.00011879;-0.14406;-0.013872;0.018935;-0.070923
5.751;-0.33636;0.14073;-0.049454;-0.53747;-0.17405;-0.16113;-0.28206;0.030797;-0.084826;-0.011376;-0.009237;-0.028734
5.8961;-0.45586;-0.2352;-0.18477;-0.37202;0.030688;-0.10246;-0.31873;-0.12817;-0.2292;0.08738;0.12458;-0.025895
5.8621;-0.53063;-0.28318;-0.24303;-0.47356;-0.10587;-0.055747;-0.32132;-0.042692;-0.16187;0.10113;0.049411;-0.064634
6.166;-0.60515;-0.23248;-0.28578;-0.63107;-0.29977;-0.16022;-0.15018;-0.013034;-0.17447;0.09303;0.15523;0.084428
6.3082;-0.81331;-0.24241;-0.15264;-0.74609;0.010054;-0.13083;-0.17031;0.13493;-0.14036;0.038835;0.085007;0.05656
6.2267;-0.76243;-0.26592;-0.21797;-0.78211;0.0044731;-0.13431;-0.17864;0.11833;-0.15442;0.075909;0.091731;0.0089909
5.7474;-0.55345;-0.22852;-0.1787;-0.49326;-0.25638;-0.15415;-0.29277;0.048679;-0.064445;0.032863;0.061686;0.017506
5.1566;-0.57285;-0.11646;0.12363;-0.4467;-0.19677;-0.26919;-0.17818;0.011874;-0.11997;0.067656;0.14764;-0.046879
5.2866;-0.4857;0.056171;0.19514;-0.37766;-0.35964;-0.29218;-0.2957;-0.066048;-0.1703;0.060506;0.11882;-0.044523
5.1503;-0.13598;0.18498;0.077599;-0.58314;-0.25945;-0.23048;-0.29218;-0.042702;-0.20265;0.027715;0.051177;-0.04272
5.4826;0.13403;-0.11415;-0.17246;-0.47214;-0.079934;-0.29685;-0.29547;-0.033374;-0.24289;0.032815;0.070578;-0.06844
5.6068;0.17785;-0.15783;-0.163;-0.36381;-0.27678;-0.30895;-0.20298;-0.1762;-0.15995;0.0037824;0.084368;-0.075799
5.6118;0.26776;-0.15562;-0.11013;-0.53142;-0.33361;-0.26138;-0.15023;-0.16234;-0.18939;-0.016973;0.026533;-0.023283
5.6629;0.32827;-0.20495;-0.10161;-0.74304;-0.24774;-0.20887;-0.26815;-0.12717;-0.18136;-0.063993;0.047887;-0.017863
5.6232;0.35773;-0.17651;-0.20962;-0.81432;-0.2033;-0.14616;-0.37276;-0.098741;-0.1664;-0.082735;0.025121;0.0084262
5.718;0.32916;-0.30449;-0.20091;-0.7105;-0.25937;-0.27217;-0.27057;-0.091354;-0.21113;-0.11718;0.096545;0.015543
5.7888;0.27089;-0.36421;-0.19677;-0.75224;-0.24151;-0.27138;-0.29645;-0.13167;-0.17956;-0.11982;0.11341;-0.0026622
6.0937;0.12197;-0.33891;-0.30304;-0.74383;-0.20501;-0.25442;-0.36638;-0.11645;-0.17141;-0.079492;0.078068;0.017328
6.5878;-0.085119;-0.31234;-0.50186;-0.79354;-0.11513;-0.21772;-0.28856;-0.092461;-0.18071;-0.037668;-0.04444;-0.0014172
6.6272;-0.051499;-0.37467;-0.64078;-0.69784;-0.14263;-0.11729;-0.31007;-0.03592;-0.1411;-0.082046;-0.055212;-0.00069597
6.6411;-0.030199;-0.46377;-0.6852;-0.70155;-0.14304;-0.11795;-0.22484;-0.03561;-0.098668;-0.09325;-0.063105;0.0074631
6.8123;-0.10159;-0.4519;-0.68821;-0.66386;-0.28053;0.01237;-0.19747;-0.073936;-0.047947;-0.092335;-0.1004;0.018811
6.9047;-0.13267;-0.43891;-0.69625;-0.65996;-0.32373;0.029418;-0.15293;-0.080275;-0.03497;-0.088509;-0.12008;0.036574
6.8777;-0.081282;-0.45047;-0.72347;-0.65469;-0.29673;-0.022119;-0.10122;-0.042004;-0.048846;-0.11178;-0.082936;0.017921
6.9842;-0.14198;-0.41361;-0.70946;-0.63618;-0.36608;0.042478;-0.10825;-0.057901;-0.028714;-0.089104;-0.13409;0.026654
6.8961;-0.068719;-0.43472;-0.70784;-0.6173;-0.30282;-0.059934;-0.097104;0.0053684;-0.09678;-0.063907;-0.12148;-0.017094
7.0066;-0.12485;-0.44687;-0.60608;-0.62487;-0.29427;-0.090879;-0.099875;-0.016392;-0.048063;-0.073517;-0.14001;-0.0071959
7.0253;-0.13461;-0.38634;-0.54483;-0.65597;-0.31002;-0.057895;-0.19203;-0.03674;0.0067226;-0.13799;-0.14222;0.041825
6.8985;-0.1267;-0.27118;-0.45617;-0.70954;-0.30794;-0.032942;-0.25423;-0.14632;0.043768;-0.15766;-0.1968;0.12874
6.5915;-0.049122;-0.10683;-0.50195;-0.5958;-0.27796;-0.18328;-0.24329;-0.14892;-0.022192;-0.14926;-0.17343;0.16594
6.3901;-0.084438;0.082146;-0.41197;-0.54335;-0.36164;-0.17093;-0.20603;-0.22031;-0.025726;-0.13436;-0.090547;0.10541
6.2317;-0.17957;0.31362;-0.41989;-0.46512;-0.31542;-0.18216;-0.099641;-0.34429;-0.018517;-0.0099471;-0.10634;0.060552
6.0379;-0.26812;0.37071;-0.40928;-0.21428;-0.33301;-0.11496;-0.077346;-0.39806;0.021699;-0.061905;-0.035782;0.032195
5.6474;-0.31568;0.37218;-0.38646;-0.13081;-0.41881;-0.18701;-0.24058;-0.2995;0.14352;-0.14682;0.039754;0.098967
5.2085;-0.291;0.17072;-0.55343;-0.18215;-0.49299;-0.10534;-0.33969;-0.31269;0.048162;-0.039547;0.069598;0.006946
4.9647;-0.22396;0.21935;-0.47369;-0.21138;-0.56026;-0.10113;-0.26535;-0.17073;-0.00455;-0.10914;0.041617;-0.031755
4.8585;-0.27397;0.21133;-0.45946;-0.026719;-0.47572;0.014654;-0.23425;-0.13319;-0.0014522;-0.15766;0.014017;-0.070538
4.7118;-0.31519;0.29895;-0.44021;-0.019511;-0.4674;-0.031263;-0.14054;-0.27313;0.025821;-0.074141;0.090487;0.01442
4.5682;-0.43144;0.41424;-0.69259;-0.04369;-0.41683;-0.080252;-0.041693;-0.12237;0.033606;-0.16262;0.097085;0.018155
4.8021;-0.5539;0.47047;-0.60254;-0.06085;-0.26407;-0.091666;0.085744;-0.068076;-0.0099245;-0.18469;0.10092;0.03378
5.0024;-0.62387;0.28291;-0.72455;0.043977;-0.16195;-0.20388;0.080854;0.0031056;0.13766;-0.16467;0.047956;0.019291
5.0114;-0.48885;0.26642;-0.60224;-0.042803;-0.28407;-0.24958;-0.1294;0.021504;0.11282;-0.16916;0.057262;0.028696
5.4138;-0.42654;0.269;-0.4573;-0.38799;-0.38196;-0.33007;-0.16111;-0.17323;-0.050802;-0.090053;0.068581;0.099281
5.798;-0.4127;0.060339;-0.48104;-0.43682;-0.2231;-0.11933;-0.13193;-0.18548;-0.017407;-0.071775;-0.03461;0.069878
5.8999;-0.27419;0.082975;-0.51225;-0.22207;-0.11197;-0.32598;-0.31348;-0.18765;-0.14404;0.070032;0.064207;-0.0085905
5.9298;-0.28673;0.011907;-0.24551;-0.29792;-0.16356;-0.23715;-0.33882;-0.0995;-0.060617;-0.032227;-0.065685;-0.021449
5.9958;-0.27999;-0.12323;-0.187;-0.43524;-0.21023;-0.21076;-0.27091;0.00068901;-0.10666;0.019026;-0.065418;-0.070114
6.1432;-0.3526;-0.32157;-0.21625;-0.36102;-0.27129;-0.18955;-0.27407;-0.0085177;-0.11254;-0.012457;-0.045288;-0.032704
5.8016;-0.3533;-0.46699;-0.27517;-0.31698;-0.49162;-0.21804;-0.16332;-0.021713;-0.10564;0.069418;0.080553;0.014659
5.5294;-0.20809;-0.69025;-0.3795;-0.18184;-0.40388;-0.31237;-0.20914;-0.054066;-0.011079;0.12154;0.046691;0.038398
5.3436;-0.30473;-0.42192;-0.46243;-0.24448;-0.33271;-0.1861;-0.2268;-0.21781;-0.072516;0.010635;0.085254;0.058159
5.2529;-0.55402;-0.22102;-0.40871;-0.11533;-0.15841;-0.034773;-0.25196;-0.21788;0.040473;0.097856;0.18784;-0.023989
5.101;-0.59764;-0.22604;-0.29439;-0.091767;-0.18444;-0.21259;-0.12679;-0.11468;-0.017423;0.041775;0.025643;0.0081866
5.4115;-0.52141;-0.38782;-0.45886;-0.14705;-0.28235;-0.23648;-0.25896;0.11507;0.18186;0.051588;0.066082;-0.0057015
5.4893;-0.61944;-0.37817;-0.42424;-0.18986;-0.32668;-0.24514;-0.28095;0.090691;0.20643;-0.023528;0.041068;0.036675
5.3442;-0.74491;-0.37055;-0.26481;-0.044507;-0.16585;-0.13514;-0.03883;0.063044;-0.098685;-0.20528;0.081358;0.11459
5.8188;-0.4802;-0.32856;-0.2459;-0.30562;-0.46807;-0.28173;-0.06733;0.020092;-0.058372;-0.13816;-0.0019053;0.13709
6.0932;-0.13851;-0.35119;-0.2909;-0.27955;-0.64771;-0.23526;0.0056556;-0.018836;-0.22299;-0.14963;0.025697;0.057669
6.1317;0.10196;-0.40661;-0.5372;-0.44377;-0.49474;-0.11714;-0.044085;-0.056177;-0.11648;-0.15362;0.012422;-0.069567
6.1581;-0.029915;-0.47224;-0.40254;-0.39965;-0.57032;0.025696;-0.1032;-0.024978;-0.056345;-0.15183;0.020728;-0.019886
5.8972;-0.16352;-0.18147;-0.0095965;-0.30236;-0.48744;-0.22006;-0.14954;-0.22483;0.060314;-0.16304;0.027821;0.094785
6.4717;-0.40258;-0.14624;-0.25361;-0.25323;-0.58809;-0.19722;0.042835;-0.28071;-0.03018;-0.23317;0.12713;0.11407
6.4035;-0.064932;-0.34547;-0.61184;-0.45745;-0.47414;-0.1017;-0.034861;-0.060256;-0.044604;-0.23804;0.069905;-0.094267
6.4943;0.064702;-0.63571;-0.60475;-0.40739;-0.46526;-0.20799;0.086729;0.029466;-0.15602;-0.16091;0.03586;-0.097875
6.5805;0.061176;-0.68144;-0.62516;-0.37766;-0.47098;-0.21016;0.13699;0.0072907;-0.12681;-0.12467;-0.021054;-0.066156
6.6361;0.054384;-0.64395;-0.68975;-0.3184;-0.54433;-0.11309;0.057521;0.053895;-0.14104;-0.10195;-0.044973;-0.073189
6.5604;0.12063;-0.66171;-0.64469;-0.33927;-0.5529;-0.042556;-0.025467;0.077369;-0.14824;-0.09772;-0.06479;-0.078924
6.4744;0.16338;-0.68741;-0.57331;-0.38379;-0.4681;-0.14744;0.039728;0.040997;-0.17424;-0.082474;-0.06483;-0.060848
6.3237;0.23943;-0.70232;-0.49562;-0.4429;-0.37642;-0.23093;0.041664;-0.0057194;-0.18437;-0.047495;-0.065121;-0.077131
6.1656;0.24471;-0.64368;-0.37691;-0.41635;-0.33967;-0.29379;0.082051;-0.040079;-0.18821;-0.065959;-0.02689;-0.044225
5.8178;0.23625;-0.31386;-0.30807;-0.39592;-0.29613;-0.42445;0.071604;-0.1289;-0.19069;-0.062077;-0.04683;0.056238
5.786;0.18279;-0.20344;-0.24824;-0.40581;-0.19816;-0.36549;-0.014904;-0.28788;-0.13477;0.038673;-0.066627;0.042265
5.6922;0.11169;-0.084833;-0.14013;-0.27099;-0.43884;-0.32332;0.036175;-0.21911;-0.13098;-0.046159;-0.030807;0.10633
5.4479;0.066694;-0.18865;-0.30705;-0.10651;-0.17832;-0.30587;-0.092115;-0.23947;-0.1802;-0.013812;0.094902;0.088936
5.4975;-0.33447;-0.042961;-0.65265;-0.069101;-0.27234;-0.1958;-0.10418;-0.13818;-0.14898;-0.061884;0.11196;-0.011206
4.946;-0.39585;-0.0932;-0.6978;-0.16879;-0.31417;-0.055309;0.1102;0.093333;-0.094264;-0.15559;0.055275;-0.073716
5.1421;-0.41317;0.15922;-0.60023;-0.16491;-0.35781;-0.16302;-0.003246;-0.066886;-0.061655;-0.24674;0.035711;0.035151
5.5776;-0.78171;0.016162;-0.44943;-0.11838;-0.21225;-0.089555;0.022568;-0.20166;-0.10728;-0.12929;0.081302;0.047379
5.4789;-0.84327;-0.13226;-0.61025;-0.07281;-0.22931;-0.14852;-0.0012562;-0.23559;0.063798;-0.077537;0.1964;0.10415
5.3247;-0.84711;-0.14776;-0.5889;-0.16516;-0.24179;-0.1755;-0.11608;-0.19862;0.038785;-0.075164;0.20394;0.12969
5.798;-0.61824;0.056899;-0.51759;-0.24437;-0.38273;-0.33155;-0.090812;-0.30117;0.053563;-0.10673;0.15797;0.22715
6.1911;-0.31373;-0.017899;-0.50925;-0.1528;-0.5682;-0.54087;0.033465;-0.28247;-0.055785;-0.09524;0.013146;0.13362
6.3075;-0.081343;-0.30182;-0.55671;-0.17155;-0.53169;-0.66941;-0.0048461;-0.15705;-0.15417;-0.091443;-0.025158;0.25436
6.4468;-0.0021631;-0.48083;-0.43177;-0.11886;-0.6787;-0.68514;0.034617;-0.14276;-0.14338;-0.14341;0.032471;0.29515
6.5077;0.026044;-0.54437;-0.36419;-0.15647;-0.72462;-0.67055;0.04116;-0.1194;-0.16772;-0.1492;0.080384;0.29532
6.497;0.028665;-0.51175;-0.39934;-0.118;-0.76193;-0.63413;0.050624;-0.16314;-0.13104;-0.17394;0.09502;0.29043
6.4455;0.043386;-0.4666;-0.40219;-0.16069;-0.6627;-0.66389;0.016093;-0.12898;-0.1628;-0.11784;0.0049246;0.30142
6.4937;-0.034533;-0.34146;-0.52267;-0.067104;-0.5739;-0.70949;-0.044783;-0.11115;-0.096055;-0.14993;-0.0649;0.23292
6.3579;-0.087129;-0.19473;-0.62912;0.039595;-0.53516;-0.65804;-0.045952;-0.15611;-0.014934;-0.18925;-0.040876;0.12677
6.1435;-0.19904;0.025149;-0.62114;0.006851;-0.52778;-0.3883;-0.021823;-0.17576;0.0040534;-0.22469;-0.091109;0.066357
6.102;-0.26619;0.21929;-0.44446;-0.11268;-0.57602;-0.3356;0.020401;-0.17804;-0.068325;-0.21485;0.075546;0.1189
6.0213;-0.37928;0.31862;-0.26001;-0.15603;-0.53286;-0.32698;-0.07989;-0.11492;0.023385;-0.24958;-0.00017709;0.10702
5.8425;-0.42772;0.22441;-0.21649;-0.020409;-0.48626;-0.38614;-0.086482;-0.1407;-0.052935;-0.10605;0.013245;0.044474
5.6337;-0.53883;0.28479;-0.23707;-0.12649;-0.68486;-0.2668;-0.16419;-0.2234;-0.04991;0.025485;0.014964;-0.02083
5.4412;-0.57279;0.0024524;-0.24882;-0.24308;-0.76194;-0.32127;-0.17107;-0.19463;-0.14296;-0.025772;0.13972;0.12377
5.0944;-0.42564;-0.032951;-0.19665;-0.16693;-0.66095;-0.18489;-0.26202;-0.14002;-0.11237;-0.051602;0.20294;0.043552
5.1889;-0.56014;-0.0095303;-0.20661;-0.4152;-0.49061;-0.11822;-0.036042;-0.13784;-0.14381;-0.064545;0.0040261;0.064403
4.8636;-0.50551;0.044579;-0.45282;-0.16432;-0.34424;-0.18511;-0.11067;-0.078142;-0.027758;-0.060601;0.064825;0.038041
5.1204;-0.67688;-0.098036;-0.58098;0.06754;-0.28178;-0.2078;0.052913;-0.23564;0.059967;-0.036809;0.0028606;0.073755
5.305;-0.66758;-0.036673;-0.79595;-0.20822;-0.29935;0.04908;0.10223;-0.20079;0.021461;-0.010895;0.049559;0.0076332
5.3221;-0.67345;0.17175;-0.70726;-0.44112;-0.27126;-0.21076;0.17138;-0.18615;0.048777;0.098062;-0.15111;0.02502
5.5043;-0.68178;0.27432;-0.43496;-0.50042;-0.37405;-0.32532;-0.011924;-0.2524;0.061108;0.19131;-0.10479;0.094569
5.8678;-0.39431;0.47284;-0.46756;-0.53054;-0.27067;-0.30999;-0.14653;-0.24043;-0.060442;0.053769;-0.10822;0.084255
5.8035;-0.15558;0.3876;-0.40393;-0.72454;-0.23768;-0.1069;-0.23758;-0.18091;-0.072962;-0.068299;-0.055061;0.010675
5.858;-0.090465;0.24164;-0.28091;-0.80384;-0.33552;0.11464;-0.34432;-0.16175;-0.057418;-0.12308;-0.018054;-0.037865
5.9053;-0.070482;0.17611;-0.23841;-0.85914;-0.28892;0.14247;-0.37075;-0.13124;-0.031551;-0.13311;-0.039482;-0.044085
5.7875;0.041489;0.034478;-0.16171;-0.82609;-0.39097;0.22359;-0.31595;-0.20982;-0.042531;-0.041482;-0.077125;-0.093789
5.685;0.11656;-0.033899;-0.12348;-0.69774;-0.48175;0.10506;-0.12948;-0.19649;-0.18702;0.031533;0.013426;-0.19772
5.6514;0.17987;-0.13353;-0.16523;-0.48949;-0.49387;-0.06754;-0.046673;-0.038495;-0.25189;-0.048989;0.087135;-0.15028
5.3133;0.32971;-0.11739;-0.20602;-0.45054;-0.3743;-0.10248;-0.062743;-0.024191;-0.19379;-0.084707;0.094897;-0.11572
4.893;0.43497;0.067734;-0.09729;-0.40867;-0.44368;-0.027801;-0.15444;-0.21801;-0.19961;0.022111;0.10605;-0.088895
4.7273;0.47627;0.19664;-0.19725;-0.36135;-0.44402;-0.065524;-0.11932;-0.2064;-0.12052;-0.047695;0.049241;-0.042361
4.5901;0.43807;0.17093;-0.15851;-0.27322;-0.4875;-0.1298;0.012016;-0.21542;-0.12427;-0.070893;0.054044;-0.033267
4.4448;0.34117;0.15778;-0.058905;-0.24304;-0.44266;-0.11639;-0.01959;-0.19919;-0.15551;-0.095817;0.12821;-0.034316
4.2333;0.32071;0.19495;0.013059;-0.29102;-0.41523;-0.10631;-0.15816;-0.12148;-0.12058;-0.1285;0.15137;-0.050222
4.0888;0.36873;0.1471;-0.020887;-0.18275;-0.4787;-0.13679;-0.12227;-0.19416;-0.091582;-0.10184;0.12094;-0.031807
4.0298;0.37386;0.17035;-0.052373;-0.20658;-0.52878;-0.21468;-0.045291;-0.11099;-0.16072;-0.10258;0.093218;-0.0087031
3.8128;0.35123;0.20426;-0.076529;-0.23469;-0.51169;-0.30306;-0.0012857;-0.10323;-0.1727;-0.087616;0.047019;0.059925
3.7313;0.27637;0.18192;-0.13292;-0.20633;-0.54773;-0.37368;0.005911;-0.13675;-0.13626;-0.11824;0.060808;0.048564
4.1823;0.27716;0.09635;-0.060644;-0.31784;-0.52296;-0.23169;-0.15303;-0.17455;-0.087897;-0.042027;0.03775;-0.0010306
5.3091;0.049697;-0.043162;-0.24761;-0.088176;-0.45631;-0.17094;-0.17945;-0.26138;0.029754;-0.139;0.097954;-0.038795
5.9301;0.042788;-0.05618;-0.45948;-0.16863;-0.53769;-0.17616;-0.14955;-0.34695;0.059692;-0.16147;0.10702;0.0016731
5.7852;0.28333;-0.24368;-0.73088;-0.22152;-0.45887;-0.25578;-0.15365;-0.3709;0.034154;-0.1002;0.0045352;-0.010458
5.9376;0.31152;-0.37257;-0.85801;-0.074436;-0.38856;-0.40875;-0.24109;-0.38811;0.0077439;-0.022744;0.075826;0.019279
5.9967;0.40368;-0.49266;-0.80924;-0.09597;-0.38469;-0.46686;-0.28077;-0.36634;-0.0014973;0.013665;0.090147;0.031733
6.0562;0.35466;-0.35133;-0.83093;-0.17274;-0.49015;-0.49736;-0.15736;-0.36088;-0.0051166;0.0030417;0.03387;0.081348
6.197;0.29163;-0.42232;-0.74975;-0.31829;-0.40426;-0.61419;-0.12246;-0.30472;-0.056353;0.13718;-0.027574;0.13049
6.2057;0.23563;-0.3773;-0.84924;-0.42846;-0.43335;-0.53931;-0.068478;-0.31573;-0.087157;0.19099;0.088334;0.12645
6.2784;0.23713;-0.42525;-0.89298;-0.44209;-0.5071;-0.44784;-0.087097;-0.33439;0.0027464;0.19564;0.14683;0.094449
6.3521;0.2511;-0.35301;-0.95997;-0.41388;-0.5447;-0.49793;-0.06956;-0.31357;0.035945;0.20647;0.14867;0.054109
6.4155;0.22283;-0.31283;-0.9903;-0.44285;-0.54688;-0.47888;-0.048578;-0.35603;0.10426;0.20136;0.14456;0.058234
6.5399;0.18042;-0.26402;-1.014;-0.41943;-0.51329;-0.54765;0.023562;-0.39762;0.066442;0.24268;0.094768;0.099942
6.6072;0.12712;-0.20601;-0.99196;-0.46709;-0.43777;-0.61414;0.07542;-0.43582;0.0125;0.30112;0.031564;0.14671
6.5288;0.15139;-0.19146;-0.94498;-0.42758;-0.44299;-0.65254;0.098615;-0.44571;-0.041263;0.27806;0.023467;0.14355
6.4065;0.16505;-0.16002;-0.89502;-0.3583;-0.55125;-0.54593;0.066766;-0.49814;0.011649;0.15617;0.071728;0.10533
6.4375;0.10428;-0.06269;-0.91856;-0.32639;-0.51935;-0.69394;0.14607;-0.45594;-0.049796;0.1625;0.026848;0.14633
6.498;0.082602;-0.083306;-0.8911;-0.33166;-0.47631;-0.74984;0.14949;-0.42192;-0.065213;0.16112;-0.0046941;0.17199
6.4515;0.093207;-0.14879;-0.84066;-0.25228;-0.53124;-0.65098;0.051274;-0.39258;-0.056203;0.12786;-0.042134;0.17683
6.4875;0.076451;-0.16377;-0.93321;-0.11053;-0.49774;-0.62645;-0.03661;-0.39336;-0.019539;0.073169;-0.059278;0.1681
6.434;0.17535;-0.23044;-0.98447;-0.065902;-0.49811;-0.56727;-0.068401;-0.39271;0.01296;0.01983;-0.021495;0.13798
6.3656;0.22389;-0.27613;-0.94865;-0.13556;-0.49123;-0.45904;0.038922;-0.40792;-0.091576;-0.048805;0.019302;0.15626
6.4516;0.23888;-0.41032;-0.83134;-0.060688;-0.62827;-0.38574;0.032266;-0.25988;-0.10346;-0.18845;0.059994;0.13536
6.5429;0.22338;-0.51549;-0.81579;0.015023;-0.60212;-0.37245;-0.015775;-0.13564;-0.049431;-0.21035;-0.013949;0.041511
6.2871;0.2742;-0.46551;-0.84738;-0.10302;-0.49794;-0.26685;0.17235;-0.083396;-0.04469;-0.15821;-0.047493;-0.050131
6.0057;0.40749;-0.47683;-0.61756;-0.27291;-0.48992;-0.28554;0.1444;-0.0068913;-0.086206;-0.12152;-0.030265;-0.012251
5.7625;0.41582;-0.46471;-0.42974;-0.25198;-0.46094;-0.28133;0.040105;0.10955;-0.1165;-0.0098617;-0.072375;-0.010504
5.3263;0.2955;-0.4627;-0.28425;0.022138;-0.43477;-0.29927;-0.11583;0.083127;-0.075662;-0.032507;-0.046192;-0.0014735
4.9038;0.27273;-0.60065;-0.16832;-0.18388;-0.48093;-0.2573;-0.12819;0.023274;-0.12564;-0.056211;0.013112;-0.002688
4.6264;0.38166;-0.42972;-0.43491;-0.32145;-0.5615;-0.23877;-0.22808;-0.097077;-0.0050737;-0.11435;-0.01858;-0.0098882
4.7256;0.1304;-0.34212;-0.09876;-0.20894;-0.61302;-0.22614;-0.099452;-0.12523;-0.074193;-0.061129;0.025334;0.023539
5.2686;-0.20773;-0.64132;-0.10306;-0.095817;-0.66339;-0.054747;0.1145;-0.027625;-0.09427;-0.068656;0.074207;-0.0076578
5.8719;-0.45688;-0.45166;-0.11454;-0.10735;-0.91111;0.059937;-0.094068;-0.14384;-0.16881;0.016265;0.19205;-0.0019503
5.7238;-0.34608;-0.52799;-0.2272;-0.18073;-0.72377;0.065809;-0.15185;-0.047278;-0.13404;-0.015651;0.080359;-0.0085203
5.6128;-0.29566;-0.3863;-0.33303;-0.36053;-0.63898;0.076743;-0.13542;0.032727;-0.13619;0.14147;0.098991;-0.16409
5.0532;-0.20606;-0.32541;-0.31083;-0.40762;-0.64963;-0.059402;-0.1423;0.055626;-0.076518;0.22574;0.11339;-0.16537
4.5521;-0.11738;-0.4201;-0.24858;-0.45766;-0.61495;-0.06732;-0.093822;0.029416;0.031504;0.2549;0.03462;-0.15711
4.2729;-0.092317;-0.41744;0.070892;-0.31489;-0.61878;0.099547;0.15405;0.042176;0.067405;0.22935;0.035952;-0.12588
3.8168;-0.20654;-0.38928;0.24912;-0.077991;-0.48039;0.11859;0.10686;-0.059631;0.061325;0.14927;0.018899;-0.1015
3.735;-0.066374;-0.26664;0.032655;-0.19019;-0.45209;0.072374;0.099495;-0.050674;0.096354;0.22433;0.019764;-0.12933
3.5427;-0.10695;-0.25274;0.10503;-0.093494;-0.44109;0.098288;0.0071486;-0.082659;0.14246;0.22893;-0.020349;-0.16344
3.3307;-0.17184;-0.2284;0.12531;-0.15018;-0.42623;0.15091;0.26189;-0.027974;0.0039251;0.077165;-0.05135;-0.057444
3.1949;-0.080059;-0.088104;0.085733;-0.11135;-0.32496;-0.008399;0.1211;-0.066681;0.10553;0.16473;-0.016397;-0.069201
3.0523;-0.029641;3.6096e-005;-0.06045;-0.20781;-0.28459;0.03572;0.03556;-0.093325;0.10599;0.20259;0.025336;-0.0032757
3.052;-0.085604;0.0061869;-0.017383;-0.033634;-0.19007;0.054481;0.033275;-0.060204;-0.00011466;0.10303;-0.010204;-0.059458
2.8893;-0.17713;-0.024904;0.073359;0.00014376;-0.063485;0.017553;-0.019692;-0.13981;-0.080342;0.1126;0.050587;0.01053
2.814;-0.14929;-0.012158;0.0078091;-0.11278;-0.14037;-0.048034;-0.044759;0.060111;0.085682;0.010639;0.022982;0.050907
2.8949;-0.16845;0.057736;-0.014924;-0.11482;-0.09024;-0.014497;-0.052903;0.023974;0.004147;0.13253;0.012022;-0.068771
2.7857;-0.21294;-0.066659;-0.18255;-0.28255;-0.070998;-0.055575;0.021197;0.053771;0.040607;0.22035;0.10989;-0.048697
2.7951;-0.23254;0.099442;-0.14155;-0.23957;-0.047479;-0.022917;-0.056383;0.068308;0.094315;0.064378;0.054029;-0.051285
3.3039;-0.58849;0.2868;-0.37928;-0.3337;-0.21579;0.14745;-0.13834;-0.019939;0.36346;-0.20648;0.18713;0.079049
3.404;-0.62124;0.28533;-0.19544;-0.41561;-0.10072;0.18732;-0.33641;-0.021313;0.31495;-0.26618;0.20851;0.064449
3.4453;-0.36253;0.32803;-0.22037;-0.55281;-0.20227;0.12476;-0.3533;-0.06042;0.25563;-0.25734;0.17471;0.057846
4.817;-0.43599;0.48211;-0.31331;-0.67803;-0.39618;0.13084;-0.32165;-0.24657;0.16773;-0.28349;0.11959;0.1477
5.5791;-0.033124;0.42405;-0.41113;-0.82809;-0.4018;0.071225;-0.47916;-0.25647;0.16057;-0.23466;0.089766;0.081541
5.8712;-0.015864;0.3695;-0.38045;-0.84986;-0.3163;0.10443;-0.45695;-0.261;0.1093;-0.24464;0.038893;0.060159
6.0273;-0.05531;0.33789;-0.37882;-0.82885;-0.27696;0.11224;-0.39275;-0.19427;0.030041;-0.21076;-0.0077803;0.02829
6.2017;-0.053893;0.23372;-0.26318;-0.8643;-0.31094;0.14629;-0.39481;-0.17213;0.014285;-0.21618;0.013995;-0.0070241
6.2613;0.014571;0.084689;-0.10354;-0.89296;-0.3772;0.17546;-0.36065;-0.21548;-0.031429;-0.11177;-0.05955;-0.014782
6.3161;0.032089;-0.026664;-0.055521;-0.70682;-0.58363;0.13371;-0.13951;-0.3187;-0.10369;-0.031886;-0.038659;-0.070733
6.1051;0.18115;-0.087758;-0.15024;-0.59202;-0.52752;0.040606;-0.16668;-0.21022;-0.057076;-0.16755;0.028171;-0.03359
5.8684;0.15084;0.024225;-0.19989;-0.40316;-0.50048;-0.060828;-0.19149;-0.17753;-0.045314;-0.17532;0.033229;-0.00029462
5.6843;0.16745;0.075406;-0.15304;-0.53971;-0.42832;-0.018374;-0.25842;-0.22081;-0.025866;-0.12367;0.0092538;0.010222
5.6786;0.131;0.056306;-0.12796;-0.52514;-0.41564;-0.10969;-0.20542;-0.2544;-0.020782;-0.12135;0.030537;0.012154
5.7499;0.13861;-0.021204;-0.27447;-0.35417;-0.53004;-0.21635;-0.070639;-0.25684;-0.11924;-0.11763;0.090106;-0.0072815
6.0915;0.062665;-0.10215;-0.33334;-0.43035;-0.61688;-0.19294;-0.060294;-0.21549;-0.11712;-0.22302;0.11068;0.046674
6.3677;-0.003755;-0.19322;-0.33157;-0.4501;-0.68443;-0.21811;-0.1387;-0.2095;-0.15345;-0.22225;0.25096;-0.013721
6.5282;0.0057399;-0.27642;-0.24612;-0.54204;-0.73634;-0.20696;-0.16379;-0.25119;-0.18595;-0.10913;0.26692;-0.017634
6.7124;-0.10367;-0.11426;-0.27139;-0.72237;-0.6351;-0.11988;-0.31926;-0.27458;-0.052033;-0.10965;0.19047;0.052031
6.8268;-0.17785;-0.11437;-0.26503;-0.78793;-0.66071;-0.042778;-0.36515;-0.32629;-0.0030524;-0.042351;0.12788;0.065569
6.8069;-0.15656;-0.16002;-0.28096;-0.76057;-0.67524;-0.077293;-0.35937;-0.28126;-0.02221;-0.0070077;0.10517;0.096401
6.7411;-0.14017;-0.13645;-0.35663;-0.73765;-0.66844;-0.10578;-0.34055;-0.27085;-0.048125;0.029307;0.11396;0.089686
6.735;-0.13368;-0.12418;-0.40146;-0.71475;-0.68303;-0.10591;-0.3169;-0.29911;-0.049601;0.066225;0.11001;0.07329
6.7465;-0.15748;-0.12705;-0.45193;-0.66322;-0.71162;-0.10375;-0.28404;-0.3216;-0.038094;0.051822;0.14259;0.070727
6.7241;-0.13125;-0.1195;-0.46557;-0.66136;-0.67805;-0.15226;-0.25328;-0.32293;-0.068434;0.085755;0.11107;0.081325
6.6626;-0.066337;-0.12365;-0.41594;-0.66073;-0.64841;-0.21702;-0.21358;-0.29812;-0.13021;0.094583;0.13201;0.021915
6.2309;0.069367;-0.050004;-0.24404;-0.62797;-0.56314;-0.17989;-0.19194;-0.24773;-0.19246;0.044315;0.069497;-0.021608
5.6288;0.2339;-0.11743;-0.16003;-0.51847;-0.52867;-0.16135;-0.18886;-0.28728;-0.13293;0.060871;0.015429;-0.0019096
5.3083;0.25945;0.01505;-0.15399;-0.43861;-0.51779;-0.094323;-0.17033;-0.30415;-0.19974;0.14428;0.025729;-0.079371
4.9474;0.27256;0.12551;-0.19085;-0.39137;-0.41528;-0.26258;-0.099351;-0.15852;-0.24115;0.098737;0.003921;0.0025569
4.6828;0.28006;0.027063;-0.11181;-0.55293;-0.50421;-0.28794;-0.10186;-0.20283;-0.26239;0.19403;0.024779;-0.06381
4.2535;0.3137;-0.055258;-0.18556;-0.67451;-0.57916;-0.18661;-0.16587;-0.2516;-0.1249;0.12782;0.058592;-0.06995
3.9254;0.28427;-0.028195;-0.21066;-0.54853;-0.6664;-0.23392;-0.16192;-0.29984;-0.10245;0.059306;0.039382;-0.086986
3.862;0.33869;0.11353;-0.41734;-0.62424;-0.53693;-0.31856;-0.20038;-0.18421;-0.13797;0.11864;0.020553;-0.012374
3.7811;0.26874;0.018819;-0.3401;-0.59639;-0.58916;-0.32363;-0.17209;-0.22486;-0.06337;0.031519;0.049748;0.0041553
5.1782;-0.25918;-0.068905;-0.13467;-0.49909;-0.41511;0.013129;0.0076375;-0.23942;-0.046073;0.015201;0.039165;0.036006
5.977;-0.2247;0.078092;-0.17651;-0.83725;-0.42103;-0.13117;-0.20169;-0.25798;-0.094508;0.080814;0.0049776;0.046686
6.3785;-0.1471;-0.024808;-0.17411;-0.93152;-0.42209;-0.1264;-0.34838;-0.2581;-0.10341;0.002679;-0.00051695;0.10842
6.5839;-0.12858;-0.017406;-0.16776;-0.97446;-0.48063;-0.053604;-0.45619;-0.22942;0.00097127;-0.11809;0.10132;0.12952
6.6738;-0.16816;0.039722;-0.19843;-0.97775;-0.4626;-0.016412;-0.4823;-0.24247;0.004992;-0.14226;0.11248;0.14331
6.7207;-0.19817;0.046116;-0.1872;-0.97435;-0.44947;-0.015822;-0.46576;-0.27285;0.022307;-0.1304;0.060315;0.17496
6.6199;-0.15557;0.057204;-0.20956;-0.94456;-0.4344;-0.013827;-0.47482;-0.30015;0.055645;-0.13373;0.02835;0.15981
6.4317;-0.085619;0.14374;-0.41742;-0.72801;-0.44315;-0.10494;-0.33972;-0.38789;0.087962;-0.11422;-0.041359;0.17845
6.2545;-0.033529;0.22347;-0.48883;-0.69886;-0.38509;-0.10483;-0.32084;-0.38779;0.083324;-0.12834;-0.037098;0.14827
6.1308;-0.062481;0.28319;-0.37052;-0.79996;-0.31534;-0.022913;-0.42037;-0.31726;0.1421;-0.23561;0.027214;0.13108
5.8087;-0.076565;0.32759;-0.27468;-0.70032;-0.31847;0.082229;-0.3686;-0.25718;0.1055;-0.19704;-0.056132;0.10111
5.5338;0.023505;0.42974;-0.23046;-0.65058;-0.36583;0.069861;-0.41152;-0.27641;0.16569;-0.19815;0.032472;0.067359
5.0074;0.1085;0.46053;-0.14227;-0.66549;-0.29454;0.12018;-0.42493;-0.20393;0.16518;-0.21338;0.053526;0.073368
4.8164;0.036387;0.47919;-0.30036;-0.49;-0.50347;-0.17482;-0.1571;-0.22262;0.092666;-0.1574;0.057387;0.11423
4.4835;0.029706;0.40163;-0.46753;-0.5245;-0.60389;-0.2796;-0.12862;-0.3454;0.070351;-0.075586;-0.013853;0.11719
4.2027;0.15026;0.39542;-0.40528;-0.48558;-0.49782;-0.23234;-0.24276;-0.22286;0.11614;-0.17003;0.064377;0.067739
4.3214;-0.16397;0.49105;-0.41178;-0.26407;-0.49752;-0.27164;-0.15524;-0.21621;0.16296;-0.18923;0.063512;0.15734
5.1626;-0.61494;0.28757;-0.58175;-0.00031983;-0.57914;-0.3937;0.047872;-0.45662;0.012372;0.0079837;0.066974;0.1474
5.1241;-0.73682;0.33516;-0.60786;-0.024164;-0.52351;-0.29011;-0.2189;-0.49779;0.083563;0.080022;0.074876;0.11568
5.6456;-0.88028;0.081449;-0.71279;-0.066293;-0.39279;-0.28434;0.0434;-0.31635;-0.11043;-0.00065429;0.1659;0.16569
5.8001;-0.99748;0.10474;-0.79024;-0.22183;-0.22559;-0.25417;0.073001;-0.29923;-0.17594;-0.01435;0.030886;0.22038
5.4666;-1.2047;0.21159;-0.66455;-0.28765;-0.10867;-0.11772;0.06287;-0.22343;-0.080656;0.084904;-0.05723;0.094924
5.6124;-1.1407;0.10488;-0.76475;-0.38459;-0.14082;-0.20856;0.072991;0.041579;-0.0075834;0.066298;0.023771;0.042303
5.7338;-1.1689;0.011402;-0.7489;-0.46894;-0.34361;-0.18023;0.07038;-0.066106;-0.022917;0.15977;0.019847;0.095368
5.9532;-0.93561;-0.015385;-0.60951;-0.40103;-0.18839;-0.27806;0.11034;-0.19239;0.025178;0.22419;-0.087441;0.092789
6.2276;-0.59577;0.26691;-0.23662;-0.52445;-0.30316;-0.24938;-0.030114;-0.35376;0.038585;0.073628;-0.23528;0.17089
6.3497;-0.29097;0.17992;-0.29169;-0.65785;-0.37898;-0.036379;-0.068221;-0.28786;0.059858;0.011554;-0.23626;0.11311
6.4213;-0.089449;0.0089788;-0.43468;-0.62075;-0.47085;0.072375;-0.094331;-0.19358;0.044701;-0.11567;-0.11139;0.010407
6.5283;-0.043697;-0.03887;-0.62351;-0.62391;-0.30829;-0.069176;-0.0085784;-0.054168;-0.12984;-0.04632;-0.060189;-0.096718
6.759;-0.093657;-0.20476;-0.47788;-0.75921;-0.3903;0.11684;-0.047733;-0.13103;0.023895;-0.033762;-0.14656;-0.033514
6.7826;-0.091724;-0.21799;-0.47799;-0.72647;-0.42485;0.081733;-0.034958;-0.073917;-0.020062;-0.02347;-0.095747;-0.064841
6.7565;-0.1091;-0.2008;-0.36702;-0.76476;-0.42237;0.080128;-0.080771;-0.092106;-0.019956;-0.0031181;-0.15785;-0.054156
6.7762;-0.13041;-0.22351;-0.32552;-0.69899;-0.457;0.048736;-0.082179;-0.061048;-0.036969;-0.041791;-0.14899;-0.029893
6.8217;-0.15068;-0.24584;-0.34751;-0.58208;-0.55463;0.076676;-0.095249;-0.058567;-8.9251e-006;-0.13021;-0.088403;-0.038853
6.8376;-0.14264;-0.31951;-0.26432;-0.54716;-0.62045;0.071596;-0.04934;-0.095178;-0.034824;-0.072015;-0.10855;-0.070387
6.8214;-0.14079;-0.30105;-0.25816;-0.5697;-0.5886;0.049428;-0.028834;-0.14392;-0.014197;-0.044237;-0.14527;-0.056302
6.8222;-0.13401;-0.30626;-0.24637;-0.59098;-0.57987;0.096908;-0.10962;-0.094737;-0.0033606;-0.089703;-0.10679;-0.075859
6.8191;-0.1285;-0.29877;-0.24539;-0.63033;-0.56297;0.1157;-0.11818;-0.085101;-0.019507;-0.083653;-0.10258;-0.07917
6.8754;-0.15836;-0.29468;-0.25246;-0.5968;-0.55258;0.055391;-0.08678;-0.053682;-0.015912;-0.10549;-0.082659;-0.040042
6.795;-0.11654;-0.26803;-0.25039;-0.69404;-0.49234;0.1065;-0.16506;-0.09907;0.068156;-0.088981;-0.16279;-0.033598
6.8202;-0.12237;-0.24047;-0.2794;-0.65717;-0.51016;0.11143;-0.17769;-0.08717;0.07308;-0.058838;-0.17294;-0.045983
6.7931;-0.090186;-0.27096;-0.26404;-0.65844;-0.45285;0.0018691;-0.13397;-0.064123;0.094547;-0.070735;-0.17089;-0.0087219
6.6867;-0.056409;-0.21773;-0.29415;-0.651;-0.53298;0.090373;-0.13772;-0.081658;0.071337;-0.041911;-0.12978;-0.048043
6.5751;-0.011158;-0.16926;-0.38969;-0.59391;-0.52746;0.041366;-0.090968;-0.034533;0.074867;-0.092562;-0.029372;-0.048389
6.63;-0.069513;-0.14814;-0.36856;-0.66354;-0.41861;-0.076381;-0.072936;-0.0011067;0.016847;0.011563;-0.061171;-0.082518
6.5392;-0.0091801;-0.16232;-0.35382;-0.76059;-0.38696;-0.012267;-0.12019;0.023546;0.065715;0.00083617;-0.062594;-0.026233
6.393;0.052375;-0.12426;-0.39898;-0.67921;-0.47038;-0.0017782;-0.053099;0.0061019;0.037633;-0.04233;0.032849;-0.059648
6.3634;0.029164;-0.14374;-0.23965;-0.73146;-0.45394;-0.015532;-0.063449;-0.033474;0.040503;-0.0030471;-0.027625;-0.050209
6.3075;0.047988;-0.18196;-0.17839;-0.72432;-0.4523;0.02669;-0.12375;-0.062263;0.083143;0.014716;-0.040407;-0.07792
6.258;0.050898;-0.22243;-0.11215;-0.6313;-0.5938;0.035729;-0.026437;-0.09856;0.065592;0.01535;0.020825;-0.087465
6.143;0.095404;-0.17007;-0.27182;-0.54045;-0.62275;0.032552;0.017826;-0.15037;0.11246;0.0043065;0.044579;-0.10758
6.0095;0.12145;-0.20396;-0.20683;-0.50184;-0.60378;-0.070769;0.03473;0.00055431;0.016689;-0.028213;0.084829;-0.050007
5.8803;0.11432;-0.21364;-0.18022;-0.45172;-0.62609;-0.11145;0.055785;0.025146;-0.050935;-0.015765;0.10556;-0.083652
5.6654;0.17024;-0.2936;-0.15947;-0.46178;-0.4118;-0.29222;0.058106;0.11166;-0.1843;0.086537;0.033785;-0.06395
5.5391;0.079158;-0.29601;-0.078235;-0.50975;-0.25773;-0.39033;0.091267;0.14829;-0.29104;0.092823;0.059949;-0.083337
5.0896;0.15551;-0.24318;-0.1736;-0.31678;-0.2861;-0.35076;0.069786;0.17493;-0.33696;-0.10165;0.10979;0.025114
4.8124;0.16118;-0.21999;-0.22276;-0.173;-0.27281;-0.25372;0.031649;-0.0018535;-0.41373;-0.16843;0.11142;0.10635
4.6606;0.15806;-0.3069;-0.061922;-0.10833;-0.44163;-0.44259;0.032473;0.10729;-0.32483;-0.11505;0.01653;0.071174
4.2498;0.18746;-0.32256;-0.079431;-0.19951;-0.50173;-0.53443;0.029683;0.21917;-0.26539;-0.11235;-0.030486;0.046489
3.9193;0.18546;-0.28106;-0.102;-0.25586;-0.48383;-0.52371;0.04983;0.24055;-0.23857;-0.10024;-0.01501;0.059205
3.6039;0.14738;-0.29151;-0.29659;-0.16625;-0.47849;-0.3621;0.066963;0.29847;-0.058892;-0.072029;0.006264;0.046291
3.3471;-0.01486;-0.30052;-0.21823;-0.083187;-0.34956;-0.39519;0.018051;0.4296;0.033345;-0.01939;0.032611;-1.2329e-005
3.2302;-0.015106;-0.21686;-0.09222;0.0084857;-0.2492;-0.35268;0.061943;0.37565;0.034498;-0.052192;-0.034172;0.00012496
3.0496;-0.060252;-0.11252;-0.061254;0.057427;-0.095108;-0.25083;0.014824;0.244;0.00486;-0.036467;0.023152;-0.03503
2.9602;-0.099857;-0.013527;0.032135;0.12374;-0.050263;-0.12492;-0.065971;0.023124;0.057276;-0.027875;-0.096447;-0.0061952
2.9115;-0.072055;0.068943;0.052605;0.011545;0.08207;-0.036203;-0.071394;-0.097546;-0.13138;0.083759;0.00032514;0.009159
2.7352;-0.15377;0.11759;0.11747;0.054422;-0.014556;-0.078014;-0.094865;-0.047004;-0.082579;-0.022453;0.053727;0.01587
2.8371;-0.12636;0.11142;0.024268;0.12167;0.022388;-0.089372;-0.11924;-0.058418;-0.018982;-0.052376;0.0099246;0.064711
2.7867;-0.18869;0.078003;-0.066888;-0.098927;0.10212;-0.027127;-0.082864;-0.11508;-0.024257;0.13949;0.027812;-0.030228
2.7275;-0.19119;0.11542;0.067049;-0.061227;0.0039036;-0.076882;-0.085907;-0.0030685;-0.093292;0.11616;0.05305;-0.063357
2.5632;-0.24999;0.0020288;-0.07995;-0.10924;0.016493;0.069023;-0.12467;-0.034079;3.6643e-005;0.0117;0.11743;-0.014677
2.7357;-0.19907;-0.067445;-0.094278;0.023086;0.03248;0.083106;-0.053561;-0.12413;-0.043955;-0.0091419;0.039703;0.01796
2.6233;-0.25985;-0.042952;-0.058308;0.00047069;0.031669;0.066378;-0.17122;-0.14755;-0.0028376;0.017764;0.068947;0.084208
2.6303;-0.28378;-0.13443;-0.092927;-0.073669;-0.073841;0.054478;-0.042772;-0.096884;0.048919;0.064071;0.0026488;0.028439
2.6754;-0.25631;-0.020944;-0.049339;-0.064943;0.012198;0.016935;-0.12695;-0.040265;0.085659;-0.004802;-0.039955;-0.0069389
2.5109;-0.29774;-0.033599;-0.062919;-0.018167;-0.00045982;-0.022484;-0.053179;-0.016296;-0.036859;-0.056303;0.049924;0.048198
2.6907;-0.27191;-0.088244;-0.093356;-0.018467;0.088418;-0.0038897;0.0053771;-0.029735;-0.12819;-0.024896;0.087977;0.04318
2.6786;-0.2722;-0.098569;-0.03499;-0.079835;0.059433;0.11667;-0.046896;-0.15691;-0.0087421;-0.019443;-0.076461;0.054234
2.5851;-0.30777;-0.080385;-0.06848;-0.115;-0.028311;0.084235;-0.047501;-0.071179;-0.031664;0.005087;0.029657;-0.041227
2.5689;-0.32368;-0.074062;-0.045085;-0.031793;-0.062933;0.083557;0.072362;-0.062644;-0.07924;0.075639;0.038656;-0.1024
2.6816;-0.29784;-0.03939;-0.040889;-0.058744;0.05387;0.034142;0.0061953;-0.062856;-0.040081;-0.080555;0.0021674;0.091976
2.6752;-0.26247;-0.034518;-0.066208;-0.039342;0.023099;-0.014326;0.088274;-0.13352;-0.032115;0.058651;-0.084177;0.11121
2.7019;-0.32673;-0.092768;-0.14349;-0.068714;0.15662;-0.080867;0.023162;-0.16227;-0.090157;0.13455;-0.10317;0.025151
2.6579;-0.28147;-0.052004;-0.083563;-0.038258;0.15113;0.0096495;-0.015403;-0.098861;-0.016502;-0.012414;-0.08861;0.070797
2.6167;-0.29263;-0.038172;-0.13922;0.019772;0.028757;0.00032606;0.0054428;-0.067597;-0.11262;0.02993;0.052199;0.013585
2.6466;-0.27306;-0.12531;-0.08631;-0.05072;0.14218;0.12097;-0.080287;-0.1805;-0.059372;-0.015049;0.027047;0.095872
2.6225;-0.25855;-0.028971;-0.088369;-0.045361;0.076168;0.063317;-0.085016;-0.20244;-0.12432;0.06907;0.11781;0.058888
2.705;-0.28301;-0.061453;-0.074675;-0.075406;0.068404;-0.042066;-0.11934;-0.10938;-0.10546;0.059159;0.10205;0.062262
2.671;-0.31704;-0.06728;-0.00099247;-0.020803;0.088719;-0.046061;-0.13048;-0.046145;-0.12825;0.11289;0.099034;-0.014353
2.5977;-0.33469;-0.10958;0.0019864;-0.025464;-0.035517;-0.02459;-0.061686;-0.071734;-0.065045;0.057099;0.056998;0.081836
2.6416;-0.25368;-0.0086575;0.046248;-0.066867;-0.0011298;0.10442;-0.097177;-0.19866;0.042225;0.09208;-0.012811;0.037721
2.6123;-0.30011;-0.069932;-0.070369;-0.10533;-0.13607;0.069521;0.052471;-0.14246;0.061645;0.085597;-0.060824;0.0015007
2.7014;-0.21902;-0.075795;-0.1187;-0.11728;0.023519;0.10719;-0.036095;-0.11639;-0.027192;0.045672;0.010684;-0.01096
2.6115;-0.28754;-0.20371;-0.10791;0.02165;-0.017499;-0.035834;-0.067534;-0.19768;-0.094685;0.066945;0.015952;0.11015
2.6592;-0.2756;-0.0608;-0.082268;-0.12098;-0.090065;-0.067759;-0.089897;-0.0083133;-0.057722;0.060406;0.097269;-0.0074363
2.5752;-0.29833;-0.15113;-0.14544;-0.012509;0.10776;-0.017741;0.081545;-0.030518;-0.19575;-0.049239;0.04676;0.017175
2.6407;-0.33777;-0.18519;-0.079654;0.0074943;0.028389;-0.11826;-0.045494;-0.083173;-0.18674;0.0084019;0.064937;0.076045
2.6383;-0.30673;-0.14586;-0.13448;-0.14186;0.061498;-0.13953;-0.051386;0.029966;-0.059265;0.04514;0.0042976;0.027418
2.6394;-0.37774;-0.1147;0.014273;-0.16711;0.070093;-0.0044019;-0.064897;-0.1371;-0.10702;0.14122;-0.0039669;-0.014636
2.6524;-0.32457;-0.10388;-0.083047;-0.2373;-0.090679;0.076963;-0.13447;-0.26637;0.030337;0.18988;-0.017736;0.024376
2.59;-0.30255;-0.12986;-0.063932;-0.12436;0.018537;0.051752;-0.093441;-0.13553;-0.020299;0.034126;-0.041584;0.05151
2.611;-0.30119;-0.1146;-0.18733;-0.15645;-0.072364;-0.055852;-0.075254;-0.022753;-0.029441;0.019248;0.075505;0.0064993
2.616;-0.2996;-0.021684;-0.038225;-0.17715;0.018509;0.017364;-0.034617;-0.0085892;-0.050396;0.036777;0.076695;-0.01004
2.6114;-0.3598;-0.15155;-0.10346;-0.16041;0.027272;-0.010546;-0.12598;-0.08843;-0.037808;0.12378;0.076831;0.08359
2.583;-0.32555;-0.057343;-0.047313;-0.18766;0.018583;0.022498;-0.18157;-0.040955;0.00040181;0.027314;0.014172;0.059888
2.6482;-0.42661;-0.23012;-0.098134;-0.1886;0.046225;-0.012262;0.0099556;-0.057259;0.011874;0.024923;-0.017668;0.073245
2.6386;-0.37294;-0.16713;-0.2212;-0.1608;-0.10891;-0.010932;-0.17874;-0.10299;-0.02938;0.088036;0.083394;0.01452
2.6208;-0.3585;-0.11503;-0.049238;-0.13601;-0.041534;0.10348;-0.23919;-0.25736;-0.036642;-0.05983;0.011185;0.092829
2.6186;-0.33791;-0.14157;-0.19305;-0.15055;0.0097445;-0.065334;-0.098284;-0.011943;-0.0577;-0.016875;0.015922;-0.014988
2.6186;-0.30357;-0.17822;-0.10804;-0.030689;-0.074489;-0.022379;-0.11283;-0.039339;-0.017474;-0.036796;-0.0019972;-0.028443
2.6532;-0.40559;-0.30771;-0.19061;-0.062007;0.00069179;-0.043519;-0.094844;-0.20187;-0.1274;0.045732;-0.018807;0.064904
