1.7491;-0.54219;-0.2337;-0.26683;-0.17575;-0.15736;-0.10405;-0.075925;-0.056863;-0.031623;-0.0060389;0.020881;0.012531
1.756;-0.53831;-0.22983;-0.2718;-0.18191;-0.16802;-0.11053;-0.069246;-0.04623;-0.025102;-0.0083265;0.01327;0.013718
2.3415;-0.40123;-0.19523;-0.17672;-0.1551;-0.2566;0.063737;-0.15475;-0.20021;0.059823;0.012948;0.018976;-0.0072403
1.8752;-0.49206;-0.20918;-0.24167;-0.17707;-0.18536;-0.078887;-0.10528;-0.10044;-0.0076391;0.010215;0.017161;0.022969
1.7456;-0.54806;-0.23869;-0.27737;-0.18108;-0.15161;-0.10349;-0.072975;-0.048483;-0.025167;-0.011747;0.017292;0.02032
1.7522;-0.55258;-0.24395;-0.28228;-0.18791;-0.16595;-0.097345;-0.067551;-0.046087;-0.025203;-0.015585;0.010571;0.022463
1.753;-0.54809;-0.24674;-0.29182;-0.18491;-0.15702;-0.10885;-0.081002;-0.051519;-0.021053;-0.0058792;0.027019;0.016115
1.7442;-0.5469;-0.23742;-0.27139;-0.17765;-0.15728;-0.10525;-0.075117;-0.050542;-0.020887;-0.0098642;0.016868;0.018848
1.7536;-0.54466;-0.2526;-0.27956;-0.18653;-0.15814;-0.1026;-0.083149;-0.048938;-0.023209;-0.021037;0.011137;0.022211
1.7428;-0.54837;-0.2394;-0.27442;-0.18077;-0.15746;-0.1088;-0.079769;-0.048913;-0.020352;-0.0042866;0.016322;0.017631
1.7383;-0.54898;-0.24488;-0.27969;-0.19102;-0.16411;-0.10694;-0.078083;-0.047749;-0.022182;-0.00734;0.016427;0.017861
1.7425;-0.54378;-0.23584;-0.27505;-0.17987;-0.15882;-0.10432;-0.082072;-0.05007;-0.017163;-0.0043753;0.01765;0.014889
1.7448;-0.54291;-0.23934;-0.26678;-0.17755;-0.15778;-0.10826;-0.083962;-0.051206;-0.024092;-0.0042807;0.014387;0.013113
1.7464;-0.5437;-0.2403;-0.28507;-0.19397;-0.16194;-0.095253;-0.06981;-0.049549;-0.01954;-0.018244;0.01158;0.022749
1.7608;-0.53633;-0.22608;-0.26387;-0.18083;-0.15777;-0.10692;-0.064272;-0.045955;-0.024073;0.004845;0.012095;0.010337
1.7541;-0.5509;-0.24141;-0.26856;-0.17755;-0.14544;-0.10903;-0.072862;-0.050602;-0.023796;-0.0047963;0.012877;0.015139
1.7506;-0.54662;-0.24679;-0.27877;-0.18654;-0.15926;-0.10167;-0.071877;-0.048947;-0.027036;-0.0077245;0.018084;0.01876
1.7792;-0.53898;-0.26134;-0.27143;-0.15786;-0.14312;-0.10647;-0.068797;-0.034153;-0.036599;-0.023608;0.028707;0.037799
1.8014;-0.52787;-0.24866;-0.27719;-0.16604;-0.13558;-0.093473;-0.078133;-0.042445;-0.026805;-0.020001;-0.0019348;0.020113
1.8212;-0.53797;-0.25242;-0.23548;-0.17473;-0.19712;-0.13325;-0.062791;-0.036;-0.053361;-0.011189;0.013208;0.020732
1.8609;-0.52126;-0.24949;-0.20965;-0.10384;-0.15318;-0.12048;-0.034735;-0.0080686;-0.071502;-0.042832;0.04646;0.02658
1.8668;-0.55217;-0.32882;-0.24582;-0.10294;-0.17738;-0.13356;-0.038379;-0.022562;-0.065297;-0.041995;0.03498;0.042059
1.9405;-0.51965;-0.33626;-0.25422;-0.054745;-0.1093;-0.086161;-0.029846;-0.050714;-0.12335;-0.05708;0.079882;0.071909
1.9256;-0.54116;-0.34185;-0.25897;-0.11692;-0.13656;-0.16126;-0.1033;-0.01939;-0.016233;-0.00032254;-0.010272;0.013676
1.9801;-0.50072;-0.25208;-0.2152;-0.18197;-0.16259;-0.085443;-0.063857;-0.0059999;0.001699;0.020448;-0.0096914;-0.0073352
2.0333;-0.52039;-0.32313;-0.22423;-0.1656;-0.11645;-0.10623;-0.065829;-0.019012;-0.11084;-0.076597;0.023946;0.030667
2.097;-0.49651;-0.26395;-0.14892;-0.1647;-0.14226;-0.06422;-0.048679;-0.092745;-0.08815;0.02259;0.039156;0.03289
2.238;-0.45642;-0.29232;-0.1748;-0.069027;-0.078834;-0.0775;0.018766;-0.098903;-0.20643;-0.075539;0.039751;0.1417
2.2807;-0.40556;-0.18161;-0.10456;0.033631;-0.15446;-0.19607;-0.1399;-0.029807;-0.099119;-0.10697;0.0048956;0.098316
2.4732;-0.34223;-0.29367;-0.11395;0.060362;-0.14957;-0.20549;-0.1488;-0.050875;-0.096786;-0.13456;0.11933;0.1286
2.4238;-0.43751;-0.28145;-0.10698;-0.07302;-0.11733;-0.024055;-0.15679;-0.10148;-0.070771;-0.0934;0.0050804;0.10068
2.5068;-0.44965;-0.32076;-0.13094;0.07053;0.020972;0.064506;-0.14063;-0.1474;-0.15031;-0.054138;-0.062298;0.014593
2.7302;-0.40113;-0.29577;-0.10155;0.10369;0.048442;0.085979;-0.10779;-0.14005;-0.26324;-0.019653;-0.0060872;0.026373
2.7895;-0.38195;-0.21784;-0.025679;0.18427;0.036113;-0.15156;-0.085774;-0.046167;-0.24657;-0.11509;0.0018792;0.048512
2.9362;-0.3616;-0.31112;-0.074211;0.060825;-0.09247;-0.0445;-0.084003;-0.11723;-0.02618;-0.015456;-0.02332;0.11681
3.0617;-0.38376;-0.2392;-0.11218;0.014701;-0.23525;-0.07712;0.002583;-0.12118;-0.14584;0.044895;0.12687;0.074651
2.9586;-0.35524;-0.35049;0.044325;0.0065312;-0.061621;-0.04781;0.0042843;-0.041268;-0.19213;-0.081512;0.069882;0.15705
3.256;-0.21291;-0.21604;0.089724;-0.042803;-0.17486;-0.21523;-0.12565;-0.060562;-0.02156;0.038915;0.060086;0.096474
3.465;-0.14051;-0.164;0.032323;-0.28786;-0.30557;-0.39292;-0.12241;-0.025632;0.0080532;0.10257;0.073097;0.045101
3.4752;-0.26041;-0.11463;0.021549;-0.39822;-0.41398;-0.36247;-0.11724;-0.0067418;-0.11863;0.15326;0.096615;0.011286
3.493;-0.37659;-0.23738;0.10049;-0.14875;-0.18601;-0.3535;-0.019145;-0.031294;-0.07014;0.07294;0.033163;0.13945
3.499;-0.45065;-0.25881;0.081052;-0.010976;-0.040885;-0.096559;0.06643;-0.14565;-0.33104;-0.057327;0.031593;0.15374
3.6887;-0.43934;-0.32142;0.25319;-0.045922;-0.0048386;0.024428;-0.20789;-0.077737;-0.17352;-0.081593;0.01856;0.08165
3.6663;-0.52457;-0.46496;0.22472;0.037602;-0.097009;-0.061837;-0.11222;-0.0049514;-0.2486;-0.075599;-0.0095027;0.026596
3.758;-0.4763;-0.56831;0.099381;0.053416;-0.043577;-0.20086;-0.038113;0.06601;-0.075501;-0.082331;-0.065673;0.016605
3.7667;-0.52959;-0.54676;0.11079;0.13734;-0.07944;-0.28699;-0.0862;0.10093;-0.028417;0.014622;-0.1047;-0.068448
3.765;-0.55045;-0.56857;0.13034;0.11251;-0.083752;-0.1987;-0.11389;0.11842;-0.080161;-0.12976;0.099007;0.050538
3.857;-0.48384;-0.53793;0.12801;0.23701;-0.25249;-0.21028;-0.19749;-0.0054399;-0.076102;-0.10984;0.010368;-0.0069153
4.0585;-0.41886;-0.54826;-0.078511;0.040381;-0.32292;-0.29149;-0.18247;-0.0026166;-0.034573;0.024573;0.10513;0.036836
3.9913;-0.37113;-0.45687;-0.0059214;0.0014703;-0.32642;-0.42443;-0.14325;-0.047489;-0.01234;0.031192;0.10238;0.10634
3.8914;-0.39364;-0.34008;-0.0079187;0.12373;-0.28213;-0.31324;-0.026405;0.0034324;-0.13609;-0.052834;0.026609;0.095686
3.8688;-0.39291;-0.40414;0.044963;0.14025;-0.24981;-0.41611;-0.13841;-0.11228;-0.104;0.080624;0.044418;0.043828
3.9616;-0.3254;-0.36931;0.022087;0.089105;-0.19857;-0.21126;-0.12854;-0.10621;-0.11622;-0.029232;0.018304;0.067747
3.9223;-0.34269;-0.49255;-0.077099;0.14845;-0.033739;-0.22511;-0.1722;-0.040679;-0.1172;0.0079229;-0.08776;-0.0018113
4.0107;-0.29208;-0.47401;-0.045634;0.25379;-0.0070732;-0.24875;-0.19312;-0.13012;-0.067882;0.012643;-0.039182;-0.0056037
4.0393;-0.33151;-0.61314;-0.052822;0.20086;-0.086707;-0.14289;-0.077141;-0.13466;-0.21569;-0.035295;0.034825;0.10337
3.9023;-0.38521;-0.4572;-0.049473;0.10973;-0.10528;-0.32633;-0.17376;-0.11742;-0.023337;0.039407;-0.047533;0.15575
3.7838;-0.46138;-0.53389;-0.1301;0.16373;-0.18736;-0.36486;-0.1554;-0.021507;-0.02138;0.048235;-0.075547;0.062173
3.8238;-0.43365;-0.50959;-0.17351;0.23937;-0.058881;-0.26779;-0.22485;-0.25189;-0.15694;0.052071;-0.049352;0.082908
3.9095;-0.31734;-0.36765;-0.11448;0.35047;-0.10148;-0.14552;-0.247;-0.25348;-0.075859;0.021391;0.076087;0.026954
3.8963;-0.37487;-0.41277;-0.1404;0.24573;-0.074963;-0.048177;-0.10389;-0.39773;-0.13416;0.05598;0.069286;0.051413
3.9444;-0.32137;-0.53851;-0.016162;0.31553;-0.074834;-0.16464;0.00095999;-0.22302;-0.16061;0.011304;0.022316;0.087543
3.906;-0.46362;-0.587;-0.081799;0.23575;-0.1627;-0.23151;0.074109;-0.16474;-0.20286;-0.002463;-0.050122;0.1553
4.022;-0.42878;-0.51091;-0.16585;0.139;0.021854;-0.18149;0.074809;-0.061991;-0.20174;-0.0064725;-0.040216;0.11811
4.0457;-0.46025;-0.41635;-0.25366;0.043274;-0.015894;-0.054911;-0.050161;-0.07436;-0.20488;0.01899;0.0073586;0.05168
4.4955;-0.59751;-0.4687;-0.56706;-0.024066;0.025021;0.15689;-0.071982;-0.048618;-0.081751;-0.028019;0.02865;-0.095673
4.6712;-0.50254;-0.37922;-0.49388;-0.031241;0.062003;0.12701;-0.023639;0.035076;-0.18006;-0.046381;0.044299;-0.17785
4.3647;-0.52092;-0.26304;-0.34965;-0.066204;0.0017283;-0.1099;0.015076;-0.051459;-0.19791;0.035226;-0.013392;-0.11263
4.3494;-0.65288;-0.41387;-0.4181;0.00094432;0.15334;-0.017585;-0.078697;-0.14282;-0.23061;0.020715;0.096965;-0.064804
4.154;-0.74241;-0.44542;-0.29779;-0.020871;0.22323;-0.084136;-0.17279;-0.17374;-0.2081;0.030924;0.1033;-0.043825
4.2385;-0.68773;-0.29868;-0.18762;-0.071736;0.11553;-0.21246;-0.078057;-0.022065;-0.33918;-0.074245;0.099541;-0.034925
4.2157;-0.68612;-0.34264;-0.31271;-0.027822;0.05858;-0.12058;-0.051161;-0.20386;-0.17501;0.048025;0.01131;0.00081805
4.3473;-0.64052;-0.35415;-0.36875;-0.061632;0.19548;-0.2762;-0.25881;0.096942;-0.075364;0.093532;0.063647;-0.089641
4.3255;-0.68658;-0.3538;-0.22266;0.037575;0.1031;-0.19034;-0.15098;-0.0070453;-0.18454;0.01128;0.068693;-0.039922
4.3959;-0.78502;-0.3393;-0.29861;0.04842;0.22068;-0.29261;-0.14898;0.020495;-0.20275;0.045108;0.13587;-0.049629
4.4851;-0.88589;-0.31962;-0.5353;-0.06176;0.11037;-0.4172;-0.064186;-0.11129;-0.17057;0.12016;0.19854;0.072123
4.482;-0.8757;-0.25268;-0.55634;-0.16717;0.082734;-0.2218;0.029238;-0.20659;-0.13717;0.13783;-0.00050846;0.068787
4.5752;-0.96831;-0.28767;-0.48626;-0.013525;0.23567;-0.32788;0.18932;-0.13477;-0.064279;0.15585;-0.079253;0.079197
4.607;-0.63104;-0.083863;-0.34911;0.19441;0.0056459;-0.30475;-0.01155;-0.14993;-0.10676;0.068425;0.063186;0.049586
4.9303;-0.25977;0.050396;-0.59692;-0.28051;-0.6989;-0.38092;-0.063744;-0.091037;-0.02311;0.024217;0.041052;0.058911
5.4862;-0.16478;0.19126;-0.74932;-0.39894;-0.5282;-0.59052;-0.095194;-0.16238;-0.066809;0.10513;-0.02793;0.071857
5.6262;-0.10527;0.16607;-0.73799;-0.48076;-0.36296;-0.57471;-0.15976;-0.27185;-0.10006;0.12061;-0.039741;0.086681
5.7233;-0.11071;0.21465;-0.80825;-0.47516;-0.35518;-0.49845;-0.18722;-0.24466;-0.23117;0.15385;0.0071095;0.036715
5.8357;-0.14561;0.26162;-0.79729;-0.55481;-0.24449;-0.46048;-0.21773;-0.23157;-0.15979;0.053688;0.01197;0.11389
5.9108;-0.17959;0.24643;-0.82977;-0.60321;-0.24954;-0.43566;-0.18219;-0.29742;-0.16482;0.043944;0.035554;0.12761
6.0726;-0.22828;0.1847;-0.84366;-0.55953;-0.25884;-0.41035;-0.16354;-0.26928;-0.25484;0.093752;0.030657;0.12291
6.203;-0.28403;0.12797;-0.90387;-0.58819;-0.14148;-0.46142;-0.15948;-0.24208;-0.28586;0.094836;-0.0059286;0.17332
6.2917;-0.2953;0.069558;-0.94794;-0.63703;0.0096605;-0.48226;-0.10627;-0.2348;-0.29448;0.066387;-0.0235;0.20198
6.4268;-0.30233;-0.07004;-0.91705;-0.66858;0.024638;-0.38883;-0.071629;-0.22704;-0.29823;0.037197;0.0046783;0.14874
6.5859;-0.34194;-0.18042;-0.93324;-0.72981;0.067235;-0.30566;-0.11584;-0.14712;-0.25982;-0.030912;0.060374;0.076864
6.7485;-0.40647;-0.27661;-0.88718;-0.79314;0.13797;-0.31936;-0.098569;-0.043148;-0.22735;-0.058227;0.055549;0.045292
6.7823;-0.41165;-0.32238;-0.83926;-0.75507;0.088492;-0.29597;-0.083069;-0.035138;-0.17569;-0.068824;0.013901;0.056266
6.735;-0.40394;-0.33019;-0.83923;-0.7513;0.027015;-0.24987;-0.16231;-0.088263;-0.097992;-0.10741;0.031467;0.093942
6.5628;-0.35201;-0.35431;-0.789;-0.83445;0.048517;-0.28666;-0.27906;-0.072675;-0.15313;-0.084734;0.12744;0.15203
6.2037;-0.33324;-0.33764;-0.68454;-0.7297;-0.12327;-0.41084;-0.30118;-0.088791;-0.065575;-0.037425;0.19934;0.21596
5.9367;-0.32116;-0.21716;-0.72214;-0.5628;-0.21699;-0.46078;-0.127;-0.16185;-0.25111;0.048272;0.23224;0.13114
5.7934;-0.44429;-0.073073;-0.8862;-0.48692;-0.13233;-0.29486;-0.25184;-0.19775;-0.24102;-0.074194;0.18951;0.21753
5.4845;-0.64314;-0.0072173;-0.7744;-0.49581;-0.051962;-0.30141;-0.37159;-0.056953;-0.1909;-0.099865;0.20389;0.15343
5.0409;-0.8229;-0.012803;-0.72313;-0.27132;0.021067;-0.10219;-0.0029563;0.028907;-0.22256;-0.087457;0.15741;0.023807
4.9542;-0.85844;-0.074397;-0.71054;-0.265;0.014813;0.014105;0.16033;0.10205;-0.13919;-0.18697;0.05842;-0.00053033
5.003;-0.758;-0.017208;-0.75836;-0.41424;0.065268;-0.029747;0.092844;-0.054959;-0.14152;-0.098682;0.026265;0.095604
5.0399;-0.76612;0.040342;-0.53553;-0.37625;-0.11674;-0.22516;-0.10554;-0.063689;-0.14558;0.0034579;0.14839;0.058314
4.9678;-0.71091;0.04628;-0.4444;-0.26625;0.030545;-0.18331;-0.13892;0.17681;-0.25846;0.03061;0.17523;-0.025572
4.7695;-0.87314;0.046146;-0.55564;-0.22404;0.12778;-0.19461;0.044628;0.13433;-0.1321;-0.16253;0.18482;0.070233
4.7084;-0.88438;0.14365;-0.45482;-0.31574;0.20118;-0.045785;0.013189;0.025182;-0.067626;-0.081624;0.056825;0.034025
4.7806;-0.84217;0.14286;-0.50478;-0.12176;0.19797;-0.27852;0.073362;0.066574;-0.059014;0.015708;0.029285;0.046105
4.7245;-0.86767;0.045826;-0.55615;-0.17305;0.092264;-0.36565;-0.068289;0.12735;-0.073505;-0.017357;0.12437;0.011221
4.7027;-0.56023;0.13537;-0.59088;-0.31956;-0.18137;-0.42053;-0.11975;-0.038806;0.066294;0.051161;0.07008;0.053319
5.342;-0.21927;0.041632;-0.73284;-0.68401;-0.40195;-0.64707;-0.013483;-0.052397;-0.057373;0.10209;0.071784;0.081355
5.7284;-0.2329;0.22499;-0.75501;-0.8108;-0.20639;-0.61237;-0.17521;-0.14009;-0.057512;0.12767;0.0072283;0.12767
5.7069;-0.23571;0.28854;-0.67769;-0.84387;-0.27359;-0.56442;-0.2064;-0.19383;-0.0096547;0.052316;0.025204;0.11734
5.7576;-0.18604;0.20614;-0.74581;-0.76532;-0.19854;-0.58889;-0.15538;-0.29173;-0.074682;0.12526;0.001438;0.13666
5.7808;-0.15907;0.16796;-0.74566;-0.78304;-0.15446;-0.50531;-0.20417;-0.29964;-0.13529;0.12338;0.019643;0.13051
5.8701;-0.1981;0.16398;-0.73343;-0.7685;-0.13158;-0.49354;-0.2375;-0.23759;-0.15326;0.044564;0.069691;0.1282
5.8691;-0.17518;0.15221;-0.74991;-0.76917;-0.065091;-0.52029;-0.24354;-0.21873;-0.1706;0.030631;0.081428;0.10645
5.891;-0.16911;0.1146;-0.71747;-0.79247;-0.032042;-0.51555;-0.25246;-0.18806;-0.22577;0.039082;0.084045;0.083443
5.8862;-0.13238;0.047652;-0.65069;-0.82823;-0.028952;-0.53363;-0.206;-0.21039;-0.26644;0.075918;0.071641;0.064
5.8375;-0.075845;-0.0047908;-0.6394;-0.79951;-0.085829;-0.51629;-0.16216;-0.23273;-0.30726;0.093423;0.09468;0.027232
5.7336;-0.024834;0.0061211;-0.65447;-0.77806;-0.11501;-0.45841;-0.20921;-0.20118;-0.276;0.036541;0.086825;0.068467
5.5949;-0.027444;0.026614;-0.65049;-0.66944;-0.18253;-0.50848;-0.18387;-0.10725;-0.28553;-0.045468;0.12881;0.091673
5.3355;-0.20826;0.20949;-0.67332;-0.50513;-0.2612;-0.62573;-0.084826;-0.18804;-0.15578;-0.017887;0.032726;0.16509
5.1045;-0.59359;0.24563;-0.56026;-0.52732;-0.25168;-0.58906;-0.15491;-0.069076;-0.18518;-0.022098;0.12332;0.16625
5.0473;-0.70003;0.21745;-0.54031;-0.36959;-0.14495;-0.41689;0.0030531;-0.11816;-0.12822;-0.03303;0.054747;0.1736
5.0002;-0.72145;0.18402;-0.44654;-0.27248;-0.13007;-0.3288;-0.11551;-0.13631;-0.10728;0.024607;0.12929;0.052672
4.9545;-0.71896;0.061054;-0.58048;-0.32609;-0.11113;-0.39533;-0.20871;-0.2013;-0.21527;0.08912;0.18256;0.14621
4.8602;-0.75063;0.066359;-0.55065;-0.18852;0.072716;-0.32608;-0.12946;-0.083654;-0.2773;0.008496;0.17618;0.094769
4.8043;-0.82998;0.083717;-0.55973;-0.14952;0.18527;-0.28127;-0.17257;-0.015623;-0.18373;-0.019091;0.2075;0.04096
4.6378;-0.937;0.23113;-0.36277;-0.16598;0.1835;-0.22717;-0.0088105;0.15932;-0.063296;-0.12376;0.0071734;0.02408
4.7853;-0.97289;0.10431;-0.419;-0.093878;0.16285;-0.19732;0.072044;0.10597;-0.053113;-0.026085;0.068732;0.019799
4.8225;-0.87694;0.069567;-0.28041;-0.12517;0.066263;-0.31538;0.088606;-0.029396;0.022486;0.067195;-0.06629;0.034161
4.8054;-0.91301;0.029934;-0.45402;-0.024222;0.18371;-0.13553;0.090151;0.078189;0.034714;-0.047664;-0.14037;-0.001926
4.8451;-0.87196;0.080595;-0.36898;0.084064;0.27789;-0.10301;0.030319;0.014008;-0.18142;-0.04577;0.072152;-0.0022855
4.7829;-0.81223;0.07544;-0.39232;-0.065759;0.12478;-0.16666;0.075994;-0.13467;-0.052274;0.079372;0.088703;0.012227
4.5771;-0.77234;-0.084587;-0.38597;-0.16487;0.20617;-0.090173;-0.032116;0.085948;0.030645;-0.052743;0.091798;0.03197
5.274;-0.33912;-0.2051;-0.52174;-0.83846;-0.15829;-0.32659;-0.2575;-0.0064176;0.028194;0.075286;0.074218;0.021809
6.1419;-0.3687;-0.24778;-0.53186;-1.0227;0.068128;-0.19365;-0.21084;-0.027886;-0.12454;-0.1244;0.089329;0.10101
6.3663;-0.309;-0.43962;-0.56937;-1.0033;0.037377;-0.1092;-0.16002;-0.01182;-0.10727;-0.15781;0.046813;0.10409
6.4885;-0.33162;-0.52666;-0.57411;-0.96798;0.0021665;-0.065676;-0.12575;0.015222;-0.024654;-0.15576;-0.02966;0.08511
6.4776;-0.36217;-0.52847;-0.52534;-0.8961;-0.012926;-0.10976;-0.15165;-0.013701;0.018777;-0.12639;-0.079356;0.07335
6.4687;-0.37775;-0.53829;-0.47109;-0.85751;0.010367;-0.14383;-0.2541;-0.053303;0.039208;-0.094625;-0.072758;0.069577
6.5226;-0.37861;-0.54978;-0.48714;-0.87428;0.020539;-0.12468;-0.27044;-0.038975;0.038477;-0.10347;-0.069388;0.077078
6.5722;-0.39044;-0.53329;-0.48326;-0.90858;0.044166;-0.14456;-0.27648;-0.014756;0.039139;-0.13373;-0.059934;0.099477
6.5734;-0.375;-0.51143;-0.48323;-0.94675;0.051888;-0.14584;-0.29162;0.0099909;0.011939;-0.14712;-0.042494;0.081095
6.5819;-0.37181;-0.47095;-0.50514;-0.98848;0.055742;-0.12304;-0.30558;0.044412;-0.019964;-0.1637;-0.019494;0.062556
6.5577;-0.36836;-0.3988;-0.57628;-1.0054;0.055937;-0.13819;-0.26717;0.052093;-0.054013;-0.17603;0.014379;0.062247
6.4333;-0.30202;-0.34185;-0.66695;-0.92376;0.0017991;-0.19236;-0.16519;0.024063;-0.15351;-0.14663;0.064883;0.060635
6.2653;-0.25485;-0.25935;-0.73335;-0.86239;-0.026875;-0.17115;-0.26779;-0.075647;-0.19224;-0.10877;0.10211;0.066604
6.15;-0.24413;-0.20556;-0.70449;-0.80965;-0.06678;-0.22755;-0.32159;-0.11889;-0.20192;-0.13591;0.16307;0.13485
5.9485;-0.16408;-0.12676;-0.70995;-0.7539;-0.1159;-0.29945;-0.27613;-0.1621;-0.17615;-0.14002;0.16759;0.13049
5.551;-0.05067;-0.13301;-0.57419;-0.79216;-0.14514;-0.26003;-0.33452;-0.15596;-0.20686;-0.11431;0.16181;0.077693
5.0784;-0.040119;-0.11953;-0.41799;-0.86592;-0.1304;-0.27375;-0.38894;-0.09532;-0.21851;-0.092028;0.16911;0.10468
4.6725;-0.11687;-0.13946;-0.48946;-0.81265;-0.077797;-0.15854;-0.33256;-0.11403;-0.24099;-0.021891;0.081174;0.10815
4.4532;-0.22439;-0.24559;-0.4464;-0.69068;-0.059881;-0.10994;-0.30905;0.058187;-0.18369;-0.14515;0.070264;0.1244
4.2985;-0.26366;-0.083111;-0.34047;-0.46362;0.0013699;-0.098491;-0.18886;0.12727;-0.17408;-0.069858;0.13402;0.025005
4.3631;-0.26193;-0.12441;-0.38452;-0.48761;-0.17342;-0.20008;-0.20096;-0.045981;-0.25287;-0.022897;0.096159;-0.00013319
4.4688;-0.44503;-0.096263;-0.47301;-0.41035;-0.023175;-0.044772;-0.082507;-0.079583;-0.13594;-0.088638;0.0049514;0.03869
4.5312;-0.57705;-0.050106;-0.53215;-0.11001;0.032011;-0.068554;-0.081477;-0.13368;-0.09097;-0.12695;0.050763;0.067502
4.4807;-0.58292;-0.042901;-0.46718;-0.23073;0.010907;-0.098893;0.019126;-0.023044;-0.24196;-0.075345;0.051158;-0.032456
4.5241;-0.46575;-0.21043;-0.5829;-0.38818;-0.17904;-0.15969;-0.098784;-0.072224;-0.023463;-0.042225;0.061503;0.11998
5.7712;-0.40881;-0.10863;-0.71642;-0.79008;-0.064739;-0.46183;-0.15578;-0.046392;-0.12418;0.0036297;0.15973;0.095613
6.1185;-0.34898;-0.17429;-0.70816;-0.81632;-0.017202;-0.35599;-0.10132;-0.16852;-0.24664;-0.064956;0.10984;0.14375
6.1124;-0.22766;-0.23168;-0.75897;-0.7973;-0.013169;-0.33977;-0.1102;-0.2023;-0.24844;-0.039262;0.075032;0.11557
5.8902;-0.10516;-0.20348;-0.6808;-0.84618;0.0025348;-0.31156;-0.16891;-0.22882;-0.19896;-0.08791;0.079945;0.089201
5.5754;-0.097907;-0.1877;-0.4911;-0.78119;-0.16485;-0.26748;-0.24546;-0.1765;-0.18388;-0.15979;0.1547;0.12472
5.1545;-0.27928;-0.16303;-0.41262;-0.74269;-0.21344;-0.17843;-0.32873;-0.18749;-0.1333;-0.16023;0.13679;0.1686
4.9096;-0.47164;-0.29239;-0.42788;-0.85023;-0.14448;0.0049708;-0.22286;-0.14539;-0.053328;-0.15077;0.058492;0.16996
4.8518;-0.59089;-0.30338;-0.2468;-0.78323;-0.16189;-0.0047822;-0.25143;-0.14068;-0.064308;-0.12541;0.057346;0.15711
4.7585;-0.72387;-0.26626;-0.060796;-0.80629;-0.13689;-0.054212;-0.42978;-0.17696;-0.087067;-0.11416;0.12224;0.1943
4.7855;-0.78361;-0.21963;0.050508;-0.68388;-0.06711;-0.023084;-0.25284;-0.015469;-0.25731;-0.15861;0.20387;0.2033
4.7443;-0.83485;-0.27784;0.011084;-0.52842;-0.052344;-0.11911;-0.11778;-0.045278;-0.24367;-0.076241;0.17621;0.10715
4.6408;-0.71868;-0.30123;-0.090512;-0.3733;-0.09091;-0.068948;-0.027306;0.06558;-0.087342;-0.08684;-0.0079016;0.039721
4.4281;-0.60031;-0.40736;-0.048907;-0.26605;0.018834;-0.03552;-0.034705;-0.021245;-0.093559;-0.072756;-0.011454;0.05419
4.1829;-0.46415;-0.43467;0.0080063;-0.10099;0.016903;-0.055594;-0.19625;-0.033727;-0.064982;0.016231;-0.017579;-0.0058952
4.3748;-0.22567;-0.23519;-0.040984;-0.46834;-0.2814;-0.17018;-0.19466;-0.043268;-0.0027108;0.061566;0.022458;0.067217
5.2557;0.017961;-0.23726;-0.29017;-0.68862;-0.41756;-0.42569;-0.048764;-0.32656;-0.10741;0.1389;0.029077;0.054548
5.5895;-0.038317;-0.23228;-0.2275;-0.67644;-0.32035;-0.43399;-0.09864;-0.37822;-0.13474;0.11891;-0.037985;0.070225
5.6634;-0.16137;-0.27819;-0.17997;-0.50528;-0.2599;-0.44994;-0.089766;-0.4253;-0.14624;0.18587;0.0037655;-0.0024569
5.6147;-0.19173;-0.26849;-0.17091;-0.52286;-0.25532;-0.41802;-0.013194;-0.42244;-0.19385;0.17946;0.0011037;-0.017162
5.5859;-0.21879;-0.23155;-0.14734;-0.58001;-0.27978;-0.42616;0.025411;-0.37831;-0.22209;0.15024;-0.018286;-0.008666
5.6089;-0.23014;-0.22673;-0.17489;-0.57195;-0.21793;-0.43827;-0.02536;-0.33373;-0.19449;0.10647;-0.028018;0.022866
5.8159;-0.3257;-0.26189;-0.34973;-0.49023;-0.03619;-0.48304;-0.11625;-0.26594;-0.21532;0.11095;0.024616;0.0025746
5.9816;-0.42226;-0.27745;-0.44023;-0.33245;-0.015166;-0.47935;-0.17686;-0.28637;-0.18705;0.090215;0.062931;-0.00824
6.1106;-0.48802;-0.32764;-0.42556;-0.32346;0.075944;-0.49902;-0.31011;-0.21493;-0.18653;0.042146;0.13387;0.013001
6.198;-0.53661;-0.37109;-0.36626;-0.29781;0.12718;-0.55164;-0.35076;-0.18094;-0.16945;0.031046;0.10543;0.046152
6.2592;-0.54647;-0.4535;-0.3565;-0.26823;0.10732;-0.55863;-0.36974;-0.15975;-0.12624;-0.00044806;0.080623;0.082731
6.312;-0.53686;-0.54602;-0.3454;-0.27985;0.10955;-0.53302;-0.40768;-0.1217;-0.11853;-0.027957;0.10142;0.087213
6.3523;-0.54354;-0.5546;-0.41033;-0.25714;0.13108;-0.53208;-0.40164;-0.11844;-0.093185;-0.060518;0.14822;0.10419
6.4309;-0.56043;-0.54671;-0.52119;-0.23208;0.13345;-0.51138;-0.36583;-0.13519;-0.11975;-0.048918;0.21386;0.10584
6.4753;-0.5507;-0.57555;-0.59827;-0.27333;0.1725;-0.45745;-0.35511;-0.1364;-0.17869;0.011438;0.27216;0.066225
6.4835;-0.50999;-0.55968;-0.68854;-0.36676;0.23037;-0.44044;-0.36763;-0.20234;-0.16852;0.12016;0.25446;0.030565
6.4411;-0.42469;-0.5052;-0.68053;-0.45001;0.24672;-0.49625;-0.43514;-0.18478;-0.16124;0.15046;0.21792;0.0085587
6.2107;-0.30148;-0.30941;-0.68649;-0.37726;0.0027865;-0.58226;-0.36668;-0.14825;-0.18922;0.087271;0.14691;0.022425
5.8266;-0.1915;-0.090432;-0.66267;-0.486;-0.1112;-0.66339;-0.25059;-0.15149;-0.18252;0.061874;0.10487;0.06416
5.4584;-0.14752;-0.048334;-0.68462;-0.40772;-0.24706;-0.60102;-0.29697;-0.15239;-0.085385;0.0068137;0.096519;0.041334
5.168;-0.27365;-0.11354;-0.66833;-0.32042;-0.31409;-0.52951;-0.31868;-0.11219;-0.069851;-0.062973;0.1506;0.1156
4.9803;-0.48349;-0.045342;-0.64435;-0.069319;-0.36413;-0.37798;-0.34692;0.043427;-0.22336;0.045592;0.2299;-0.079779
4.6609;-0.45502;-0.046598;-0.60944;0.020419;-0.29148;-0.37157;-0.37838;-0.13467;-0.068531;0.094463;0.2514;0.0085115
4.4458;-0.39449;-0.10509;-0.5138;-0.060926;-0.33378;-0.38308;-0.3743;0.072075;-0.17335;0.011525;0.162;-0.028978
4.2334;-0.3419;-0.2132;-0.39815;-0.20569;-0.17584;-0.3603;-0.46159;-0.08442;-0.087772;0.12184;0.21696;0.015127
3.9828;-0.38524;-0.35774;-0.43415;-0.032611;-0.064393;-0.19401;-0.31274;-0.070829;-0.11498;0.10165;0.16748;-0.012639
3.9001;-0.38629;-0.32565;-0.36026;0.054365;0.022168;0.11303;-0.17386;-0.16492;-0.02599;0.063933;0.037378;-0.023027
4.1408;-0.55967;-0.22452;-0.66969;0.1847;-0.29762;0.18489;-0.13464;-0.041491;0.058412;0.054618;0.17132;-0.15373
4.1229;-0.74168;-0.040421;-0.83839;0.20273;-0.38822;-0.09529;-0.25481;-0.1487;0.0945;-0.00081194;0.20646;-0.022256
4.3985;-0.72304;-0.098776;-1.0345;0.12636;-0.17371;-0.043312;-0.13961;-0.30572;0.061789;0.0074004;0.1516;0.002615
4.3043;-0.593;-0.010595;-0.77284;-0.17527;-0.16729;-0.18477;-0.097399;-0.20151;-0.20332;0.013281;0.135;0.026518
5.234;-0.43221;-0.20769;-0.81031;-0.89654;0.023647;-0.49415;-0.17369;-0.037674;-0.03386;0.15983;0.099596;0.13536
5.7167;-0.39328;-0.28267;-0.74314;-0.84298;0.13378;-0.40392;-0.14676;-0.13767;-0.2376;-0.027765;0.10329;0.2255
5.7355;-0.26384;-0.32974;-0.68935;-0.88315;0.071202;-0.32875;-0.23081;-0.16183;-0.12104;-0.11673;0.093176;0.21
5.4893;-0.11147;-0.37558;-0.57883;-0.94408;0.030202;-0.19879;-0.33131;-0.14953;-0.13762;-0.15041;0.12998;0.16275
4.9692;-0.15255;-0.31704;-0.49829;-0.7912;-0.20692;-0.17248;-0.18791;-0.23404;-0.15547;-0.059342;0.0091984;0.16988
4.8329;-0.46395;-0.45837;-0.16001;-0.70573;-0.34781;-0.065907;-0.078236;-0.29736;-0.18326;0.0059584;-0.067423;0.18096
4.6973;-0.52366;-0.39916;-0.27135;-0.72022;-0.30109;-0.12239;-0.039736;-0.18702;-0.28779;0.001408;0.059798;0.16325
4.6775;-0.73352;-0.38302;-0.1298;-0.6076;-0.43248;-0.078119;-0.065495;-0.13472;-0.21579;-0.048032;0.051419;0.20752
4.5934;-0.76022;-0.26693;-0.09706;-0.5104;-0.50943;-0.11696;-0.2454;-0.17789;-0.19356;-0.017791;0.20818;0.18346
4.5164;-0.77609;-0.42424;-0.14501;-0.38065;-0.19136;0.12398;-0.22281;-0.23632;-0.065389;0.022639;0.00082126;0.059308
4.5089;-0.79801;-0.39607;-0.21211;-0.21537;-0.14816;-0.034865;-0.30099;-0.20899;-0.11442;-0.0055297;0.081926;0.094248
4.4006;-0.77093;-0.44573;-0.11825;-0.41848;-0.20125;0.16257;-0.13366;-0.086266;-0.0073536;-0.13625;-0.042142;0.10529
4.3803;-0.81773;-0.45892;-0.05433;-0.33788;-0.061601;0.17947;-0.11287;0.015772;-0.010893;-0.043395;6.4772e-05;0.078956
4.1803;-0.70113;-0.36024;-0.013683;-0.25627;0.11162;0.17506;-0.36505;-0.15565;-0.034585;0.07265;0.090636;0.01618
4.4129;-0.63904;-0.24844;0.12776;-0.51137;0.012429;0.028862;-0.42526;-0.030396;0.097788;-0.026435;-0.054774;0.046427
4.0525;-0.55897;-0.30688;-0.10181;-0.38655;0.007472;-0.031234;-0.44427;-0.11119;-0.076388;-0.025841;0.033908;0.091882
4.9566;-0.82242;-0.53416;-0.16121;-0.36188;0.1834;-0.090697;-0.30172;-0.11411;-0.10352;0.07754;0.1315;0.065459
4.8253;-0.71256;-0.34002;-0.38941;-0.48494;-0.010273;-0.046874;-0.20927;-0.10195;-0.04531;0.0099574;0.042452;0.057616
5.5551;-0.39893;-0.53141;-0.52855;-0.67626;-0.087062;-0.1408;-0.27832;-0.21106;0.048286;-0.10915;0.10786;0.20693
5.995;-0.40041;-0.56245;-0.48335;-0.49493;-0.075539;-0.16585;-0.21162;-0.26303;0.10649;-0.09904;-0.0033562;0.1235
6.0006;-0.36573;-0.67452;-0.44186;-0.32273;-0.00581;-0.23147;-0.29604;-0.34661;0.0091433;-0.053058;0.13977;0.14407
5.9609;-0.31771;-0.71624;-0.42901;-0.32234;0.022427;-0.20973;-0.35515;-0.28615;-0.079896;-0.070068;0.19344;0.08864
5.9246;-0.30743;-0.63652;-0.4431;-0.33117;-0.039562;-0.21102;-0.36234;-0.2294;-0.062344;-0.12922;0.21432;0.061794
5.837;-0.30694;-0.56298;-0.35301;-0.32975;-0.15633;-0.24429;-0.3029;-0.21243;-0.037715;-0.14237;0.17021;0.024449
5.6417;-0.20909;-0.51105;-0.27514;-0.42127;-0.2399;-0.26723;-0.21081;-0.18175;-0.076965;-0.116;0.06197;-0.011185
5.4216;-0.053828;-0.49401;-0.24029;-0.51726;-0.27385;-0.2212;-0.16439;-0.28889;-0.096667;-0.0062044;0.015652;-0.025418
5.2885;-0.023249;-0.40461;-0.25502;-0.44843;-0.35524;-0.27797;-0.16659;-0.32345;-0.063546;-0.0034989;0.00048815;-0.043006
5.1513;0.090391;-0.39184;-0.31785;-0.29417;-0.33739;-0.38886;-0.23499;-0.28268;-0.0087759;-0.078307;0.045121;0.043868
5.0456;0.13173;-0.47249;-0.1616;-0.36709;-0.31003;-0.35085;-0.35527;-0.25439;-0.054694;-0.048055;0.17022;0.012484
4.6877;0.14653;-0.35325;-0.21097;-0.36917;-0.32516;-0.39084;-0.28102;-0.23063;-0.10328;0.0087437;0.12455;-0.025327
4.3603;0.084169;-0.33737;-0.22813;-0.41762;-0.39237;-0.38311;-0.24629;-0.21909;-0.056368;-0.028693;0.027936;0.0043356
4.114;-0.025884;-0.37926;-0.22505;-0.35694;-0.17483;-0.24543;-0.30012;-0.12292;-0.10583;-0.10386;0.017391;0.011081
3.9912;-0.071419;-0.37426;-0.26991;-0.39379;-0.2825;-0.30272;-0.42412;-0.16013;0.042265;-0.090364;-0.075264;0.096913
3.9771;-0.30773;-0.28962;-0.17713;-0.25202;-0.30635;-0.36738;-0.52966;-0.11718;0.086956;-0.012736;-0.13284;0.066027
4.0424;-0.40823;-0.23133;-0.23455;-0.30299;-0.23347;-0.1773;-0.38808;-0.26233;0.0063852;0.0011078;0.039085;0.074205
4.2658;-0.51554;-0.22313;-0.33835;-0.3005;-0.14899;-0.013927;-0.51759;-0.17789;-0.083498;-0.0055739;0.13169;0.026215
4.3532;-0.62054;-0.34757;-0.14361;-0.37917;-0.14116;-0.016095;-0.54728;-0.20918;-0.029726;-0.047348;-0.051427;0.059606
4.2983;-0.63534;-0.43962;-0.11565;-0.51975;-0.032312;0.015967;-0.57463;-0.34657;-0.042023;0.07316;0.055632;0.12822
4.0031;-0.64454;-0.48652;-0.19536;-0.458;-0.0035311;0.22983;-0.48931;-0.24609;0.0027889;-0.072271;-0.092856;0.063944
4.0275;-0.52607;-0.53366;-0.21193;-0.37492;-0.12887;0.20173;-0.46092;-0.24294;0.060369;-0.0095801;-0.051658;0.070714
4.1016;-0.29201;-0.48791;-0.30897;-0.58062;-0.33505;0.014835;-0.37731;0.053751;0.0691;0.040184;0.040677;0.067997
4.9438;-0.016875;-0.68657;-0.3499;-0.73002;-0.49024;-0.025286;-0.20179;-0.24314;0.059265;-0.021191;0.041166;0.11213
5.2987;0.034898;-0.67583;-0.35263;-0.74922;-0.42255;-0.0014631;-0.051988;-0.35412;-0.016664;-0.15145;-0.013791;0.10505
5.4055;0.11007;-0.60642;-0.32364;-0.7112;-0.46506;-0.051048;-0.052126;-0.37518;-0.024756;-0.14159;-0.038654;0.10889
5.3759;0.14705;-0.59506;-0.21348;-0.76409;-0.50946;0.0039563;-0.13991;-0.39717;-0.032118;-0.10891;-0.055309;0.10739
5.2277;0.21389;-0.53655;-0.25506;-0.73017;-0.47544;-0.063828;-0.15357;-0.39975;-0.028029;-0.13471;-0.0023829;0.09631
4.917;0.2447;-0.45783;-0.19256;-0.71118;-0.53235;-0.080523;-0.17145;-0.38977;-0.070521;-0.068842;0.010278;0.082338
4.6594;-0.0035784;-0.27091;-0.16094;-0.71201;-0.51074;-0.16746;-0.23145;-0.21092;-0.19407;0.019573;-0.029211;0.10534
4.515;-0.28868;-0.32062;-0.20275;-0.61094;-0.39507;0.019405;-0.34652;-0.15977;-0.095264;-0.060489;-0.0013435;0.10844
4.4055;-0.40539;-0.43605;-0.23303;-0.56363;-0.23966;0.25146;-0.21745;-0.095859;-0.066798;-0.057488;-0.041987;-0.006171
4.4102;-0.49298;-0.28129;-0.10541;-0.74345;-0.44611;0.14199;-0.35756;-0.25912;-0.076343;-0.032883;-0.013591;0.071086
4.4971;-0.6046;-0.23908;0.026627;-0.86298;-0.53907;0.10219;-0.24309;-0.23966;-0.11603;-0.078697;-0.065173;0.19171
4.4099;-0.66123;-0.41841;0.21295;-0.82695;-0.57144;0.16561;-0.11558;-0.35884;-0.14501;0.021993;-0.0007979;0.16178
3.9899;-0.52942;-0.41205;0.15888;-0.60935;-0.41444;0.157;-0.28675;-0.47679;-0.076496;0.049762;0.064971;0.1288
3.6494;-0.40828;-0.39413;0.064312;-0.52844;-0.42202;-0.00031962;-0.20675;-0.28235;-0.047076;-0.0025433;-0.054561;0.085906
3.464;-0.404;-0.28273;0.10946;-0.52027;-0.55588;0.012804;-0.26068;-0.30353;-0.031458;0.035022;0.0058717;0.089532
3.4757;-0.32368;-0.35462;0.095455;-0.39696;-0.51509;-0.061065;-0.3214;-0.24121;-0.014772;0.041279;0.03706;0.053235
3.3739;-0.32807;-0.38997;-0.027194;-0.41622;-0.52377;-0.14391;-0.43128;-0.17682;0.0047735;-0.014639;0.0059215;0.048017
3.4712;-0.35517;-0.34075;-0.079056;-0.23766;-0.39799;-0.18613;-0.42857;-0.13469;-0.027985;0.10561;0.085604;0.021387
4.1741;-0.63252;-0.3931;-0.1034;-0.40724;0.047869;-0.19323;-0.23775;0.027624;-0.062872;0.15154;0.055461;-0.007143
4.8908;-0.80878;-0.56423;-0.18249;-0.4217;0.072862;-0.19192;-0.24813;-0.035316;-0.10763;0.2012;0.068435;-0.051726
4.6023;-0.7562;-0.51073;-0.14852;-0.34838;0.17207;-0.082205;-0.13953;0.058118;-0.11229;0.1991;0.054682;-0.11066
4.0716;-0.68729;-0.44548;-0.12067;-0.27924;0.13564;-0.010347;-0.11404;0.024982;-0.14115;0.13993;0.032735;-0.074247
3.9385;-0.62988;-0.37586;-0.14359;-0.23791;0.088348;-0.03609;-0.18489;0.010715;0.039528;-0.029277;-0.090965;-0.042434
3.8265;-0.4774;-0.37975;-0.052613;-0.27969;-0.10855;-0.087354;-0.24363;0.052752;0.18669;0.035656;-0.18107;-0.053663
4.2329;-0.063374;-0.43361;-0.32465;-0.53358;-0.35797;-0.12211;-0.13364;-0.15065;-0.12825;0.054402;-0.037708;0.12064
5.0582;0.19585;-0.6972;-0.33999;-0.6236;-0.37723;-0.15725;-0.13599;-0.2717;-0.18037;-0.02048;0.054151;0.040767
5.4473;0.2291;-0.84053;-0.22818;-0.60505;-0.42145;-0.091353;-0.098012;-0.22953;-0.14252;-0.10402;0.042111;-0.0074639
5.3579;0.24227;-0.91814;-0.10466;-0.42098;-0.45457;-0.16344;-0.15614;-0.21762;-0.12907;-0.059245;0.070712;-0.010042
5.3071;0.28102;-0.93441;-0.15124;-0.34992;-0.43125;-0.20226;-0.090426;-0.21295;-0.12525;-0.076221;0.05374;-0.0013769
5.3102;0.28461;-0.90817;-0.23109;-0.29748;-0.4247;-0.29951;-0.011986;-0.16113;-0.13514;-0.10968;0.036694;0.015846
5.1962;0.3148;-0.84425;-0.2558;-0.28767;-0.38046;-0.34513;-0.056699;-0.11394;-0.082805;-0.10616;-0.033731;-0.011478
4.9038;0.36818;-0.8186;-0.26247;-0.28006;-0.48568;-0.28675;-0.052594;-0.048518;-0.054365;-0.084218;-0.10656;-0.064574
4.5662;0.34398;-0.71236;-0.34608;-0.25603;-0.51772;-0.10663;-0.086317;-0.14707;-0.10526;-0.060973;-0.023732;-0.08517
4.3602;0.24017;-0.63728;-0.37871;-0.20552;-0.51073;-0.035326;-0.15564;-0.2376;-0.13425;0.00044267;0.042716;-0.090148
4.2226;0.19531;-0.64225;-0.46992;-0.15815;-0.34448;-0.12188;-0.11576;-0.078563;-0.078085;-0.0078158;-0.038639;-0.090214
4.1271;0.14757;-0.63646;-0.47781;-0.33626;-0.36129;-0.12562;-0.013029;-0.059702;0.0096731;-0.0070924;-0.049114;-0.11254
4;0.12026;-0.58514;-0.63788;-0.37723;-0.28592;-0.10095;-0.064863;-0.099275;-0.0089084;0.056529;-0.032008;-0.11409
3.6937;0.014472;-0.44298;-0.60485;-0.40795;-0.38236;-0.16975;-0.044758;-0.080919;-0.049702;0.035691;-0.019785;-0.15987
3.5712;0.050029;-0.33093;-0.42002;-0.38478;-0.37353;-0.23684;-0.2386;-0.031216;-0.014983;-0.081177;-0.12574;-0.085194
3.6181;-0.011495;-0.28437;-0.48089;-0.37777;-0.36725;-0.24312;-0.29133;-0.15976;-0.049343;-0.025419;-0.064207;0.0083868
4.1319;-0.2538;-0.31301;-0.33052;-0.32607;-0.26265;-0.25168;-0.23282;-0.19354;-0.17717;-0.0030824;0.058282;0.04901
5.0822;-0.52018;-0.55211;-0.33327;-0.25604;-0.24045;-0.20581;-0.082148;-0.0023257;-0.0028016;0.12155;0.11633;0.016481
4.7014;-0.51033;-0.56879;-0.29715;-0.33687;-0.21049;-0.23796;-0.094094;0.030133;0.076067;0.095081;0.088251;0.033592
4.547;-0.45853;-0.54184;-0.26253;-0.23187;-0.1656;-0.27304;-0.3638;-0.21549;-0.074437;-0.039459;0.066831;0.14188
4.7737;-0.047445;-0.59447;-0.57127;-0.25651;-0.25216;-0.44074;-0.3138;-0.077962;-0.046373;-0.075174;0.059098;0.096179
5.1013;0.12682;-0.87384;-0.50488;-0.19465;-0.281;-0.37189;-0.23298;-0.020431;0.014409;-0.19369;0.0020265;0.0058862
5.1502;0.19908;-0.98589;-0.47343;-0.086868;-0.34058;-0.36277;-0.24358;0.0077905;0.026743;-0.21578;-0.027703;-0.018423
5.2595;0.20149;-1.0438;-0.4673;-0.12152;-0.31315;-0.40312;-0.15178;-0.027085;0.066577;-0.24566;-0.027908;-0.013623
5.3408;0.22491;-1.1057;-0.48995;-0.10985;-0.37429;-0.395;-0.1067;0.0046909;0.046369;-0.24369;-0.052092;-0.004493
5.3987;0.22617;-1.1395;-0.51001;-0.10839;-0.42177;-0.3675;-0.062735;0.012119;0.074388;-0.28427;-0.044223;-0.0072789
5.3835;0.23942;-1.1429;-0.53492;-0.14224;-0.48718;-0.32915;-0.037541;0.036772;0.043099;-0.30307;-0.041235;0.019495
5.3858;0.25778;-1.0673;-0.56466;-0.1561;-0.52463;-0.32574;-0.011586;0.0030645;0.012791;-0.32696;-0.023632;0.047924
5.3844;0.3051;-0.97027;-0.61579;-0.18038;-0.54482;-0.31096;0.018457;-0.07674;-0.012878;-0.34771;0.034108;0.074865
5.2162;0.42477;-0.89597;-0.62464;-0.25094;-0.51733;-0.28029;-0.032808;-0.094012;-0.10919;-0.28314;0.052839;0.091668
5.0259;0.48722;-0.77616;-0.65657;-0.28561;-0.51473;-0.2513;-0.08838;-0.16138;-0.12407;-0.27689;0.10296;0.086023
4.964;0.46887;-0.71553;-0.65023;-0.21281;-0.55508;-0.30103;-0.10089;-0.19343;-0.13528;-0.25076;0.11699;0.098585
4.9164;0.46106;-0.64072;-0.67225;-0.26622;-0.52204;-0.30594;-0.10648;-0.23692;-0.1456;-0.21733;0.1385;0.097936
4.9942;0.446;-0.77735;-0.55011;-0.24367;-0.58882;-0.31644;-0.097791;-0.19628;-0.19585;-0.24152;0.16282;0.18605
5.0705;0.45155;-0.77478;-0.64638;-0.28532;-0.56624;-0.28446;-0.063811;-0.30714;-0.16083;-0.21362;0.21489;0.13669
5.2482;0.41203;-0.87678;-0.56026;-0.30443;-0.58595;-0.26537;-0.068457;-0.29526;-0.20847;-0.18439;0.22665;0.16613
5.3392;0.40183;-0.98676;-0.37902;-0.36242;-0.62354;-0.26956;-0.080928;-0.22461;-0.27741;-0.15396;0.24301;0.22026
5.1291;0.4524;-0.82228;-0.47925;-0.31314;-0.6456;-0.27891;-0.10646;-0.24158;-0.24648;-0.1508;0.23385;0.19073
4.8905;0.46644;-0.69667;-0.42772;-0.31038;-0.66577;-0.32347;-0.084566;-0.21677;-0.26911;-0.13303;0.21406;0.16423
4.504;0.52913;-0.39729;-0.53721;-0.34377;-0.62781;-0.35389;-0.15599;-0.21949;-0.25835;-0.017709;0.15339;0.052258
4.3387;0.46954;-0.32942;-0.45804;-0.33699;-0.63265;-0.41408;-0.19535;-0.17862;-0.22129;-0.025299;0.16569;0.027638
4.1519;0.33206;-0.29746;-0.43732;-0.40551;-0.52669;-0.40601;-0.17742;-0.1523;-0.22535;-0.056401;0.16129;0.087745
3.8736;0.075031;-0.47338;-0.40865;-0.33168;-0.43025;-0.13055;-0.1431;-0.14817;-0.24497;-0.14478;0.1107;0.15619
4.0422;-0.29452;-0.87075;-0.13127;-0.35955;-0.40558;-0.083366;-0.21643;-0.054151;-0.11357;-0.094747;-0.031391;0.086375
4.6692;-0.37722;-1.0164;0.045454;-0.35919;-0.27942;-0.065847;-0.21147;-0.1613;-0.12195;-0.010255;0.046916;0.085468
4.1119;-0.24103;-0.72587;0.0049383;-0.42085;-0.28517;0.028855;-0.28336;-0.16063;-0.15541;-0.030116;0.026911;0.14964
3.7586;-0.27859;-0.6907;0.030107;-0.34534;-0.20003;0.15015;-0.36234;-0.26278;-0.019779;-0.040114;-0.12298;0.10049
3.5623;-0.30767;-0.64215;-0.019686;0.14098;-0.0069258;-0.0077664;-0.24704;-0.055964;0.059046;-0.10988;-0.077245;0.0051198
3.4146;-0.2737;-0.50906;-0.078572;0.2071;0.039239;0.0022942;-0.22067;-0.078254;-0.023245;-0.047246;-0.033412;-0.012652
3.5003;-0.23362;-0.40755;0.027228;0.10457;0.047168;0.043588;-0.16399;-0.038206;0.011545;0.0025666;-0.064059;-0.052502
3.939;-0.36087;-0.41916;-0.23994;-0.063436;-0.013207;0.051882;-0.049909;0.04529;0.074133;0.11362;-0.021105;-0.16081
4.3583;-0.34234;-0.40096;-0.46145;-0.19683;-0.080612;0.040227;-0.082919;0.10911;0.025343;0.05889;0.051048;-0.12234
4.1654;-0.15594;-0.19145;-0.35683;-0.48245;0.047115;0.042304;-0.33744;0.031378;-0.033185;-0.1537;0.050624;0.035949
5.2118;-0.068822;-0.38416;-0.47519;-0.68368;0.069494;-0.24362;-0.26986;-0.12787;-0.08678;-0.17385;0.12224;0.094366
5.4834;-0.13048;-0.46927;-0.4053;-0.64717;0.087727;-0.22399;-0.28361;-0.16179;-0.0083999;-0.13231;0.048773;0.060396
5.5946;-0.19792;-0.5374;-0.40232;-0.6617;0.048655;-0.11309;-0.2109;-0.2495;0.035848;-0.078144;0.0036333;0.083769
5.4591;-0.07941;-0.65957;-0.48135;-0.58089;0.023712;-0.083772;-0.16263;-0.25924;-0.025648;-0.055783;0.07578;0.012951
5.2075;0.0094453;-0.74342;-0.49517;-0.59102;0.022894;-0.05378;-0.10424;-0.2871;-0.057558;0.016025;0.029642;0.025671
4.994;0.012116;-0.75476;-0.53441;-0.51687;-0.030753;-0.041556;-0.039674;-0.3132;-0.0028201;-0.01021;0.038382;0.087549
4.7246;0.030573;-0.78134;-0.60419;-0.52814;-0.093269;-0.041551;-0.0041616;-0.17643;-0.03608;0.063611;0.072595;0.015803
4.5619;0.071576;-0.81563;-0.4708;-0.5472;-0.16742;0.060497;-0.012939;-0.1728;-0.0052219;0.13063;0.0091106;-0.012029
4.4557;0.078016;-0.79704;-0.38176;-0.56684;-0.24671;0.1209;-0.074747;-0.1189;-0.076944;0.087986;0.0422;-0.11538
4.6248;0.030559;-0.81653;-0.41029;-0.68092;-0.13852;0.12735;-0.13891;-0.090663;0.0090121;0.050835;0.054261;-0.041485
4.8545;-0.0054302;-0.86023;-0.50182;-0.74841;-0.10126;0.040138;-0.096511;-0.07275;0.085518;0.059132;0.032027;0.016711
5.1536;-0.10331;-0.70586;-0.54251;-0.77849;0.053045;-0.10609;0.016355;-0.0072126;0.05471;0.096565;0.021801;-0.019309
5.3036;-0.19122;-0.60999;-0.58027;-0.86537;0.05439;-0.154;-0.0058026;0.017089;0.068658;0.078896;0.01909;-0.012228
5.3481;-0.19449;-0.47401;-0.54375;-0.90551;0.020786;-0.13715;-0.003626;-0.0050953;0.053307;0.056279;-0.029446;-0.042781
5.3788;-0.1894;-0.39285;-0.47596;-0.91349;-0.018636;-0.18421;0.050169;0.014493;-0.054512;0.025779;-0.014152;-0.087495
5.3261;-0.1776;-0.29975;-0.44649;-0.89935;-0.01452;-0.27746;0.065499;0.053552;-0.14059;-0.047223;-0.02161;-0.060797
5.1773;-0.11893;-0.19918;-0.40971;-0.90395;0.033961;-0.31407;-0.012776;0.11155;-0.15239;-0.16407;-0.010682;-0.0036775
5.0025;-0.12415;-0.16308;-0.32731;-0.96096;0.012834;-0.26628;-0.097414;0.089046;-0.12863;-0.20438;0.00035269;0.041829
4.576;-0.0097682;-0.20979;-0.34722;-0.82775;-0.058302;-0.26681;-0.093178;0.048348;-0.13299;-0.18189;0.018763;-0.005704
4.232;0.074115;-0.16089;-0.47173;-0.63934;-0.02652;-0.41584;-0.11136;-0.097656;-0.1602;-0.039805;-0.065323;0.035395
3.9715;0.069067;-0.23415;-0.36254;-0.3849;-0.1133;-0.3281;-0.32446;-0.12949;-0.16254;-0.020354;0.16775;0.020806
3.7857;0.0037734;-0.15741;-0.31941;-0.36559;-0.12318;-0.30724;-0.20458;-0.11402;-0.20757;0.02335;0.10317;-0.0056352
3.6043;-0.055174;-0.26307;-0.34739;-0.41579;-0.062604;-0.12017;-0.22268;-0.051742;-0.14605;-0.048644;0.12662;-0.034516
3.4402;-0.19535;-0.24109;-0.28836;-0.42384;-0.12209;-0.10585;-0.16547;0.020081;-0.004776;-0.056795;-0.043047;-0.07604
3.6542;-0.43841;-0.31476;-0.33605;-0.30476;0.049271;-0.13651;-0.059349;0.16447;-0.030299;0.012751;0.13346;0.022442
4.7295;-0.74178;-0.36269;-0.41683;-0.44082;0.23466;0.0071744;-0.20277;-0.084419;-0.0070967;-0.08829;0.097693;0.12555
4.7095;-0.77879;-0.26324;-0.40371;-0.39343;0.26528;-0.21809;-0.15635;0.007787;-0.051224;0.062429;0.12877;0.026114
4.1991;-0.75381;-0.012229;-0.49187;-0.36475;0.10652;-0.21449;-0.0053622;0.086396;0.17691;-0.10633;-0.094392;0.049847
3.9491;-0.72085;0.026433;-0.27183;-0.17144;-0.10338;-0.11788;-0.028221;-0.0030333;0.14517;-0.14738;-0.11223;0.076921
3.8489;-0.46038;-0.037798;-0.22751;-0.40062;-0.35977;-0.34126;-0.27578;-0.11326;0.070608;-0.041078;0.060759;0.15114
4.4145;-0.11541;0.13965;-0.47763;-0.57818;-0.52246;-0.46632;-0.16759;-0.043905;-0.089552;-0.088128;0.13368;0.078486
4.5811;-0.025299;0.30802;-0.64882;-0.44913;-0.47327;-0.49121;-0.024351;-0.28257;-0.14252;0.010471;0.037363;0.084132
4.4773;-0.075175;0.30294;-0.47463;-0.45779;-0.54548;-0.38832;-0.10774;-0.27974;-0.054493;-0.050348;-0.015979;0.10402
4.2461;-0.13892;0.38734;-0.539;-0.36886;-0.61966;-0.33219;-0.1117;-0.26403;-0.055821;-0.077304;0.027962;0.072716
4.0139;-0.26483;0.36473;-0.50879;-0.40547;-0.54228;-0.32434;-0.22077;-0.25809;0.0033775;-0.042519;-0.0085823;0.089541
3.7323;-0.4272;0.34857;-0.36806;-0.14029;-0.49013;-0.19335;-0.28198;-0.17266;0.081538;-0.13049;0.020866;0.076304
3.6637;-0.39361;0.32698;-0.47464;-0.12949;-0.60914;-0.34519;-0.41778;-0.15069;0.15076;-0.090327;-0.062025;0.014705
3.6231;-0.36667;0.17976;-0.54041;0.027143;-0.55996;-0.246;-0.32974;-0.2187;0.068934;-0.08651;0.10206;0.046771
3.6084;-0.50973;0.29489;-0.53214;0.070571;-0.59912;-0.17903;-0.2771;-0.30655;0.046379;-0.066277;0.11767;0.048967
3.5721;-0.66624;0.25189;-0.76013;0.13945;-0.47864;-0.35609;-0.22313;-0.29629;0.07043;-0.1223;0.06114;0.093219
3.5276;-0.69031;0.33349;-0.57762;0.22212;-0.22363;-0.13193;-0.038249;-0.22994;0.016618;-0.093337;0.1199;0.034921
3.5065;-0.81606;0.35814;-0.78737;0.21792;-0.15595;0.068368;0.0441;-0.39199;-0.06577;-0.091506;0.1083;0.013358
3.6852;-1.0004;0.51829;-0.61148;0.21593;-0.092049;-0.11072;-0.038004;-0.25861;-0.00079536;0.048405;-0.046592;-0.043932
3.7131;-1.1358;0.26425;-0.63567;0.052052;-0.016434;-0.30328;0.054696;0.051191;-0.0051075;0.085567;-0.079698;-0.039663
3.9246;-1.1164;0.2414;-0.68244;0.095502;0.04689;-0.14234;0.12616;-0.047459;0.021912;0.021097;-0.11837;-0.028863
4.0373;-1.0564;0.296;-0.71555;0.086402;0.15687;-0.24265;0.039733;-0.098993;0.039463;-0.065952;-0.04887;0.022474
4.0685;-1.0636;0.32329;-0.56292;-0.10129;0.23987;-0.36755;-0.20612;-0.013707;-0.1155;-0.083591;0.07467;0.0062023
3.9698;-1.0692;0.2445;-0.48354;-0.12421;0.25704;-0.20891;-0.047835;-0.13739;-0.3006;-0.098147;0.056846;0.040369
3.7844;-1.0124;0.21184;-0.54232;-0.074616;0.36543;-0.36944;-0.018107;-0.050355;-0.11164;-0.14449;-0.039196;0.089605
3.7636;-0.72734;0.21189;-0.54255;-0.089879;0.32613;-0.25938;-0.061575;-0.062829;-0.063542;-0.12952;0.0083195;0.073219
4.3367;-0.41411;-0.24539;-0.73342;-0.48431;0.018773;-0.39931;-0.27053;-0.040286;-0.01418;0.0089426;0.086606;0.15547
5.4348;-0.42603;-0.58526;-0.64925;-0.65198;0.19899;-0.18562;-0.3579;0.002094;-0.042019;-0.029174;0.14476;0.16744
5.6124;-0.55203;-0.85802;-0.6701;-0.64165;0.28432;-0.021603;-0.26489;-0.041153;-0.035278;-0.0038099;0.088755;0.14337
5.6625;-0.4898;-0.92766;-0.58696;-0.60307;0.19564;-0.060665;-0.23112;-0.025668;0.0018876;-0.0052026;-0.034595;0.14885
5.6458;-0.54563;-1.0177;-0.59157;-0.57623;0.14464;-0.17037;-0.21944;-0.015601;0.10803;0.062733;-0.047411;0.12875
5.7134;-0.52082;-1.0303;-0.46385;-0.54212;0.16483;-0.2278;-0.26972;-0.0039508;0.18195;0.080092;-0.013266;0.080952
5.7436;-0.54759;-1.0826;-0.48556;-0.54395;0.14163;-0.24805;-0.28896;-0.011723;0.22007;0.11461;0.038112;0.074315
5.84;-0.56729;-1.0466;-0.46666;-0.53385;0.16989;-0.23257;-0.27771;-0.033468;0.19169;0.098869;0.052055;0.093261
5.9026;-0.58722;-1.0207;-0.47315;-0.49442;0.17428;-0.24914;-0.28371;-0.037209;0.18615;0.12259;0.061954;0.10287
5.8936;-0.59812;-1.0401;-0.50086;-0.49314;0.18653;-0.26237;-0.33626;-0.016718;0.19256;0.14906;0.11416;0.10514
5.9045;-0.57621;-1.023;-0.47093;-0.48685;0.19881;-0.26433;-0.3486;-0.0016398;0.19949;0.15425;0.12636;0.089361
5.8789;-0.5548;-0.99534;-0.50525;-0.5104;0.19399;-0.28245;-0.33331;0.0032071;0.18589;0.17362;0.13652;0.079123
5.8807;-0.59889;-1.0273;-0.54279;-0.54794;0.16494;-0.2932;-0.35701;0.010864;0.19842;0.2223;0.18035;0.059643
5.9245;-0.5836;-0.99616;-0.48294;-0.52971;0.18447;-0.27887;-0.3673;0.0043404;0.19808;0.22831;0.18451;0.052432
5.8758;-0.59711;-0.96214;-0.53972;-0.51873;0.13728;-0.26832;-0.3812;0.023797;0.17988;0.22693;0.19775;0.045624
5.8278;-0.56428;-0.90375;-0.57908;-0.47172;0.1512;-0.26796;-0.30449;0.042661;0.14493;0.19476;0.146;0.022194
5.7579;-0.56101;-0.93101;-0.60912;-0.52329;0.14195;-0.26187;-0.30705;0.060633;0.13467;0.17265;0.14131;0.036018
5.6291;-0.53841;-0.96151;-0.6196;-0.59106;0.11375;-0.30886;-0.26689;0.064493;0.11441;0.18895;0.14427;0.024274
5.5817;-0.50193;-0.9082;-0.56005;-0.59643;0.10049;-0.28163;-0.24852;0.093876;0.11077;0.15191;0.12206;0.012246
5.4714;-0.45613;-0.84496;-0.5241;-0.67071;0.10357;-0.29498;-0.17081;0.10679;0.10011;0.10184;0.087763;0.044562
5.2626;-0.36683;-0.85698;-0.56063;-0.66571;0.01156;-0.24721;-0.10123;0.09941;0.058735;0.083924;0.06971;0.070987
5.1563;-0.24711;-0.84452;-0.47393;-0.6062;0.018987;-0.16186;-0.08085;0.14402;0.043804;0.042511;0.031522;0.087197
5.174;-0.22031;-0.77146;-0.35639;-0.56158;0.066493;-0.043853;-0.075092;0.13394;0.069388;0.042053;-0.019053;0.10581
4.9301;-0.010612;-0.73135;-0.25941;-0.43022;0.20147;0.039149;-0.021316;0.095383;0.085398;0.062746;-0.060913;0.039686
4.6407;0.021782;-0.57848;-0.26515;-0.3004;0.21132;-0.071878;0.02903;0.074546;0.030815;0.031306;-0.09196;0.058468
4.3306;0.042885;-0.45121;-0.12432;-0.14375;0.17944;-0.072331;-0.084979;0.16718;0.13782;0.015066;-0.22025;-0.055877
4.2045;0.05083;-0.2748;0.092364;-0.12266;0.048478;0.017133;-0.14994;0.14526;0.085151;-0.068946;-0.20083;-0.027551
4.1766;-0.064928;-0.47959;0.18061;-0.0080379;-0.021592;-0.11258;-0.14283;0.13726;0.11239;-0.064546;-0.11135;-0.044278
3.9634;0.0083041;-0.081275;0.20506;-0.01815;-0.012025;-0.037722;-0.16777;0.030479;-0.02491;-0.00020402;-0.051927;-0.0012092
3.7212;-0.01061;-0.047473;0.2438;0.016325;0.066355;-0.070599;-0.26815;-0.049882;0.046276;0.028442;-0.049383;-0.030014
3.6761;0.0059009;-0.13098;0.15784;0.18661;0.17861;-0.19469;-0.24816;-0.038667;0.056929;-0.044135;-0.026955;0.029158
3.4986;-0.097923;-0.10672;0.24998;0.058282;-0.022536;-0.023268;-0.11764;-0.027753;-0.091309;-0.060707;0.0017298;0.058278
3.4631;-0.061664;0.020973;0.094165;0.16344;0.040525;-0.14509;-0.070775;-0.10117;-0.072873;-0.030561;-0.04851;0.16306
3.3616;-0.12341;-0.028161;0.12791;0.19129;0.0089499;-0.12426;-0.17035;-0.11886;0.0038187;-0.026092;-0.023535;0.073973
3.2894;-0.14502;-0.091349;0.071338;0.21369;0.033049;-0.052438;-0.091321;-0.12508;-0.098221;-0.048;0.0059831;0.093684
3.3378;-0.096985;-0.012596;0.11154;0.10242;0.02697;0.032061;-0.22713;-0.12231;-0.047121;0.017831;-0.025594;0.023333
3.1375;-0.14922;-0.095804;0.010486;0.0063354;0.1452;0.013357;-0.21015;-0.09466;-0.083107;0.006856;-0.048139;0.033568
2.9747;-0.21338;-0.06228;-0.056385;-0.036806;0.13742;-0.0203;-0.15998;-0.0045651;-0.093207;-0.074046;0.058645;0.062851
3.0012;-0.2054;-0.028241;-0.063921;0.01106;0.012318;0.12534;-0.048516;-0.10757;-0.1012;-0.077204;0.046509;-0.017863
2.9686;-0.20058;-0.068821;-0.024597;0.044795;0.090395;0.081305;-0.034225;-0.14909;-0.13745;-0.024157;0.026098;0.075234
2.9307;-0.22145;-0.13338;-0.083305;0.070991;-0.0043684;0.07957;-0.039562;-0.079046;-0.11775;-0.050178;0.10012;0.039634
2.9225;-0.30053;-0.1038;-0.039142;-0.01937;0.12171;0.093786;-0.0469;-0.10555;-0.11635;-0.14226;0.044772;0.15246
3.0041;-0.31559;-0.21591;-0.1316;0.026812;0.14364;0.070864;-0.01879;-0.081471;-0.12372;-0.11644;-0.095181;0.035348
2.9024;-0.42847;-0.24846;-0.19176;-0.11748;0.024817;0.1341;0.067868;-0.11697;-0.14045;0.0055031;0.040415;0.028378
3.0245;-0.34985;-0.19771;-0.14278;-0.046309;0.035098;0.024583;-0.093735;-0.032406;-0.0674;-0.018119;0.0050305;0.00085318
3.0779;-0.29317;-0.18126;-0.059064;0.075817;0.060328;0.0049586;-0.11898;-0.074755;-0.15134;-0.071002;-0.029836;0.0264
3.0233;-0.31296;-0.20807;-0.0082792;0.1235;-0.061863;0.00065459;-0.081612;-0.10935;-0.15768;-0.026508;-0.016022;0.0058268
2.9094;-0.37401;-0.30145;-0.19561;0.062869;0.095178;-0.0045016;-0.1113;-0.097676;-0.14316;-0.095802;0.047924;0.080969
2.9512;-0.34258;-0.2533;-0.13803;0.060277;0.027306;0.045675;0.027919;-0.068552;-0.1607;-0.040332;-0.035841;0.034358
2.9164;-0.34785;-0.20704;-0.04651;0.056559;-0.041308;0.035251;-0.040069;-0.054736;-0.17735;-0.050419;0.04021;-0.053534
3.0023;-0.30321;-0.075125;-0.023288;0.024412;0.046493;0.027258;-0.14491;-0.14505;-0.074157;0.036401;-0.047006;0.0065574
3.1156;-0.30753;-0.20114;0.024369;-0.080916;0.044168;0.10615;-0.1658;-0.14878;-0.11894;-0.017747;-0.043694;-0.0020219
3.1647;-0.27083;-0.13324;0.081732;-0.0076378;-0.030156;0.14134;-0.15216;-0.1134;-0.039838;-0.0071993;0.0084538;-0.046657
2.9894;-0.30713;-0.24959;0.076381;0.022748;0.028218;0.1356;-0.1068;-0.23155;-0.1068;0.00038632;-0.045352;0.013902
2.9532;-0.3148;-0.098002;-0.014811;-0.075633;0.061767;-0.071989;-0.00023037;-0.084802;-0.071621;-0.036952;0.051059;0.0059787
2.9876;-0.31163;-0.083559;-0.01345;-0.051241;0.13592;0.043556;-0.079456;-0.16977;-0.07728;0.010218;-0.037714;-0.0049446
3.0082;-0.36426;-0.36092;-0.17109;0.15331;0.11645;0.012573;-0.0081511;-0.074408;-0.14186;-0.07134;-0.015602;0.036403
3.0564;-0.25878;-0.17674;0.028435;0.079925;0.030325;-0.054009;-0.14071;-0.0507;-0.020636;-0.035729;-0.094833;0.029146
2.9427;-0.36874;-0.16721;0.018238;-0.13911;-0.10923;0.02212;-0.023294;-0.086375;-0.074713;0.00071868;0.027884;0.087564
2.9562;-0.35437;-0.13784;0.011791;0.0065747;-0.051025;0.076013;-0.04208;-0.012735;-0.13929;-0.073964;0.022805;0.0033661
2.9812;-0.36425;-0.20173;-0.063688;0.025236;-0.063226;0.091437;-0.078223;-0.039732;-0.11596;-0.065182;-0.0069677;0.057583
2.9213;-0.34599;-0.29337;-0.16591;0.008494;0.075597;0.092662;-0.050663;-0.068202;-0.17232;-0.078579;0.071629;0.11014
2.8901;-0.34428;-0.29953;-0.26534;-0.062274;-0.059429;0.00088935;-0.028657;-0.033316;-0.079557;0.0036213;0.018765;0.035337
2.8817;-0.42325;-0.34301;-0.16444;-0.031563;0.099588;-0.04446;-0.16544;-0.03356;-0.011319;-0.086168;-0.11892;-0.0017881
2.933;-0.319;-0.25378;-0.17191;0.1536;0.10539;-0.0095503;-0.065127;-0.065428;-0.039621;-0.076129;-0.13466;0.029122
3.0735;-0.3213;-0.20089;0.041213;0.048492;0.034731;0.022843;-0.056378;-0.070037;-0.1257;-0.051197;-0.11339;0.10487
3.0651;-0.43204;-0.30151;0.049527;0.059176;-0.12712;-0.017669;0.072657;-0.012178;-0.14884;-0.095959;-0.13237;0.11247
3.0914;-0.35817;-0.26858;-0.057372;0.050554;0.017828;0.077462;-0.0094617;-0.15195;-0.22789;-0.01923;0.014116;0.094231
3.1341;-0.29248;-0.2356;-0.096589;0.054688;0.041542;0.11798;-0.038551;-0.21696;-0.15381;0.03043;-0.036092;-0.020963
3.1284;-0.3358;-0.2432;-0.023858;-0.061517;-0.11485;0.10397;0.076433;-0.25726;-0.18342;0.029444;-0.050665;0.038073
3.1679;-0.25801;-0.22573;0.04415;0.18377;0.046892;-0.097151;-0.22831;-0.11039;0.015938;0.072204;-0.04584;-0.09419
3.0259;-0.37058;-0.31989;-0.045294;-0.0021512;-0.029108;0.065512;-0.10924;-0.11588;-0.15132;-0.068749;-0.0034245;0.00036328
3.0785;-0.36366;-0.27827;0.13033;0.052555;-0.07057;-0.11298;-0.27315;-0.066017;0.019515;-0.0078047;-0.012761;0.028764
3.1459;-0.32655;-0.36301;0.078144;0.12468;-0.11236;0.029524;-0.22291;-0.034021;-0.075089;-0.027055;-0.0032646;-0.028608
3.1656;-0.30827;-0.24082;0.12747;0.1453;-0.16223;0.056311;-0.06563;-0.079846;0.028336;0.025826;-0.039568;-0.070153
3.3799;-0.25958;-0.33062;0.040922;0.13807;-0.021367;0.041821;-0.15203;-0.045343;-0.0027671;-0.088363;-0.10035;0.092905
3.3445;-0.31575;-0.2898;-0.025235;0.1666;0.16837;-0.058766;-0.068707;-0.086605;-0.11209;-0.069096;-0.10828;0.17108
3.2624;-0.26205;-0.20648;0.080624;0.12807;0.073869;-0.0073646;-0.076723;-0.083165;-0.04642;-0.024092;-0.15976;0.023248
3.1938;-0.27886;-0.21392;0.020887;0.054786;0.079027;0.0093753;-0.12639;-0.05541;0.03796;-0.044191;-0.14633;0.073126
3.1486;-0.20146;-0.1616;0.049089;0.072413;0.11122;-0.096842;-0.085185;-0.024316;-0.079547;-0.0036634;-0.066778;0.097809
3.2201;-0.2827;-0.2405;-0.067907;0.12596;0.021365;-0.11344;-0.12821;0.020059;-0.00021529;-0.081887;-0.019536;0.068958
3.0706;-0.35338;-0.21606;0.008168;-0.06872;0.011807;0.18034;-0.083218;-0.28857;-0.10381;0.021152;-0.047821;0.078562
3.0858;-0.33096;-0.19611;0.18138;0.066881;-0.072191;-0.033725;-0.11105;-0.030668;-0.032057;-0.14715;-0.066732;0.073809
3.0489;-0.32624;-0.27661;-0.031239;0.0028127;-0.036193;0.047777;-0.1054;-0.096833;-0.21736;-0.098277;0.022283;0.064971
3.0875;-0.36546;-0.22762;-0.012256;0.051648;-0.088564;-0.001135;-0.12303;-0.1676;-0.16858;0.025773;-0.094094;0.019124
2.9845;-0.44232;-0.35307;-0.15004;0.056813;-0.060139;-0.083372;0.065383;-0.035939;-0.012452;-0.073427;-0.1029;0.055445
3.078;-0.44505;-0.42161;-0.11635;-0.0025495;0.038012;-0.048229;-0.06834;0.049669;-0.095424;0.007104;0.10304;-0.050734
3.0375;-0.48251;-0.41159;0.010989;-0.038643;-0.0075128;-0.057958;-0.11111;0.0086019;-0.21403;-0.10073;-0.046893;-0.078645
2.9705;-0.43456;-0.30766;0.034484;0.12244;-0.121;0.055376;0.021116;-0.0080651;-0.094704;0.0068865;-0.031029;-0.035043
2.9637;-0.42276;-0.35722;-0.12251;-0.0025888;-0.05074;0.11376;0.08592;-0.052689;-0.066336;-0.032493;-0.086251;0.017302
3.0128;-0.39001;-0.26531;-0.026975;-0.0015147;0.0095026;-0.10389;0.04432;0.0037643;-0.12254;0.065147;-0.0070553;0.014149
3.1205;-0.30761;-0.23811;-0.050144;0.069863;-0.067747;-0.13322;0.0090792;-0.021999;-0.16036;-0.0461;0.09248;0.048392
3.2047;-0.28173;-0.29396;-0.123;0.12941;-0.091637;-0.19661;-0.0033431;-0.15441;-0.15296;0.043281;0.049003;-0.0090252
3.2025;-0.30986;-0.35988;-0.1014;0.14519;0.048777;-0.22438;-0.16186;-0.030058;-0.14363;-0.027615;-0.06231;0.04563
3.2779;-0.33978;-0.5162;-0.18057;0.11143;0.061507;-0.20188;-0.11143;-0.1028;-0.17994;-0.080881;-0.095632;0.069014
3.1766;-0.42137;-0.49794;-0.23019;0.10735;-0.0057331;-0.09854;-0.09137;-0.049651;-0.10761;-0.057624;-0.026099;0.032828
3.165;-0.37585;-0.36809;-0.098158;0.1725;-0.036063;0.040958;-0.031645;-0.18815;-0.15102;-0.083752;0.016134;0.035395
3.0326;-0.44943;-0.46673;-0.11832;0.069639;-0.10871;-0.026318;-0.043846;-0.056722;-0.061731;0.0044029;-0.084734;-0.018528
3.2034;-0.36497;-0.23705;-0.029629;0.049414;-0.03002;-0.03238;0.0051818;-0.10231;-0.1913;-0.048642;0.10056;0.044629
3.1521;-0.43566;-0.29864;-0.090111;0.13653;0.082817;-0.21296;-0.12782;-0.10144;-0.10992;0.0044844;-0.026414;0.034103
3.0602;-0.34839;-0.30167;-0.12543;0.071623;0.034857;-0.14294;-0.13801;-0.13639;-0.05509;-0.03481;-0.041798;0.072195
3.136;-0.32206;-0.19235;0.026196;0.090263;-0.083441;-0.025467;-0.070656;-0.070794;-0.11669;0.03524;0.061488;-0.032489
3.2274;-0.38254;-0.2836;0.090944;0.064752;0.044777;0.01518;-0.18079;-0.14816;-0.20192;-0.066122;0.068175;0.026275
3.239;-0.37596;-0.24955;0.18425;0.053432;-0.068018;-0.11261;-0.057833;0.082818;-0.11691;-0.13991;0.061033;0.017551
3.1593;-0.4094;-0.33701;0.0074036;0.086551;0.1128;-0.11292;-0.14855;-0.060708;-0.037659;-0.082574;-0.052699;0.04587
3.2177;-0.37221;-0.33747;0.052272;0.036276;0.098588;-0.042778;-0.12018;-0.04691;-0.014997;-0.088309;-0.18454;0.031126
2.9745;-0.41574;-0.30374;0.013167;0.032114;-0.010003;0.032467;-0.050469;-0.10258;-0.14122;-0.089233;-0.032625;0.052379
3.0224;-0.41572;-0.41736;-0.00091616;0.009085;-0.091223;-0.1463;0.097102;0.012094;-0.18434;-0.08166;0.012453;0.17818
3.0848;-0.40059;-0.3781;-0.073365;-0.035394;-0.13263;-0.14519;-0.13427;-0.041818;-0.30263;-0.18279;0.15206;0.13942
3.0235;-0.41032;-0.47386;-0.050808;-0.082555;-0.071588;-0.055063;-0.26912;-0.18427;-0.13221;-0.13487;-0.030581;0.12134
3.0905;-0.38364;-0.32219;-0.035866;-0.039676;-0.015941;-0.14518;-0.18148;-0.1482;-0.030724;-0.091386;-0.064486;0.041627
2.9894;-0.47421;-0.20286;-0.16694;-0.17204;-0.11753;-0.01393;0.029079;-0.29521;-0.095764;-0.077297;0.071454;0.11552
3.07;-0.46155;-0.41087;-0.13945;0.0034073;0.1135;0.089713;-0.086415;-0.11749;-0.099346;-0.10118;-0.042065;0.12051
3.1403;-0.43125;-0.38422;-0.14781;0.0092499;-0.12593;-0.15995;-0.10912;-0.034285;-0.11038;-0.15691;0.077638;0.11618
2.943;-0.47644;-0.45461;-0.14386;-0.030896;-0.0028349;0.033415;-0.22751;-0.067015;-0.14161;-0.1575;0.042772;0.08921
3.0641;-0.41421;-0.23891;-0.0019359;0.12061;0.019234;-0.15898;-0.10513;-0.023884;-0.067358;-0.00055163;-0.042831;0.11726
3.1588;-0.32553;-0.27878;-0.042951;0.11992;-0.016188;-0.17765;-0.14928;0.046516;-0.082727;-0.20035;-0.024356;0.07976
2.9465;-0.39936;-0.3726;-0.07023;-0.044652;-0.031149;-0.02958;-0.19404;-0.060032;-0.14832;-0.044066;0.041745;0.050798
3.077;-0.37171;-0.42299;0.099896;0.1353;-0.062959;-0.024496;-0.12101;-0.11208;-0.076329;-0.12135;-0.089618;0.044926
3.1981;-0.37896;-0.28687;-0.0567;0.034438;0.010838;-0.0018681;-0.086641;-0.12285;-0.1069;-0.0995;-0.14337;0.050569
3.1937;-0.46128;-0.37941;-0.036281;0.0304;-0.088183;-0.10799;-0.038903;0.13389;0.094487;-0.11204;-0.10097;-0.032054
3.3537;-0.34622;-0.36811;0.17718;0.090358;0.055713;-0.069487;-0.090587;0.12326;-0.088143;-0.10012;-0.069974;-0.013723
3.2669;-0.3654;-0.33918;0.17445;0.22414;-0.027536;-0.0084307;-0.064742;-0.025921;-0.12747;-0.12716;-0.084005;0.03524
3.2541;-0.27854;-0.17927;0.19703;0.22364;-0.036735;-0.030625;-0.21617;-0.0033871;-0.024127;-0.089206;-0.041018;-0.0017711
3.3364;-0.2809;-0.27941;0.26646;0.28545;-0.075419;-0.095499;-0.22791;0.066187;0.0021869;-0.089923;-0.035608;-0.033766
