1.7489;-0.54229;-0.23437;-0.26648;-0.1767;-0.15753;-0.10585;-0.077129;-0.056517;-0.031789;-0.0052161;0.020941;0.012951
1.777;-0.52948;-0.22622;-0.26909;-0.18644;-0.16839;-0.12042;-0.088565;-0.064123;-0.044241;-0.0094468;0.025068;0.020812
2.4497;-0.27531;-0.25315;-0.22755;-0.088439;-0.18477;-0.208;-0.16532;-0.077502;-0.011807;0.052199;0.011992;0.0076398
1.9162;-0.44966;-0.21848;-0.24814;-0.1124;-0.11328;-0.14264;-0.15158;-0.10451;-0.041712;0.013564;0.032156;0.011492
1.7458;-0.54736;-0.24132;-0.28245;-0.18639;-0.15459;-0.10571;-0.076449;-0.049995;-0.024325;-0.0095604;0.018507;0.0202
1.75;-0.55477;-0.24493;-0.28118;-0.18675;-0.17206;-0.10223;-0.069024;-0.043537;-0.026389;-0.013045;0.015211;0.023613
1.7514;-0.54687;-0.24559;-0.28977;-0.1849;-0.16202;-0.10987;-0.079863;-0.048241;-0.018856;-0.0027508;0.025708;0.015557
1.7431;-0.54663;-0.23664;-0.27021;-0.17771;-0.15627;-0.10487;-0.076636;-0.051243;-0.020818;-0.010204;0.016208;0.020354
1.7525;-0.54399;-0.25052;-0.2763;-0.18576;-0.1612;-0.10568;-0.087918;-0.05446;-0.021567;-0.01941;0.010703;0.023457
1.7441;-0.54778;-0.23656;-0.27284;-0.18231;-0.15351;-0.10581;-0.077474;-0.048411;-0.023036;-0.0067401;0.014981;0.018042
1.7383;-0.55019;-0.24482;-0.27837;-0.19219;-0.15907;-0.10335;-0.075774;-0.044214;-0.021478;-0.012471;0.015762;0.01854
1.7446;-0.54561;-0.23822;-0.27227;-0.18378;-0.16343;-0.1016;-0.079441;-0.053717;-0.024295;-0.0050848;0.015568;0.015173
1.7481;-0.54332;-0.24055;-0.2669;-0.18164;-0.16859;-0.11802;-0.087725;-0.049922;-0.024899;-0.0030289;0.015162;0.015902
1.7553;-0.54114;-0.23966;-0.28148;-0.18642;-0.16129;-0.090781;-0.05987;-0.043152;-0.018327;-0.016283;0.01124;0.0142
1.7555;-0.54217;-0.23848;-0.28061;-0.18835;-0.16631;-0.10277;-0.070483;-0.053019;-0.019433;0.00024804;0.024944;0.019897
1.7898;-0.51734;-0.1981;-0.2291;-0.13982;-0.12563;-0.09043;-0.057185;-0.036304;-0.017954;-0.0063198;0.016246;0.010862
1.8005;-0.50184;-0.19439;-0.2229;-0.12436;-0.11124;-0.069397;-0.051248;-0.0323;-0.025726;-2.2214e-05;0.022318;0.0032727
1.8168;-0.50726;-0.2207;-0.22973;-0.10437;-0.12989;-0.11555;-0.061003;-0.028265;-0.055212;-0.054638;0.021579;0.033899
1.8455;-0.47828;-0.19186;-0.21263;-0.10477;-0.10118;-0.075153;-0.073936;-0.065106;-0.039227;-0.029682;-0.0015686;0.003279
1.9005;-0.4691;-0.23492;-0.23171;-0.070343;-0.06466;-0.10197;-0.091019;-0.050777;-0.045793;-0.01693;0.0056208;0.0015134
1.8648;-0.50355;-0.26722;-0.24322;-0.10234;-0.12261;-0.12833;-0.090323;-0.040249;-0.040863;-0.035489;0.034519;0.046198
1.8268;-0.53086;-0.26751;-0.24132;-0.15639;-0.16955;-0.11887;-0.086133;-0.061596;-0.047019;-0.022037;0.011644;0.028646
2.0228;-0.40631;-0.2168;-0.16802;-0.0025842;-0.095086;-0.13329;-0.13995;-0.12573;-0.075623;-0.030224;-0.012592;-0.0026386
2.0438;-0.42576;-0.26539;-0.19627;-0.0040417;-0.06922;-0.13281;-0.058403;-0.048387;-0.10821;-0.027901;0.055071;0.021305
2.0566;-0.44967;-0.38385;-0.26426;0.0010429;-0.13135;-0.12207;0.014677;-0.037677;-0.11984;-0.053793;0.031451;0.034176
2.1929;-0.45927;-0.50905;-0.23953;0.13194;-0.095843;-0.11541;0.10827;0.005381;-0.12225;-0.065634;0.049276;0.070062
2.3137;-0.39742;-0.42018;-0.12767;0.13279;-0.1482;-0.17295;0.017971;0.011094;-0.076618;-0.064769;0.046334;0.065644
2.4407;-0.26178;-0.30701;-0.11538;0.15645;-0.037186;-0.11553;-0.16001;-0.23665;-0.15553;0.0089806;0.020028;-0.015944
2.5683;-0.25285;-0.40945;-0.07745;0.25235;-0.043505;-0.29838;-0.22022;-0.14129;-0.12584;-0.0031696;0.027247;0.022497
2.5375;-0.35973;-0.43083;-0.0081394;0.28593;-0.1141;-0.30803;-0.13689;-0.091783;-0.085306;-0.0105;0.022889;0.077318
2.6301;-0.31292;-0.39765;-0.075508;0.14722;-0.12415;-0.23527;-0.16317;-0.17518;-0.12611;-0.0012035;0.06937;0.046493
2.8497;-0.26414;-0.43035;-0.10056;0.14373;-0.067169;-0.16748;-0.09647;-0.084839;-0.048225;-0.091407;0.0031418;0.0078442
2.938;-0.22831;-0.49744;-0.14265;0.12184;-0.11335;-0.1763;-0.037244;0.051057;-0.068108;-0.042952;0.058164;0.022571
2.8948;-0.33221;-0.50753;-0.10544;0.1713;-0.17673;-0.21255;-0.041349;-0.023538;-0.1071;-0.070775;0.055885;0.1134
3.0787;-0.2667;-0.51404;-0.074342;0.24264;-0.05969;-0.05218;-0.0085675;-0.039195;-0.14777;-0.16084;0.085301;0.093253
3.0243;-0.32927;-0.62926;-0.078391;0.1841;-0.14526;-0.198;-0.086246;-0.062505;-0.11622;-0.072397;0.063809;0.022572
3.2398;-0.25096;-0.71396;-0.13361;0.35642;-0.089806;-0.30782;-0.089107;0.17866;0.055311;-0.013044;-0.066735;-0.035993
3.2652;-0.34627;-0.77383;-0.20622;0.25933;-0.11753;-0.3361;-0.081228;0.023618;-0.0014336;0.0028542;-0.032118;-0.00033185
3.2387;-0.26152;-0.70781;-0.1715;0.30792;-0.069119;-0.19264;-0.01176;0.039087;-0.064006;-0.10147;-0.045314;0.085552
3.4422;-0.21005;-0.63624;0.0012203;0.55213;-0.12692;-0.29549;-0.2137;-0.062862;0.078185;-0.017073;-0.022719;-0.0065936
3.4633;-0.25949;-0.73561;-0.087903;0.39785;0.074187;-0.29439;-0.23631;-0.033506;-0.016282;-0.0049198;-0.015145;0.01707
3.598;-0.24188;-0.79225;-0.15635;0.44364;0.099849;-0.18461;-0.1865;-0.088519;0.0076413;0.060814;0.026955;-0.02885
3.7237;-0.24433;-0.88331;-0.0057302;0.46652;-0.048878;-0.23649;-0.098033;-0.080171;-0.11641;-0.063345;-0.025017;0.032076
3.6685;-0.25841;-0.79378;-0.27339;0.21784;-0.087746;-0.1326;0.03952;-0.07421;-0.041726;0.044847;0.021102;0.044378
3.8309;-0.22717;-0.80474;-0.20996;0.31338;0.24676;-0.11004;-0.12292;-0.1768;-0.11228;0.0068974;-0.011266;0.0052793
3.8538;-0.31708;-0.70961;-0.19221;0.24706;0.16968;-0.23985;-0.053867;-0.093141;-0.10255;-0.010841;-0.029196;0.0063861
3.9642;-0.2962;-0.7871;-0.21925;0.17387;0.084908;-0.16325;0.039648;-0.04943;-0.058146;-0.010814;-0.047193;-0.019285
3.9644;-0.32215;-0.832;-0.21945;0.10126;-0.05457;-0.18117;0.078563;0.070499;-0.0096894;-0.017953;-0.092302;-0.05796
3.9785;-0.31143;-0.79998;-0.16636;0.24069;0.16799;-0.11089;-0.0026729;-0.0067351;-0.049116;-0.064826;-0.021782;0.024044
3.9811;-0.30266;-0.72511;-0.2529;0.20058;0.26037;-0.16998;-0.089107;-0.12149;-0.054057;-0.069515;-0.08693;0.021615
3.854;-0.27591;-0.74771;-0.23349;0.19168;-0.039508;-0.25045;-0.055463;-0.11642;-0.019869;0.019415;0.015398;0.080062
3.9909;-0.27971;-0.66848;-0.16789;0.16038;0.074651;-0.058906;-0.18517;-0.22501;-0.049934;0.0050608;-0.035701;-0.0041073
4.0682;-0.34106;-0.63462;-0.10635;0.25336;0.10996;0.021119;-0.037434;-0.29994;-0.11504;-0.12274;-0.024402;0.10754
4.0412;-0.26159;-0.6432;-0.064625;0.15732;-0.017059;-0.019776;-0.044997;-0.19194;-0.16796;-0.15766;0.061877;0.11737
4.2539;-0.17688;-0.69859;-0.15154;0.18487;0.1504;-0.053291;-0.10943;-0.22355;-0.19445;-0.10553;0.040848;-0.0052588
4.2627;-0.14968;-0.70488;-0.15918;0.16112;0.1391;-0.096449;-0.09761;-0.20003;-0.11513;-0.046195;0.049671;0.052925
4.3244;-0.083045;-0.58557;-0.13275;0.12414;-0.00087844;-0.13927;-0.026289;-0.12107;-0.063872;0.043822;0.069058;0.1225
4.4164;-0.095776;-0.58021;-0.033702;0.10215;0.16468;0.039226;-0.24391;-0.20378;-0.011189;0.023821;0.1056;0.039456
4.376;-0.11363;-0.64619;-0.13183;0.13825;0.18984;0.0081092;-0.15526;-0.18443;-0.089949;-0.078138;-0.012895;0.021773
4.4796;-0.011262;-0.57015;-0.020186;0.32411;0.22069;-0.13158;-0.18827;-0.19562;-0.10651;-0.038609;0.0028658;0.076283
4.3585;-0.079642;-0.53999;-0.075058;0.17014;0.15478;-0.060044;-0.20233;-0.17359;-0.11195;-0.0044257;0.073685;0.065114
4.3814;-0.019205;-0.40161;-0.045732;0.13891;0.13634;0.048807;-0.20813;-0.1841;-0.034608;0.022329;0.034915;0.032932
4.5092;0.003621;-0.41858;0.036013;0.27617;0.080479;-0.13248;-0.31807;-0.087692;0.052835;0.038945;-0.0008964;-0.008873
4.4497;-0.041338;-0.46222;0.081422;0.27114;0.015731;-0.13965;-0.24923;-0.029327;-0.042474;-0.060101;0.029901;0.052786
4.5119;-0.015018;-0.55171;0.075511;0.36905;0.039722;-0.13441;-0.24061;-0.025968;-0.047665;-0.066535;0.0044763;0.0047832
4.3639;-0.1332;-0.68117;-0.11729;0.37864;0.25329;-0.19509;-0.30413;-0.15926;-0.063287;0.026023;0.093266;0.024604
4.4377;-0.13595;-0.47631;0.10252;0.29921;0.094345;-0.1742;-0.17628;-0.098833;-0.14708;0.029705;0.067254;0.11231
4.3798;-0.10538;-0.47986;0.0040146;0.25865;0.21616;-0.051408;-0.32663;-0.19168;-0.10197;0.038325;0.07152;0.1043
4.4471;-0.046979;-0.57376;0.039511;0.27903;0.18731;-0.09277;-0.3404;-0.14123;-0.056252;-0.024789;0.063459;0.069041
4.4083;-0.10331;-0.51813;0.084351;0.22042;0.13885;-0.11526;-0.24933;-0.082452;-0.042197;-0.024519;-0.038561;0.030522
4.2508;-0.17184;-0.63429;0.065424;0.29103;0.19241;-0.20728;-0.26084;-0.091666;0.015235;-0.071023;-0.023169;0.010655
4.3838;-0.043091;-0.54405;0.096362;0.30844;0.17925;-0.17023;-0.28454;-0.08559;-0.0099772;-0.0049571;0.045651;0.066157
4.431;-0.067471;-0.49594;0.12821;0.15945;0.17774;-0.058268;-0.21935;-0.11672;-0.1291;-0.019739;-0.01577;0.11884
4.4756;-0.065742;-0.59937;0.041701;0.31853;0.14359;-0.10173;-0.18294;-0.19646;-0.12555;-0.047656;0.011034;0.054697
4.5465;-0.074117;-0.53884;-0.039623;0.19963;0.13775;-0.06447;-0.26778;-0.14352;-0.029865;-0.0021884;-0.039863;-0.0019425
4.4586;-0.20603;-0.65081;-0.15041;0.13703;0.01218;-0.066162;-0.11852;-0.12731;-0.11078;-0.10499;0.019095;0.0072858
4.54;-0.15106;-0.49606;0.033192;0.19644;0.11931;-0.18033;-0.12418;0.015187;-0.0021601;-0.14033;-0.053537;0.022956
4.6267;-0.21343;-0.55606;-0.10197;0.20799;0.077134;-0.12026;-0.033105;-0.075653;-0.031689;-0.015027;-0.066703;0.033862
4.7436;-0.27136;-0.42522;-0.27656;0.23828;-0.045474;-0.11496;-0.021446;-0.091841;0.07596;-0.0040926;0.0050995;-0.01411
4.7444;-0.36386;-0.37163;-0.31429;0.21423;0.13463;-0.042021;-0.10832;-0.032086;-0.088031;-0.10673;0.020528;0.027271
4.6709;-0.53235;-0.54945;-0.34113;0.14385;0.030018;-0.18234;-0.2547;-0.099203;-0.099252;0.070438;0.025589;-0.031839
4.7182;-0.44877;-0.40044;-0.19392;0.17837;0.0039858;-0.16547;-0.029176;-0.15672;-0.10441;-0.11646;0.028567;0.15447
4.7556;-0.39576;-0.3823;-0.30215;0.096079;0.14231;-0.16107;-0.083153;-0.13127;-0.2437;-0.093227;0.018338;0.05574
4.8398;-0.45898;-0.46598;-0.30906;0.066018;0.10635;-0.37735;-0.25952;-0.039691;-0.16762;0.16217;0.05417;-0.033104
4.777;-0.51788;-0.36274;-0.30913;0.24858;0.17745;-0.24522;-0.22539;-0.16577;-0.028144;0.11403;-0.028823;-0.034242
4.7694;-0.5243;-0.37619;-0.34223;0.12298;0.18276;-0.26017;0.0099785;-0.077067;0.020186;0.12287;-0.13126;0.068832
4.7943;-0.52038;-0.27548;-0.38655;0.11502;0.2184;-0.24276;-0.029154;-0.072837;-0.0084723;-0.03299;-0.13166;0.063618
4.8942;-0.4667;-0.18631;-0.40494;0.25069;0.17348;-0.22186;-0.050291;-0.21215;0.060321;-0.040863;-0.15261;0.032661
4.5959;-0.47482;-0.40897;-0.42226;0.19374;0.10353;-0.32168;-0.20575;-0.25145;0.041974;0.0085471;0.021661;0.11272
4.7534;-0.20959;-0.43105;-0.28874;0.043363;-0.15691;-0.2731;-0.18581;-0.10227;0.034142;-0.073347;0.10958;0.076332
5.2691;-0.012693;-0.20007;-0.60039;-0.29098;-0.44286;-0.48108;-0.089074;-0.17684;-0.072588;0.070659;0.10812;0.11077
5.6548;-0.096711;-0.0011422;-0.68714;-0.39705;-0.41639;-0.51933;-0.03477;-0.3092;-0.10981;0.088922;0.006165;0.16084
5.7581;-0.1128;0.081844;-0.73068;-0.44653;-0.3664;-0.42165;-0.013919;-0.36723;-0.17837;0.083362;0.022635;0.16902
5.8296;-0.11829;0.054485;-0.84204;-0.46035;-0.24686;-0.43407;-0.070547;-0.34915;-0.11466;-0.034515;0.024721;0.20426
5.9761;-0.15887;0.012151;-0.80014;-0.51477;-0.16879;-0.4562;-0.054231;-0.2915;-0.18761;-0.0099359;0.0065787;0.23629
6.0862;-0.18402;0.029798;-0.85714;-0.54046;-0.056342;-0.46926;-0.080859;-0.27173;-0.20701;0.024021;-0.028331;0.21065
6.1581;-0.20903;-0.025588;-0.84629;-0.64978;-0.025163;-0.41959;-0.072411;-0.30966;-0.21877;0.02364;-0.0061895;0.18329
6.29;-0.2462;-0.11604;-0.86471;-0.60845;-0.0038333;-0.41953;-0.085417;-0.23895;-0.19708;-0.046804;0.011447;0.18146
6.3857;-0.31764;-0.13656;-0.89666;-0.67618;0.019212;-0.33149;-0.10722;-0.24352;-0.16215;-0.064511;0.014585;0.12654
6.5124;-0.38104;-0.17116;-0.85206;-0.66745;0.052456;-0.30121;-0.12059;-0.14277;-0.1522;-0.11062;0.035435;0.089916
6.5657;-0.43831;-0.20964;-0.831;-0.67327;0.044793;-0.29347;-0.11692;-0.066039;-0.17737;-0.11375;0.04335;0.089536
6.5897;-0.39022;-0.30929;-0.72992;-0.61178;0.085832;-0.265;-0.12531;-0.0094498;-0.15078;-0.11225;-0.010747;0.047182
6.5263;-0.37602;-0.38374;-0.65301;-0.68256;0.049013;-0.26449;-0.14011;0.025197;-0.21204;-0.12295;0.063797;0.037145
6.4337;-0.32605;-0.42702;-0.59897;-0.69556;0.04591;-0.28064;-0.19531;0.033321;-0.21927;-0.14515;0.10107;0.080922
6.2607;-0.34053;-0.288;-0.62583;-0.63328;-0.085557;-0.21523;-0.28228;-0.061254;-0.15913;-0.1722;0.17585;0.15782
5.8006;-0.41303;-0.093081;-0.58556;-0.66111;-0.22634;-0.30889;-0.35887;-0.16345;-0.10111;-0.072249;0.19027;0.13294
5.5259;-0.44061;-0.061319;-0.62095;-0.14773;-0.18646;-0.31458;-0.33584;-0.12592;-0.016661;-0.016879;0.13938;0.034618
5.1317;-0.55878;-0.096764;-0.3783;-0.0029414;0.034767;-0.12615;-0.26084;-0.0037437;0.056813;0.025025;-0.026135;-0.089091
5.2339;-0.63226;-0.18725;-0.43234;-0.0029673;0.18199;-0.049866;-0.076996;0.1812;-0.18742;-0.034456;-0.094964;-0.19535
5.227;-0.56659;-0.20279;-0.30693;0.14937;0.16922;-0.1916;-0.15713;0.10323;-0.054921;-0.0049784;-0.021407;-0.14003
5.1509;-0.56925;-0.15994;-0.31992;0.097577;0.040523;-0.31493;-0.0071429;0.06094;-0.059748;-0.058742;-0.028999;-0.015723
5.0621;-0.59855;-0.2951;-0.40914;0.23531;0.055513;-0.13521;-0.050882;-0.0061845;-0.087941;-0.092765;-0.04124;-0.0016468
5.1583;-0.5941;-0.21561;-0.46652;0.10605;0.12585;-0.19112;-0.074646;0.019422;-0.066043;0.014873;0.039726;-0.031683
5.2143;-0.70607;-0.044979;-0.30172;0.10612;0.093512;-0.21293;0.021645;-0.0067161;-0.060797;-0.14135;-0.032463;0.063073
5.2198;-0.72568;-0.11772;-0.40034;-0.026829;-0.033176;-0.26961;-0.13288;-0.11748;-0.045912;-0.032215;0.055249;0.070008
5.142;-0.64881;-0.1231;-0.36833;0.17662;0.1836;-0.18928;-0.21027;-0.15156;0.12871;0.066443;0.06389;-0.03779
5.0792;-0.53749;-0.29496;-0.36816;0.097499;0.064778;-0.051237;-0.16456;-0.30293;-0.0475;-0.089619;-0.016458;0.10603
5.2948;-0.24972;-0.35401;-0.55432;-0.30792;-0.37039;-0.44335;-0.098063;-0.058489;0.12688;0.010506;0.067494;0.16183
5.934;-0.31986;-0.081689;-0.65506;-0.53492;-0.20824;-0.38182;-0.077995;-0.1972;-0.057451;0.07505;0.12431;0.18537
5.9853;-0.38149;-0.040727;-0.63896;-0.6366;-0.15399;-0.43328;-0.13951;-0.20406;-0.14317;0.027341;0.14634;0.24609
5.9995;-0.36175;-0.0024406;-0.60987;-0.651;-0.15361;-0.44059;-0.18614;-0.20475;-0.098481;0.019713;0.11702;0.17977
5.9944;-0.32505;-0.12104;-0.53755;-0.6374;-0.26564;-0.48954;-0.15126;-0.1886;-0.14455;0.0091438;0.13907;0.1612
5.9131;-0.2768;-0.054557;-0.58559;-0.67247;-0.32372;-0.33952;-0.21833;-0.25702;-0.09723;-0.0061292;0.11809;0.20883
5.9051;-0.22371;-0.067486;-0.59345;-0.66748;-0.23553;-0.34477;-0.2896;-0.24816;-0.041442;-0.014279;0.049141;0.20571
5.8929;-0.18683;-0.078785;-0.65642;-0.57486;-0.18386;-0.47169;-0.23141;-0.22239;-0.070083;0.00090523;0.0037475;0.18653
5.8245;-0.20501;0.046689;-0.60121;-0.72335;-0.14876;-0.34736;-0.18538;-0.24848;-0.16074;0.03673;0.0035183;0.16022
5.5998;-0.25226;-0.079176;-0.5521;-0.56277;-0.095335;-0.54139;-0.19016;-0.046533;-0.22623;-0.077535;0.026961;0.15359
5.4772;-0.52166;-0.098483;-0.37178;-0.27491;-0.076396;-0.40445;-0.32365;-0.055762;0.016851;-0.0856;-0.02432;0.16957
5.39;-0.62616;0.017216;-0.33089;-0.2242;-0.10689;-0.35642;-0.25509;-0.078099;0.036502;0.0070276;0.098078;0.095136
5.3431;-0.64617;0.1088;-0.25079;-0.27713;0.011068;-0.24338;-0.20878;0.026832;-0.032036;0.011485;0.10971;0.060558
5.3655;-0.59199;0.095163;-0.28398;-0.12261;0.081434;-0.29851;-0.22893;-0.038272;0.060651;0.13634;-0.00045954;0.0069631
5.2392;-0.72207;-0.021369;-0.30976;-0.019802;0.24944;-0.22134;-0.30231;0.019036;-0.0040188;0.10767;0.093483;-0.030741
5.2597;-0.7055;-0.041618;-0.33396;0.042455;0.30385;-0.035893;-0.21744;-0.082111;-0.047765;0.054192;0.091492;-0.047777
5.1821;-0.76496;0.020944;-0.36483;0.060781;0.2737;-0.20107;-0.12481;-0.074698;0.032613;0.15368;0.0048231;-0.069744
5.1397;-0.77543;-0.0042536;-0.34295;0.014303;0.12487;-0.17284;-0.10617;-0.15697;-0.080113;-0.051134;0.073482;0.062012
5.2236;-0.77043;0.0079857;-0.29468;0.027378;0.12825;-0.20288;-0.28615;-0.083166;-0.023129;-0.055567;0.069205;-0.016459
5.2144;-0.74042;-0.058045;-0.21206;0.0092623;0.25824;-0.10852;-0.15615;-0.072128;-0.25563;-0.087372;0.14932;0.064986
5.316;-0.68345;-0.0057028;-0.29216;0.025965;0.21873;-0.15906;-0.00041927;-0.081516;-0.14532;-0.045784;0.012739;0.0083708
5.2205;-0.63977;-0.1561;-0.25306;-0.097789;0.2061;-0.13379;-0.1733;0.035025;-0.019821;-0.1428;0.024335;-0.019459
5.1444;-0.56233;-0.20446;-0.28226;0.0044085;0.10777;-0.18365;-0.11039;-0.15638;-0.065171;-0.014521;-0.0091576;0.018643
5.6569;-0.30096;-0.31801;-0.43714;-0.77923;-0.14941;-0.33215;-0.15614;-0.088049;-0.10721;0.033709;0.16021;0.1104
6.1591;-0.35177;-0.36578;-0.45555;-0.90084;0.019216;-0.25722;-0.21738;-0.14026;-0.23955;-0.079501;0.12937;0.20218
6.3426;-0.33272;-0.43637;-0.45418;-0.8745;0.035165;-0.23074;-0.23396;-0.096732;-0.21591;-0.13698;0.11957;0.22622
6.4551;-0.30895;-0.49435;-0.43078;-0.88386;0.076134;-0.12202;-0.27392;-0.072093;-0.10652;-0.1978;0.049971;0.24354
6.485;-0.30239;-0.58123;-0.42223;-0.89733;0.025984;-0.088737;-0.29201;-0.061179;-0.051932;-0.18725;0.0038759;0.21724
6.5439;-0.30489;-0.60341;-0.40051;-0.88896;0.043661;-0.11728;-0.3192;-0.069056;-0.003295;-0.17232;-0.038777;0.19229
6.5279;-0.2857;-0.59709;-0.42114;-0.88382;0.035435;-0.11641;-0.32677;-0.07539;-0.0040894;-0.15536;-0.036452;0.15851
6.4985;-0.2898;-0.56174;-0.47227;-0.88273;0.05262;-0.15359;-0.32684;-0.077677;-0.015274;-0.136;-0.036178;0.12839
6.5133;-0.2813;-0.50532;-0.50694;-0.8419;0.099703;-0.18802;-0.305;-0.017593;-0.058305;-0.14269;-0.012433;0.085567
6.4878;-0.30098;-0.46588;-0.56989;-0.87361;0.089485;-0.20211;-0.28639;-0.00063446;-0.095907;-0.13005;0.0086339;0.057436
6.4465;-0.27495;-0.37722;-0.60598;-0.853;0.083673;-0.16437;-0.23784;0.0098569;-0.13239;-0.12913;0.017079;0.041393
6.3241;-0.2261;-0.31992;-0.69278;-0.82157;-0.010467;-0.1474;-0.18391;-0.061909;-0.16335;-0.12098;0.056395;0.065785
6.2227;-0.21737;-0.24796;-0.75808;-0.71201;-0.076031;-0.24018;-0.14978;-0.12086;-0.18053;-0.14694;0.12778;0.11778
6.0082;-0.18206;-0.17042;-0.63194;-0.63902;-0.14199;-0.30595;-0.11239;-0.1575;-0.21618;-0.1289;0.1288;0.15818
5.4868;-0.020387;-0.19909;-0.53224;-0.61323;-0.12511;-0.28328;-0.18474;-0.16692;-0.2002;-0.112;0.060341;0.1076
5.2192;0.065683;-0.21652;-0.33524;-0.49803;-0.030526;-0.31366;-0.28121;-0.14309;-0.059334;-0.013835;-0.0075238;0.14547
5.0919;0.012403;-0.28796;-0.35001;-0.32192;-0.22089;-0.36741;-0.23657;-0.076026;-0.034828;-0.021972;0.048195;0.12462
4.89;-0.11537;-0.36648;-0.23365;-0.27077;-0.14263;-0.17109;-0.11716;-0.024193;-0.10303;-0.020937;0.0046712;0.11919
4.7479;-0.18415;-0.44553;-0.069516;-0.15724;-0.052349;0.095747;-0.030259;0.018714;0.0098669;-0.095243;-0.15709;0.033696
4.7135;-0.22116;-0.46921;-0.13677;-0.035184;-0.049691;-0.10231;-0.0095346;-0.021602;-0.083085;-0.048392;-0.10061;0.013076
4.7652;-0.22156;-0.26835;-0.16445;0.04349;0.064234;-0.11275;-0.00039892;-0.05726;-0.13585;-0.040076;-0.093279;0.037134
4.7881;-0.32681;-0.24098;-0.2567;0.10814;0.088903;-0.17303;-0.070885;0.0070984;-0.083214;0.042094;0.010022;-0.062883
4.999;-0.46979;-0.054927;-0.31167;0.11842;0.090152;-0.19863;0.048477;-0.12876;-0.12018;0.026935;0.03491;0.0049206
4.841;-0.54759;-0.20345;-0.33227;0.14805;0.10248;-0.18261;-0.042417;-0.20972;-0.029398;-0.013245;-0.041342;0.076778
4.8503;-0.45569;-0.24072;-0.18251;0.07332;0.13526;-0.14223;-0.06686;-0.075374;-0.11642;0.015512;0.051945;0.021073
5.0482;-0.32149;-0.10888;-0.27191;-0.32038;0.037405;-0.27826;-0.16747;0.057615;0.014846;0.12174;0.11262;0.059025
5.6629;-0.15662;-0.39415;-0.47399;-0.72143;-0.063186;-0.2598;-0.27904;-0.14245;-0.10573;-0.065031;0.1758;0.13944
5.7281;-0.053926;-0.31376;-0.4759;-0.75519;-0.10281;-0.14623;-0.29855;-0.13949;-0.1297;-0.15941;0.15483;0.10413
5.5063;0.0052665;-0.28497;-0.54863;-0.66815;-0.21252;-0.21962;-0.24044;-0.13586;-0.17775;-0.17742;0.18734;0.083513
5.3098;-0.053465;-0.34126;-0.28822;-0.46507;-0.2008;-0.18171;-0.27541;0.053164;-0.11207;-0.2082;0.064341;0.18307
5.0723;-0.23302;-0.26956;-0.20429;-0.29798;0.10161;-0.10208;-0.29438;-0.034855;-0.045707;-0.065091;0.057297;0.083676
4.9235;-0.43911;-0.23857;0.094711;-0.18203;0.023447;0.0054642;-0.30598;0.10147;0.061315;-0.17236;-0.01785;-0.0096679
5.0725;-0.48143;-0.26962;0.14887;-0.29701;0.090878;0.049864;-0.27525;0.19842;-0.015889;-0.23703;-0.050855;0.067275
5.1189;-0.41703;-0.22201;0.047496;-0.17771;0.23714;0.032875;-0.3357;0.080369;-0.079369;-0.14794;0.081359;0.096727
5.0743;-0.44814;-0.20867;0.29239;-0.076698;0.33951;-0.17368;-0.41157;-0.00716;-0.012311;-0.023481;0.07408;0.065604
4.9151;-0.47753;-0.28962;0.068318;-0.14341;0.21568;-0.11864;-0.3111;-0.048954;-0.059109;-0.043168;0.051397;0.0093444
4.8292;-0.37245;-0.34674;-0.1422;-0.084774;0.19154;-0.1683;-0.19203;-0.11967;-0.031498;-0.017137;0.057808;0.072977
4.9789;-0.044921;-0.26799;-0.30117;-0.18358;-0.1223;-0.41501;-0.25306;-0.13785;0.077554;0.17671;0.020373;0.054387
5.6555;-0.0040761;-0.26596;-0.32955;-0.64441;-0.35144;-0.42073;-0.088682;-0.22114;-0.11217;0.053936;0.088683;0.084899
5.9313;-0.085565;-0.26838;-0.37474;-0.65598;-0.25688;-0.44574;-0.087278;-0.29648;-0.15004;0.0094649;0.014279;0.13537
5.9627;-0.15454;-0.25785;-0.37103;-0.69798;-0.23499;-0.37034;-0.10561;-0.3433;-0.087407;-0.016605;-0.072415;0.16411
6.0121;-0.19433;-0.29289;-0.3417;-0.63118;-0.19522;-0.40339;-0.093843;-0.33313;-0.085402;0.023166;-0.093246;0.13723
6.0007;-0.22027;-0.30273;-0.33796;-0.64826;-0.1665;-0.3926;-0.11477;-0.30224;-0.06853;-0.0058544;-0.10834;0.15033
6.0032;-0.23974;-0.32648;-0.31533;-0.60992;-0.14567;-0.37029;-0.12188;-0.23687;-0.048621;-0.073867;-0.095813;0.15992
6.1866;-0.32781;-0.38518;-0.32401;-0.59278;-0.20574;-0.33484;-0.11291;-0.30232;-0.14751;0.050989;-0.049381;0.037002
6.3835;-0.44977;-0.37695;-0.44245;-0.34256;-0.026802;-0.43428;-0.1175;-0.19225;-0.16996;0.1002;0.012162;0.0023709
6.4183;-0.50183;-0.44264;-0.4861;-0.22995;-0.020705;-0.42279;-0.19448;-0.17582;-0.14997;0.092691;0.10958;0.0089212
6.4709;-0.54471;-0.4957;-0.44081;-0.25459;0.0074953;-0.45008;-0.29624;-0.079906;-0.17448;0.033509;0.1906;-0.006971
6.5467;-0.58505;-0.49821;-0.39481;-0.23222;0.064498;-0.44225;-0.31826;-0.020043;-0.16356;0.0087865;0.20724;0.0015711
6.5871;-0.63142;-0.52257;-0.41123;-0.24392;0.059092;-0.42865;-0.33881;-0.041867;-0.15271;-0.00011637;0.22672;0.026273
6.6059;-0.62442;-0.52187;-0.37432;-0.21612;0.10741;-0.38675;-0.30931;-0.022436;-0.15368;0.0020005;0.21697;0.0065984
6.5695;-0.58954;-0.55946;-0.42793;-0.29518;0.10522;-0.40622;-0.36156;-0.084111;-0.1921;0.030885;0.26315;0.049053
6.5;-0.49731;-0.57246;-0.49857;-0.36068;0.15947;-0.4098;-0.3855;-0.18969;-0.20385;0.13163;0.26863;0.022571
6.4115;-0.40457;-0.52885;-0.63399;-0.32115;0.1085;-0.41584;-0.43419;-0.28393;-0.12628;0.16004;0.21818;0.0039379
6.3209;-0.40995;-0.25748;-0.64329;-0.38418;0.086124;-0.42073;-0.49253;-0.20469;-0.038553;0.049692;0.16257;0.064298
5.8544;-0.27618;-0.069502;-0.63241;-0.27372;-0.26966;-0.56846;-0.19073;-0.20023;-0.097058;-0.02317;0.11304;0.077184
5.6157;-0.29232;-0.099231;-0.54052;-0.19312;-0.30941;-0.57168;-0.2185;-0.24706;-0.021133;0.027786;0.088993;0.076268
5.3887;-0.40229;-0.17177;-0.46451;-0.030387;-0.13553;-0.51528;-0.20282;-0.22388;-0.025586;0.038619;0.19468;0.11825
5.1355;-0.59122;-0.23597;-0.50211;0.071206;0.067604;-0.27234;-0.1753;-0.29676;-0.060726;0.026683;0.079669;0.050287
5.0802;-0.43582;-0.18989;-0.36592;0.30224;-0.0065902;-0.089841;-0.10894;-0.28775;0.1513;0.024831;0.033686;0.051875
4.9348;-0.35549;-0.27682;-0.25265;0.2168;-0.019735;-0.077416;-0.17148;-0.27563;0.11656;-0.062118;0.037503;0.035624
4.8043;-0.26789;-0.34819;-0.073888;0.18184;-0.027245;-0.070393;-0.13083;-0.16285;0.10847;-0.027171;-0.044312;-0.0045264
4.7599;-0.24529;-0.44722;-0.1031;0.17861;0.038644;-0.14227;-0.27628;-0.16072;0.036739;0.11257;-0.0098432;0.032685
4.7426;-0.18431;-0.4983;-0.084374;0.11517;0.028444;-0.16673;-0.32682;-0.19335;0.013027;0.10057;0.060419;0.027294
4.7272;-0.21187;-0.46164;0.10598;0.19613;-0.015734;-0.10697;-0.21511;-0.089279;-0.036372;-0.00052098;-0.032241;-0.038548
4.9517;-0.22494;-0.42771;-0.17921;0.24932;0.012143;-0.0052312;-0.25644;-0.17307;0.026127;-0.018374;-0.011689;-0.052353
5.0965;-0.41587;-0.22893;-0.30425;0.38985;0.049066;-0.018899;-0.13662;-0.22444;0.068354;-0.0015587;0.03192;-0.06082
5.1238;-0.53654;-0.13107;-0.43521;0.35371;0.096225;-0.042817;-0.04461;-0.36859;0.082397;-0.01017;-0.026255;0.031232
5.1455;-0.49898;-0.085766;-0.27087;0.25939;0.17029;-0.18082;-0.0012597;-0.23301;-0.0032874;0.0024312;-0.053735;-0.010356
5.362;-0.55904;-0.068951;-0.22554;-0.21793;0.095563;-0.4003;-0.1293;-0.055083;0.078616;0.10278;0.016595;0.046575
5.7834;-0.22835;-0.26567;-0.50106;-0.66109;-0.013676;-0.23488;-0.085754;-0.13249;-0.13072;-0.03052;0.043078;0.049342
5.9324;-0.15943;-0.34087;-0.49943;-0.70786;0.028432;-0.24285;-0.2314;-0.04995;-0.115;-0.14823;0.045221;0.046374
5.6178;-0.072279;-0.41451;-0.35575;-0.63046;-0.2092;-0.22607;-0.18073;-0.10872;-0.12794;-0.18296;0.090539;0.13122
5.3065;-0.17633;-0.37681;-0.039126;-0.41621;-0.18018;-0.095613;-0.23328;-0.090136;0.040965;-0.10914;-0.069294;0.15393
5.0725;-0.34943;-0.52881;-0.073849;-0.29861;-0.026151;-0.05414;-0.25637;-0.1606;0.013223;0.028916;-0.027759;0.13918
5.0343;-0.43126;-0.54712;0.091769;-0.21835;-0.016541;-0.080888;-0.24166;-0.22937;0.052698;0.12161;-0.05751;0.026276
5.0963;-0.47375;-0.46077;0.093066;-0.04011;0.13877;-0.027299;-0.27605;-0.31001;0.013677;0.037801;-0.055049;-0.0031023
5.2958;-0.55213;-0.3985;0.075205;-0.15315;0.05843;-0.10476;-0.1164;-0.23886;-0.1167;6.1871e-05;-0.027695;0.019535
5.3143;-0.49693;-0.23103;0.1279;-0.15434;0.0081111;-0.13375;-0.12121;-0.14649;0.037615;0.018252;-0.10868;-0.0070206
5.2172;-0.43978;-0.3453;-0.021858;-0.099683;0.1356;-0.056632;-0.25322;-0.10007;-0.069504;-0.042115;0.027189;0.053143
5.1709;-0.43272;-0.3571;0.00030582;0.051194;0.070594;-0.050595;-0.23051;-0.1042;-0.0016449;-0.15887;0.084036;0.1125
5.0034;-0.40765;-0.44536;-0.072652;-0.19951;0.16746;-0.020328;-0.20567;-0.17405;-0.089291;-0.0078087;0.055296;0.1079
4.9439;-0.36251;-0.4784;-0.098387;-0.11158;0.072281;-0.04254;-0.23255;-0.39756;-0.0096032;0.065833;-0.030774;0.045334
4.9604;-0.21295;-0.51346;-0.14191;-0.21778;-0.24648;-0.12344;-0.20511;-0.10697;0.05006;0.024169;0.067092;0.16399
5.8894;-0.28752;-0.57162;-0.32744;-0.56264;-0.095497;-0.087469;-0.22772;-0.21914;-0.043429;-0.05309;0.077054;0.15138
5.4607;-0.25857;-0.44645;-0.24457;-0.52836;-0.19478;-0.16252;-0.33979;-0.24366;-0.031442;-0.13178;0.10089;0.11328
5.4633;-0.2783;-0.29797;-0.24996;-0.54243;-0.17019;-0.4004;-0.43525;-0.14788;0.0032664;-0.04755;0.14687;0.12345
5.9468;-0.29775;-0.5085;-0.34904;-0.5486;-0.25005;-0.27123;-0.32874;-0.2813;-0.025241;-0.070222;0.073883;0.19573
6.2796;-0.35624;-0.69774;-0.3829;-0.46892;-0.066473;-0.21205;-0.38968;-0.38781;0.070117;0.020194;0.082778;0.14473
6.3217;-0.35648;-0.71847;-0.36607;-0.31409;-0.011674;-0.2656;-0.4126;-0.40673;0.044597;0.076436;0.19303;0.11372
6.2982;-0.34132;-0.69533;-0.34326;-0.22012;-0.061603;-0.25544;-0.44331;-0.36895;0.0157;0.053585;0.26261;0.087483
6.2449;-0.29861;-0.70848;-0.29585;-0.24484;-0.060717;-0.25136;-0.42996;-0.3342;-0.012201;0.050885;0.25346;0.074335
6.1276;-0.22187;-0.76421;-0.19619;-0.29476;-0.064611;-0.28002;-0.41083;-0.29458;-0.055541;0.077911;0.20463;0.10292
6.0323;-0.17413;-0.79553;-0.13782;-0.35539;-0.092281;-0.34989;-0.3565;-0.30706;-0.062027;0.07845;0.18626;0.12047
5.9286;-0.12389;-0.71576;-0.1919;-0.37779;-0.12495;-0.33525;-0.32272;-0.39202;-0.067949;0.12958;0.15351;0.071074
5.8143;-0.10315;-0.5175;-0.24315;-0.33476;-0.26143;-0.37635;-0.19873;-0.36374;-0.1064;0.14111;0.099849;0.046039
5.727;-0.0429;-0.44099;-0.28836;-0.32854;-0.34474;-0.43415;-0.14763;-0.31302;-0.11948;0.096341;0.062175;-0.0062723
5.6794;-0.0010876;-0.42936;-0.29783;-0.3679;-0.34561;-0.4422;-0.20147;-0.31525;-0.067337;0.05819;0.095994;-0.025423
5.3849;0.075776;-0.3446;-0.30682;-0.39453;-0.34223;-0.46506;-0.2721;-0.18646;-0.076234;0.014686;0.075439;-0.00017339
5.1713;0.058639;-0.44853;-0.21122;-0.30826;-0.30041;-0.45718;-0.37034;-0.13935;0.016066;0.017504;0.1136;0.041694
5;-0.059154;-0.44641;-0.042813;-0.060141;-0.12618;-0.33032;-0.24627;-0.13881;0.075098;0.094403;0.081928;0.06834
4.9915;-0.038883;-0.48009;-0.1378;0.037099;0.16814;0.0017084;-0.22007;-0.23714;0.015338;-0.0049775;-0.047188;0.098177
4.9975;-0.068418;-0.42855;-0.16149;0.057037;0.067808;0.042493;-0.12217;-0.1152;-0.074085;-0.054076;-0.019301;-0.02022
5.1923;-0.11664;-0.56757;-0.20469;-0.065993;-0.032363;-0.062741;-0.079011;0.057977;0.020592;-0.15909;-0.082515;0.025938
5.2128;-0.20164;-0.50291;-0.16118;0.056467;0.077397;-0.16154;-0.10117;0.16449;-0.038752;-0.13544;-0.1088;-0.0099887
5.156;-0.26418;-0.57439;-0.23742;0.010409;0.2075;-0.072209;-0.17976;0.067698;-0.030959;-0.051059;0.027821;-0.018519
5.0992;-0.22519;-0.52102;-0.16251;0.13224;0.13138;-0.12343;-0.22924;-0.10637;-0.072672;-0.09591;0.050139;0.054442
4.9327;-0.25015;-0.4258;-0.077677;0.12542;0.19866;-0.041726;-0.24703;-0.13278;0.01328;-0.025815;-0.046954;0.071391
5.0036;-0.087181;-0.52984;0.0037029;0.090715;0.00051749;-0.15132;-0.38226;0.00094848;0.10364;0.014566;0.064917;0.07483
5.4354;0.0099899;-0.61806;-0.25107;-0.21329;-0.34247;-0.13495;-0.08093;-0.093103;0.088316;-0.12363;-0.0022966;0.12086
5.7837;-0.076805;-0.53844;-0.36615;-0.5461;-0.3699;0.08601;0.022813;-0.31897;0.071198;-0.13106;-0.08048;0.0077875
5.829;-0.074729;-0.63203;-0.3281;-0.61407;-0.37461;0.088599;-0.054204;-0.31687;0.084936;-0.11629;-0.15629;0.037764
5.8211;-0.062553;-0.6038;-0.28055;-0.56257;-0.4181;0.067132;-0.002064;-0.29213;0.056518;-0.15069;-0.11776;0.055736
5.7563;-0.030919;-0.55658;-0.21773;-0.53693;-0.45866;0.10067;-0.0024903;-0.25626;0.0077301;-0.16585;-0.062656;0.028843
5.4988;0.085052;-0.51509;-0.24631;-0.52587;-0.45536;0.068407;-0.06229;-0.26868;-0.049407;-0.12127;0.014488;0.003472
5.2912;0.058508;-0.46609;-0.29353;-0.39906;-0.4186;-0.070387;-0.12764;-0.25534;-0.032429;-0.1288;0.041097;0.073501
5.0323;-0.15574;-0.52484;-0.22373;-0.14984;-0.17329;-0.23003;-0.31703;-0.21505;0.033646;-0.10775;0.084426;0.092843
5.0258;-0.28141;-0.52072;-0.17148;-0.14883;0.035351;0.0014561;-0.12816;-0.011765;0.036407;-0.16968;-0.11674;-0.10808
4.9268;-0.20601;-0.53339;-0.077583;-0.033664;-0.029933;-0.075427;-0.20664;0.073462;-0.068693;-0.17819;-0.13899;-0.072481
4.9986;-0.19634;-0.63161;-0.19271;-0.13389;0.050006;-0.080306;-0.16188;0.062932;-0.13009;-0.11224;-0.02901;-0.057727
5.0017;-0.25343;-0.72317;-0.0048878;0.11312;-0.06167;-0.095259;-0.27266;-0.10242;0.056955;-0.21576;-0.088268;0.03251
5.1188;-0.13694;-0.69874;0.06397;0.1841;0.033729;-0.11753;-0.28599;-0.075144;0.063813;-0.080813;-0.043378;-0.027887
4.8055;-0.069195;-0.85338;-0.09316;0.14819;0.011549;0.026055;-0.14966;-0.095696;0.046304;-0.10542;-0.064346;-0.0079832
4.9136;-0.07868;-0.97047;-0.24091;-0.084415;-0.068615;-0.078352;-0.24077;-0.075892;-0.019368;-0.078601;-0.016639;0.002988
4.763;0.034831;-0.93283;-0.23249;-0.15172;-0.012069;0.01341;-0.104;0.025044;-0.025151;-0.075702;-0.044417;-0.011927
4.8186;-0.13772;-0.83337;-0.25628;0.052819;0.056936;0.02004;-0.18585;-0.17296;0.058981;-0.062319;-0.0257;-0.0014168
5.2422;-0.3879;-0.48376;-0.35136;-0.052629;0.18387;-0.29447;-0.11795;-0.16675;-0.15915;0.032092;-0.014575;-0.082556
5.2221;-0.39999;-0.49181;-0.38;-0.039084;0.071905;-0.27543;0.03531;-0.093405;-0.016466;-0.0033781;-0.021985;0.013211
5.1639;-0.46706;-0.45691;-0.46464;0.1172;0.06213;-0.18585;0.14303;-0.20504;-0.039225;-0.055867;-0.11759;0.051565
5.126;-0.55922;-0.44961;-0.54504;0.089475;0.13289;-0.14952;0.0096215;-0.31417;-0.040656;0.0448;0.00064478;0.079269
5.262;-0.52805;-0.5272;-0.42219;-0.2641;0.046406;-0.17882;-0.023656;-0.10726;0.011032;-0.1036;0.013398;0.13673
5.1691;-0.20998;-0.55029;-0.18723;-0.097702;-0.1232;-0.31741;-0.041725;-0.056769;-0.03368;-0.056677;0.15071;0.15743
5.7583;-0.23942;-0.35459;-0.57172;-0.57583;-0.12269;-0.37588;-0.044243;-0.13189;-0.086996;-0.10554;0.076707;0.13786
5.9702;-0.20815;-0.45404;-0.50557;-0.72905;-0.043936;-0.17144;-0.093076;-0.11134;-0.062785;-0.14934;0.056373;-0.015525
5.979;-0.19193;-0.63714;-0.37745;-0.71194;-0.06977;-0.13416;-0.14568;-0.074937;-0.0243;-0.14988;0.036829;-0.052233
5.8999;-0.15739;-0.71721;-0.21703;-0.60824;-0.12395;-0.014049;-0.2226;-0.14441;0.072542;-0.086389;-0.011061;-0.014763
5.7636;-0.096703;-0.78017;-0.19898;-0.54258;-0.24622;-0.046209;-0.184;-0.22508;0.055976;-0.11145;0.010653;-0.0041358
5.5556;0.00056774;-0.79813;-0.24525;-0.39513;-0.28764;-0.18309;-0.090758;-0.24784;-0.045371;-0.082445;0.12579;-0.034277
5.4312;0.11716;-0.86312;-0.22588;-0.29982;-0.29511;-0.23052;-0.024741;-0.15098;-0.11087;-0.068747;0.078848;-0.049621
5.2832;0.2079;-0.99691;-0.19012;-0.32399;-0.42167;-0.20056;-0.057398;-0.14568;-0.18393;-0.036227;0.09822;-0.025327
5.0675;0.26576;-0.92804;-0.31777;-0.28531;-0.38514;-0.17179;-0.17151;-0.16339;-0.061171;-0.080503;0.020877;-0.015059
4.9587;0.18819;-0.91656;-0.020739;-0.14483;-0.25714;-0.091171;-0.2041;-0.19107;-0.1233;0.016947;0.10805;-0.00050773
4.8019;0.15547;-0.84688;-0.0092641;-0.13902;-0.45405;-0.25651;-0.26946;-0.14555;-0.030797;-0.029085;0.014023;0.022862
4.8765;0.20245;-0.92734;-0.06715;-0.18919;-0.3794;-0.19536;-0.17814;-0.095422;-0.096713;-0.147;-0.024833;0.019438
4.7367;0.22635;-0.80686;0.049995;0.013085;-0.14203;-0.2182;-0.30262;-0.077849;-0.012249;-0.037997;0.048186;0.092976
4.788;0.15474;-0.84506;0.046945;-0.012393;-0.19343;-0.26925;-0.4109;-0.10041;0.01288;-0.0088039;0.06548;0.028084
4.7389;0.2445;-0.73189;-0.054531;0.049975;-0.19971;-0.21185;-0.45124;-0.22714;0.041806;0.14628;0.16656;0.00050147
4.7987;0.2205;-0.67288;0.016549;0.066917;-0.22265;-0.15505;-0.28401;-0.20266;0.00094598;0.12233;0.14693;0.021031
4.8001;0.060682;-0.61639;-0.069275;0.11755;-0.094105;-0.14686;-0.25396;-0.22899;-0.010712;0.066086;0.0096346;-0.021281
5.4329;-0.30854;-0.58651;-0.098005;0.028467;0.034055;-0.044785;0.024573;0.040686;0.055144;-0.12758;-0.11058;-0.069446
5.2845;-0.21531;-0.48009;-0.13444;-0.087975;-0.11147;-0.068818;0.050503;-0.012943;-0.079028;-0.15612;0.022069;-0.0023469
5.3884;0.10608;-0.72721;-0.3754;-0.21444;-0.20668;-0.22097;-0.14222;-0.14474;0.025705;-0.11331;-0.027806;0.068593
5.5776;0.22652;-0.94928;-0.45029;-0.13378;-0.19754;-0.21509;0.013526;-0.020631;0.049569;-0.18449;-0.032917;-0.0072999
5.6497;0.12001;-0.92787;-0.3795;-0.073207;-0.14686;-0.20294;-0.045293;-0.0023135;0.14937;-0.21688;-0.013113;-0.033055
5.6024;0.11578;-0.89931;-0.43278;-0.080158;-0.15504;-0.22719;-0.0026772;-0.06167;0.12039;-0.19609;-0.0063364;-0.031107
5.5596;0.093363;-0.90684;-0.53942;-0.097976;-0.19622;-0.28926;0.0086954;-0.15296;0.07714;-0.11435;0.022504;-0.013554
5.6899;0.052331;-0.91138;-0.55555;-0.087419;-0.23394;-0.22111;0.050251;-0.093429;0.12503;-0.15438;0.0069162;-0.035428
5.7483;0.069011;-0.85738;-0.52515;-0.071739;-0.2323;-0.1813;0.079779;-0.095352;0.11213;-0.17805;0.0053341;-0.039772
5.7468;0.089442;-0.89337;-0.50013;-0.079726;-0.26618;-0.12156;0.03272;-0.089483;0.10712;-0.18319;0.02631;-0.045904
5.754;0.086921;-0.82969;-0.56036;-0.13075;-0.27457;-0.14674;0.093245;-0.17114;0.084717;-0.16251;0.018504;-0.030395
5.8266;0.12775;-0.7613;-0.59586;-0.055941;-0.35265;-0.10254;0.16161;-0.12862;0.049581;-0.24007;0.031278;-0.0021051
5.8577;0.10534;-0.75886;-0.72489;-0.12027;-0.35261;-0.17634;0.16224;-0.15455;0.023691;-0.20968;0.013283;0.017898
5.9887;0.030073;-0.74432;-0.68759;-0.14306;-0.37666;-0.18414;0.13317;-0.1749;0.015286;-0.23723;0.029675;0.064489
5.9637;0.07713;-0.75119;-0.62305;-0.1448;-0.38783;-0.10602;0.092856;-0.19286;-0.0070182;-0.23818;0.046789;0.063489
5.9095;0.12593;-0.85335;-0.50483;-0.25196;-0.35667;-0.083933;0.011397;-0.17396;-0.050094;-0.2319;0.067084;0.085926
5.8887;0.11615;-0.82092;-0.51054;-0.16329;-0.38981;-0.1528;0.016908;-0.18943;-0.060584;-0.25882;0.10936;0.10458
5.6967;0.13635;-0.75063;-0.44116;-0.21861;-0.41463;-0.13797;-0.093091;-0.20309;-0.049349;-0.24576;0.15649;0.11487
5.2923;0.27838;-0.7948;-0.12277;-0.33589;-0.41643;-0.17733;-0.18701;-0.144;-0.086369;-0.091233;0.059367;0.13058
5.1716;0.2451;-0.68571;-0.046778;-0.19977;-0.37591;-0.22759;-0.32141;-0.14235;0.059731;-0.015286;0.054957;0.07658
5.0418;0.24321;-0.59177;-0.01207;-0.26172;-0.46176;-0.2402;-0.22829;-0.16325;0.046776;-0.0079651;0.14061;0.084833
5.0012;0.25305;-0.66437;0.02701;-0.42053;-0.37664;-0.16583;-0.37636;-0.2287;0.060447;0.10795;0.094617;0.013383
5.1005;0.147;-0.8129;0.03281;-0.43645;-0.46687;-0.26168;-0.37749;-0.16732;0.012889;0.051105;0.061837;0.086556
5.1597;0.21505;-0.75815;-0.14923;-0.38704;-0.48804;-0.30765;-0.27227;-0.096559;0.058138;-0.025001;0.15108;0.11187
5.4812;0.089512;-0.56821;-0.1744;-0.44986;-0.37399;-0.15287;-0.35064;-0.1013;0.066788;-0.14982;0.11845;0.17649
5.2613;0.15796;-0.59248;-0.11174;-0.41855;-0.3808;-0.082598;-0.30856;-0.23587;-0.037482;-0.062597;0.10358;0.061311
5.0173;0.23868;-0.70463;-0.13453;-0.32547;-0.43087;-0.24383;-0.42623;-0.24417;-0.00090845;0.00097131;0.090668;0.027473
4.9577;0.16405;-0.7071;-0.040162;-0.26989;-0.5073;-0.21251;-0.40663;-0.27647;-0.04846;0.081792;0.10714;0.015789
4.9836;0.16311;-0.78241;-0.068367;-0.2147;-0.42592;-0.29742;-0.49619;-0.24129;0.071108;0.053381;0.054246;0.022884
4.9509;0.092101;-0.77825;-0.062281;-0.40263;-0.47552;-0.2779;-0.48268;-0.21049;0.043147;0.013374;0.063521;0.06569
4.832;-0.01163;-0.78976;-0.15347;-0.27208;-0.26967;-0.097535;-0.48641;-0.29801;0.013058;0.024449;0.094729;0.091144
4.8559;-0.25329;-0.79442;-0.21242;-0.32112;-0.33423;-0.064169;-0.24712;-0.16848;0.023824;-0.03425;-0.012537;-0.0043764
5.1823;-0.379;-0.72683;-0.3642;-0.27432;-0.060664;-0.1125;-0.14098;-0.0044873;0.031231;0.087075;-0.0051737;-0.11461
5.0798;-0.25329;-0.77339;-0.30721;-0.36805;-0.229;-0.15431;-0.35382;-0.3079;0.00089824;0.073086;0.095509;0.11013
5.7527;-0.24708;-0.51773;-0.49681;-0.6957;-0.20189;-0.18932;-0.19921;-0.2775;-0.016142;-0.034068;0.087484;0.10469
6.0728;-0.28381;-0.65193;-0.4096;-0.65927;-0.13162;-0.12226;-0.19966;-0.20073;0.086024;-0.078596;-0.036625;0.048804
5.9277;-0.29167;-0.74706;-0.36677;-0.59495;-0.044375;-0.074459;-0.17665;-0.2504;0.097625;-0.019427;0.0064217;0.026121
5.8411;-0.25213;-0.76889;-0.24943;-0.62314;-0.10323;-0.015574;-0.1515;-0.30177;0.082747;0.005498;-0.056581;0.030262
5.711;-0.18125;-0.79732;-0.21649;-0.57754;-0.14766;-0.133;-0.13654;-0.23087;0.050644;0.003816;-0.037441;-0.016299
5.6793;-0.13752;-0.80199;-0.19888;-0.47707;-0.23492;-0.22106;0.0036732;-0.20056;-0.0049034;0.013452;-0.06041;-0.057142
5.6296;-0.073459;-0.87885;-0.18323;-0.50584;-0.2011;-0.20435;-0.080771;-0.18863;-0.0030813;-0.0056973;-0.055751;-0.056141
5.5598;-0.04373;-0.84857;-0.13959;-0.47641;-0.25695;-0.21929;-0.050459;-0.14962;-0.00069951;-0.029274;-0.090678;-0.10304
5.6028;-0.065111;-0.92097;-0.13674;-0.45282;-0.24826;-0.18847;-0.065554;-0.16007;0.057585;-0.041365;-0.10286;-0.069215
5.6346;-0.12292;-0.80896;-0.14084;-0.54849;-0.26831;-0.19546;-0.017417;-0.10217;0.07149;-0.073144;-0.1524;-0.064113
5.7552;-0.14424;-0.72847;-0.18126;-0.67974;-0.15133;-0.08837;-0.12312;-0.14423;0.10322;-0.060088;-0.14609;-0.032657
5.8372;-0.19727;-0.65171;-0.24466;-0.70816;-0.14167;-0.20127;-0.11272;0.025801;0.074103;-0.1576;-0.14191;-0.035011
5.8869;-0.27236;-0.54202;-0.35357;-0.74777;-0.064238;-0.27768;-0.081984;0.095261;0.027429;-0.15293;-0.094538;-0.033446
5.8833;-0.29785;-0.41877;-0.38619;-0.81469;-0.080258;-0.25136;-0.052874;0.07857;-0.013671;-0.14746;-0.10321;-0.032573
5.8807;-0.28835;-0.34077;-0.48574;-0.68325;-0.17626;-0.21624;0.036543;-0.056753;-0.084976;-0.056078;-0.092287;-0.10092
5.8258;-0.25341;-0.2929;-0.53937;-0.5709;-0.19189;-0.24939;0.09641;-0.18433;-0.12141;0.0099521;-0.099788;-0.067929
5.7909;-0.24748;-0.25593;-0.40754;-0.54992;-0.23022;-0.33773;0.17505;-0.21458;-0.18827;0.019496;-0.15048;0.01282
5.7805;-0.24815;-0.2751;-0.39321;-0.52266;-0.10076;-0.34618;0.0058382;-0.19376;-0.12512;0.025422;-0.12187;-0.024385
5.5676;-0.17923;-0.43007;-0.19914;-0.36318;0.023399;-0.1636;-0.095874;-0.20174;0.01457;0.045485;-0.11058;-0.018832
5.2451;-0.0041561;-0.55635;-0.067914;-0.20055;-0.16275;-0.066975;-0.049172;-0.27644;0.029475;0.090345;-0.016945;-0.0036172
5.1618;0.03996;-0.62088;0.13387;-0.32141;-0.21416;-0.053216;-0.10463;-0.28084;0.0029084;0.10667;0.061721;0.037596
4.9729;0.089437;-0.66897;0.11643;-0.1097;-0.15648;0.0013607;-0.093528;-0.1043;0.035052;0.047207;0.054091;0.038026
4.9501;0.04069;-0.70902;0.19429;-0.010438;-0.12193;-0.027478;0.00078069;-0.21031;-0.10044;0.015109;0.047014;0.016793
4.8793;0.0099807;-0.77637;0.10308;-0.0087448;0.0025565;0.17644;-0.18773;-0.13835;-0.046255;0.0034383;0.021493;0.031637
4.9755;0.036832;-0.73761;0.13017;0.012126;-0.0083042;0.12455;-0.14715;-0.13567;0.01148;0.052176;-0.048238;-0.090458
5.1837;-0.1423;-0.55951;0.1558;-0.13434;0.097561;0.097512;-0.046729;-0.18079;-0.023914;0.10807;-0.090872;-0.091099
5.4386;-0.25177;-0.42243;0.19496;-0.18686;0.062697;-0.070012;0.0084266;-0.047142;-0.13507;0.051539;-0.043333;-0.074202
5.2614;-0.12864;-0.52971;0.16965;-0.040257;-0.10609;-0.10251;0.15421;-0.071439;-0.047801;0.0036539;-0.135;-0.010367
4.9911;-0.16278;-0.64831;0.12923;0.14105;0.079476;-0.089154;-0.035235;-0.31106;-0.063188;0.11463;-0.0033654;0.044074
5.307;-0.12465;-0.33488;-0.2193;-0.19735;-0.1579;-0.22298;0.047292;-0.24801;0.094049;0.16753;-0.0412;0.073352
5.7458;-0.18861;-0.17428;-0.53584;-0.33318;-0.17279;-0.33331;0.12794;-0.32332;-0.10411;0.14075;-0.12466;0.058924
5.8391;-0.21109;-0.12309;-0.53969;-0.3408;-0.21868;-0.21644;0.18971;-0.30712;-0.10331;0.051442;-0.14805;0.10063
5.8214;-0.21659;-0.18161;-0.47725;-0.23955;-0.19086;-0.22704;0.19919;-0.30291;-0.091043;0.11281;-0.16718;0.022995
5.6975;-0.21002;-0.19932;-0.35373;-0.21217;-0.29472;-0.16034;0.16157;-0.28964;0.019383;0.028995;-0.19232;0.04116
5.4572;-0.17927;-0.20561;-0.28829;-0.025451;-0.14185;-0.14366;0.075592;-0.34088;0.037782;0.077208;-0.041014;0.059889
5.1721;-0.066455;-0.22811;-0.30753;0.096049;-0.22013;-0.086951;0.027009;-0.38836;0.00079772;0.10943;0.045156;0.05952
4.9845;0.046942;-0.50167;-0.10619;0.050759;-0.2128;0.072292;-0.13762;-0.22571;0.033261;0.034511;-0.02367;0.064809
5.0469;0.10001;-0.61612;-0.064448;0.058609;-0.10418;0.2075;-0.14455;-0.26923;-0.063078;-0.018604;0.053786;0.04579
4.9455;0.16835;-0.68429;0.023786;-0.060781;-0.099787;0.26433;-0.03878;-0.30768;-0.14491;0.060277;0.054608;-0.020758
4.8098;0.10302;-0.65824;0.0898;-0.017945;-0.065796;0.17298;-0.11873;-0.21122;-0.13821;-0.039737;0.049068;0.064571
4.7617;0.053281;-0.7021;0.24121;0.10687;-0.025637;0.15502;-0.18995;-0.17692;-0.055801;-0.019762;-0.036202;-0.049713
4.7902;0.058766;-0.6631;0.13951;0.05369;-0.1315;0.30398;-0.091831;-0.17237;-0.12226;0.036849;0.034394;-0.13119
4.7998;0.043379;-0.55931;0.03622;0.33833;-0.15152;0.17668;-0.15313;-0.23527;-0.13501;-0.0030098;0.073285;-0.069524
5.0226;-0.15612;-0.35131;-0.14967;0.36744;-0.11468;0.094467;0.096212;-0.4373;-0.11879;-0.0037612;0.0051579;-0.020806
5.1306;-0.28244;-0.33661;-0.21359;0.4126;-0.13271;0.097907;0.076087;-0.38978;-0.037835;-0.0062669;-0.067555;-0.016717
5.1806;-0.35986;-0.28742;-0.34427;0.41848;-0.15255;0.089496;0.16509;-0.3659;0.039287;-0.075807;-0.14495;-0.028619
5.2145;-0.37575;-0.1866;-0.45397;0.35776;-0.17689;0.1579;0.22929;-0.32176;-0.011845;0.0074208;-0.13813;-0.067748
5.1803;-0.42818;-0.10328;-0.36484;0.4144;-0.058059;0.075464;0.10686;-0.43139;-0.097698;0.073441;-0.011913;-0.052757
5.1753;-0.35197;-0.14439;-0.27867;0.34736;-0.07244;0.077072;0.1843;-0.5226;-0.1584;0.093742;0.034176;0.024485
5.2209;-0.2647;-0.14864;-0.35295;0.24714;-0.010011;0.053119;0.29075;-0.52645;-0.15455;0.072539;-0.072901;0.055699
5.1814;-0.23108;-0.23799;-0.35419;0.22231;0.1433;-0.048127;0.20075;-0.41178;-0.088075;0.048848;-0.13284;0.040778
5.2222;-0.34276;-0.1416;-0.25843;0.035688;0.20943;-0.11121;0.18496;-0.23285;-0.092232;0.025952;-0.10911;-0.088403
5.3429;-0.11279;-0.35783;-0.40107;-0.13751;0.04923;-0.26016;-0.050367;-0.15349;-0.017519;0.017156;-0.021325;0.049984
5.7845;-0.12725;-0.51637;-0.32741;-0.38391;0.17891;-0.12723;-0.28766;-0.066094;-0.084366;-0.021356;0.15782;-0.04989
5.8126;-0.16963;-0.58553;-0.35004;-0.26856;0.29376;-0.07552;-0.19371;-0.09592;-0.083602;-0.030971;0.12376;-0.00040304
5.9127;-0.26497;-0.67437;-0.16652;-0.41669;0.34565;-0.022742;-0.26201;0.0042314;-0.076288;-0.12759;0.074912;0.05316
6.0426;-0.31566;-0.61769;-0.11097;-0.52078;0.42116;-0.019249;-0.29405;0.10354;0.022758;-0.18418;0.018734;0.12216
6.0674;-0.35932;-0.69917;-0.1337;-0.55686;0.32603;-0.0079196;-0.23967;0.053472;-0.021356;-0.14431;0.040053;0.081875
6.0985;-0.34356;-0.69654;-0.096775;-0.4875;0.34197;-0.0016207;-0.23229;0.04319;-0.0083155;-0.13831;-0.018459;0.069107
6.0844;-0.31931;-0.6923;-0.10912;-0.50658;0.36464;0.086477;-0.21936;0.040876;-0.01105;-0.13271;-0.019186;0.069219
6.0369;-0.33734;-0.73173;-0.12608;-0.55935;0.33158;0.10228;-0.18066;0.050854;-0.011557;-0.11842;0.010679;0.06626
6.0447;-0.35804;-0.71447;-0.097484;-0.5661;0.32893;0.076458;-0.17387;0.055326;0.024719;-0.10383;-0.015015;0.061767
6.0066;-0.32057;-0.72108;-0.13199;-0.56035;0.32532;0.063353;-0.20251;0.034786;-0.0021845;-0.11997;-0.023746;0.072434
5.9312;-0.29954;-0.7236;-0.099064;-0.52713;0.28228;0.09467;-0.18413;0.036684;-0.024027;-0.097594;-0.023906;0.055468
5.8795;-0.24422;-0.70063;-0.14017;-0.52953;0.31249;0.15685;-0.18114;0.046679;0.0065821;-0.073697;-0.052644;0.089516
5.8423;-0.20308;-0.69344;-0.14543;-0.53406;0.31009;0.15942;-0.15607;-0.0076855;-0.037448;-0.068924;-0.03738;0.078435
5.8297;-0.20361;-0.73253;-0.13352;-0.53798;0.25337;0.19128;-0.082457;-0.042612;-0.066392;-0.031383;-0.0094334;0.051743
5.7669;-0.15973;-0.72519;-0.12968;-0.51609;0.3021;0.2122;-0.090204;-0.014903;-0.049463;-0.065978;-0.018774;0.074411
5.6897;-0.11741;-0.74987;-0.093134;-0.53451;0.24347;0.18718;-0.086004;-0.041647;-0.06297;-0.056802;0.018842;0.069885
5.5923;-0.091045;-0.73469;-0.053855;-0.55607;0.14499;0.14935;-0.083063;-0.090202;-0.09386;-0.045241;0.043272;0.064481
5.5412;-0.078176;-0.74779;0.0053432;-0.56225;0.12256;0.10617;-0.11146;-0.067418;-0.037274;-0.075367;-0.01197;0.083576
5.3583;0.024713;-0.75591;0.074117;-0.48223;-0.02397;-0.0040798;-0.061449;-0.062077;-0.08523;-0.021362;0.046188;-0.00016941
5.0822;0.15535;-0.68421;0.023323;-0.36112;-0.089913;-0.054225;-0.15163;-0.065702;-0.10014;-0.01595;0.043269;-0.0059535
4.9985;0.18593;-0.64898;0.14227;-0.28658;-0.26273;-0.11608;-0.16825;-0.15461;-0.087586;0.090771;0.01111;-0.03503
4.819;0.28378;-0.5501;0.038049;-0.3105;-0.21548;-0.089486;-0.25252;-0.19359;-0.11594;0.09875;0.025047;0.037671
4.7403;0.28627;-0.54859;0.0058838;-0.24291;-0.32852;-0.090321;-0.21695;-0.30709;-0.10647;0.12938;0.048522;0.027622
4.6343;0.28722;-0.50422;0.094501;-0.17665;-0.36876;-0.094218;-0.13803;-0.16685;-0.053834;0.10522;-0.008016;-0.081128
4.6248;0.21587;-0.61218;0.20334;-0.056491;-0.30187;0.03335;-0.048728;-0.19316;-0.10733;0.098228;0.060642;-0.038725
4.42;0.16213;-0.45855;0.11452;0.036056;-0.08502;-0.029972;-0.09688;-0.3275;-0.058884;0.15163;0.07128;0.046191
4.463;0.15962;-0.36814;-0.06941;-0.020733;-0.0044423;0.019777;-0.038486;-0.35466;-0.0966;0.081532;0.031871;0.081056
4.5462;0.05474;-0.38872;0.10743;0.04695;-0.14638;-0.056659;0.13209;-0.29132;-0.14797;0.064512;0.079959;-0.022265
4.6969;-0.059445;-0.30163;0.1941;0.073776;-0.22834;-0.032589;0.11466;-0.29227;0.096137;0.019215;-0.07086;-0.16708
4.608;-0.1226;-0.16611;0.12618;0.18745;-0.1582;-0.1885;0.108;-0.37517;0.08124;0.082615;-0.062052;-0.064727
4.5846;-0.080541;-0.2673;0.0010252;0.090258;-0.17098;-0.032376;0.2451;-0.34585;-0.01076;0.039851;0.0062109;-0.095662
4.4376;-0.056042;-0.1864;0.0071331;0.19053;-0.093772;-0.058539;0.090933;-0.42558;-0.036665;0.021253;0.10987;-0.029164
4.1748;-0.0088431;-0.12027;0.13396;0.18217;-0.09935;-0.062291;-0.099472;-0.37632;0.025644;0.076025;0.10187;-0.046982
4.2067;0.037676;-0.21605;0.27226;0.20442;-0.30962;0.028507;0.026009;-0.39323;-0.12722;0.10793;0.17515;-0.031455
4.2224;0.088386;-0.29485;0.36171;0.04662;-0.2749;0.051426;0.036853;-0.34023;-0.18488;0.171;0.12055;-0.088303
4.2357;0.13761;-0.41536;0.12306;0.061398;-0.070628;0.20223;0.024161;-0.44801;-0.24856;0.11171;0.12161;-0.013512
4.3247;0.097962;-0.54752;0.24663;0.087933;-0.16792;0.3013;0.014847;-0.47076;-0.30328;0.08215;0.17952;-0.020839
4.0683;0.063607;-0.32124;0.19879;0.097531;-0.17648;0.18274;-0.010685;-0.39028;-0.28871;0.17692;0.15818;-0.045397
4.0666;0.061404;-0.39944;0.29164;0.11003;-0.24305;0.26315;-0.0046149;-0.43165;-0.25771;0.13989;0.19407;-0.060141
4.1051;0.16332;-0.30042;0.28436;0.071814;-0.24874;0.15686;-0.022456;-0.38598;-0.25132;0.14926;0.13134;-0.021427
4.0188;0.21696;-0.23727;0.11323;0.082429;-0.086457;0.075246;0.010101;-0.35857;-0.23957;0.11026;0.098842;0.043302
4.046;0.16812;-0.36545;0.1683;0.058371;-0.18121;0.20833;-0.012046;-0.29469;-0.15993;0.027813;0.061647;-0.017865
4.0932;0.12702;-0.39307;0.28418;0.051384;-0.30551;0.19317;0.055386;-0.2776;-0.16863;0.025453;0.078392;-0.071829
4.091;0.085446;-0.3204;0.3077;-0.022663;-0.20565;0.15691;0.045968;-0.30442;-0.23014;0.12185;0.075746;-0.026902
4.1602;0.11994;-0.32532;0.27252;0.037351;-0.11632;0.15246;-0.066042;-0.40743;-0.2291;0.17559;0.11672;0.0050669
4.0472;0.086143;-0.27755;0.31986;0.11399;-0.23848;-0.014951;-0.061396;-0.20657;-0.11216;0.10108;-0.034735;-0.018029
3.8832;0.10757;-0.23441;0.12554;-0.067795;-0.22148;0.12141;0.086471;-0.076202;-0.15225;-0.030402;-0.16456;-0.013096
3.8965;0.090717;-0.2331;0.24978;-0.044108;-0.34868;0.18148;0.18667;-0.23986;-0.1695;-0.0093854;-0.016877;-0.05228
3.8278;0.098749;-0.11611;0.31384;0.058226;-0.28306;0.0067427;-0.047954;-0.29725;-0.086051;0.11878;0.054534;-0.056129
3.7332;0.12343;-0.095128;0.23944;0.12744;-0.15513;-0.080274;-0.16518;-0.17747;-0.072779;0.13525;0.040094;-0.082205
3.8132;0.10723;-0.093891;0.20562;0.099994;-0.22045;-0.015918;-0.094784;-0.11816;-0.14964;-0.042583;0.044735;0.11509
3.8051;0.053366;-0.15105;0.1973;0.06346;-0.16259;0.02224;-0.089882;-0.13589;-0.19329;-0.055972;0.054136;0.15998
3.7627;0.05478;-0.17672;0.23391;0.21466;-0.35802;-0.13135;0.063264;0.0038296;-0.24159;-0.16934;0.014981;0.24732
3.7195;0.10674;-0.18629;0.012001;0.1213;-0.1261;-0.040726;0.062012;-0.06802;-0.33985;-0.17602;0.14354;0.19125
3.6921;0.076585;-0.16226;0.15779;0.069527;-0.088054;-0.04189;-0.078523;-0.090536;-0.15759;-0.086074;0.020084;0.12081
3.7143;0.048614;-0.26478;0.13668;0.25114;-0.21946;-0.18285;0.050221;-0.01109;-0.20825;-0.11762;0.045335;0.11169
3.647;-0.049257;-0.34266;0.15313;0.20956;-0.13828;-0.079567;0.037962;-0.029279;-0.20735;-0.17861;0.047876;0.15099
3.7363;0.070759;-0.27268;0.087694;0.11751;-0.10398;-0.096154;-0.1123;-0.053766;-0.15573;-0.094174;-0.014074;0.11773
3.7048;0.04943;-0.28623;0.12839;0.133;-0.1828;-0.023225;-0.15007;-0.050333;-0.039764;-0.17319;-0.0096239;0.11979
3.5883;-0.066067;-0.20823;0.14942;0.0087399;-0.1463;-0.031996;-0.055267;-0.065278;-0.061393;-0.074529;-0.052184;0.12146
3.6429;0.031861;-0.20269;0.10475;-0.15441;-0.16836;0.19301;-0.098739;-0.22635;-0.034623;0.017039;-0.049453;-0.0044891
3.6613;0.076469;-0.15634;0.12028;0.10499;-0.1698;-0.16438;-0.084755;-0.027253;-0.044873;-0.036195;0.040177;0.10967
3.673;0.14081;-0.12573;0.10239;0.037787;-0.19891;-0.32753;-0.095034;0.067879;0.063826;-0.060009;-0.063057;0.078708
3.7838;0.11892;-0.23489;0.13775;0.0099625;-0.26411;-0.13839;-0.049851;-0.010415;-0.072068;-0.049678;0.07405;0.12721
3.7057;0.028449;-0.269;0.15324;0.12328;-0.40155;-0.31404;0.02792;0.14554;-0.049341;-0.07964;0.083421;0.11961
3.641;0.035466;-0.27573;0.00041634;0.040923;-0.36091;-0.29401;-0.012512;0.080768;-0.11973;0.028098;0.09754;0.074463
3.6373;0.088262;-0.16836;0.14357;0.020742;-0.34866;-0.13372;0.03098;-0.062744;-0.019046;0.015585;0.025433;0.038177
3.7562;0.059761;-0.24635;-0.0049533;0.098654;-0.066465;-0.096795;-0.15905;-0.14026;-0.049585;0.036772;-0.03523;0.038072
3.648;0.040938;-0.27396;-0.065045;0.11342;0.075527;-0.043849;-0.30287;-0.089982;-0.02438;-0.092793;0.031979;0.0095268
3.6242;0.031869;-0.21592;-0.033952;0.17525;-0.022253;-0.16996;-0.17961;-0.10469;0.0156;-0.019042;-0.062926;0.03924
3.6471;0.022033;-0.31239;0.036001;0.052555;-0.16826;-0.17403;-0.16225;-0.011392;0.092407;0.092691;-0.00080199;-0.030147
3.7311;0.064995;-0.20887;0.12907;0.069454;-0.20345;-0.17962;-0.11807;-0.030263;0.000614;-0.020158;0.069266;-0.011637
3.6978;0.05609;-0.18878;0.078674;0.014945;-0.028973;-0.02438;-0.17189;-0.17555;0.042135;0.035827;-0.084054;0.01492
3.615;0.0023337;-0.21244;0.11629;0.093056;0.0090333;-0.06783;-0.20238;-0.15807;0.028586;0.062076;-0.066004;-0.015199
3.5473;0.028981;-0.14391;0.13402;0.13587;-0.048157;-0.20547;-0.24262;-0.091232;-0.0031096;-0.011686;0.031169;-0.023103
3.6109;-0.024107;-0.19325;0.0026369;-0.01406;-0.16792;-0.05203;0.0056982;-0.12771;-0.041708;-0.077846;-0.015263;0.058219
3.5067;-0.024177;-0.27128;-0.053075;-0.096217;-0.20034;-0.13364;-0.023049;-0.10106;-0.028703;-0.027481;-0.028392;0.013891
3.6405;-0.040237;-0.35336;0.086027;0.13102;-0.027383;-0.061883;-0.21876;-0.099789;-0.023293;-0.0089074;-0.080773;-0.018603
3.5857;-0.01332;-0.27663;0.14385;0.016462;-0.12414;0.012177;-0.062444;-0.059506;-0.090029;-0.022249;-0.0085709;-0.0033509
3.7138;0.0089437;-0.2029;0.042256;0.095875;-0.014663;-0.086366;-0.095823;-0.21894;-0.059631;0.026738;0.088011;-0.014951
3.745;0.023663;-0.18079;0.015135;0.17745;-0.021007;-0.19349;-0.13127;-0.17416;0.018596;-0.045669;0.056791;0.049548
3.5515;-0.10194;-0.35151;0.013596;0.15614;-0.0015974;-0.17136;-0.26072;-0.055368;0.078773;-0.036607;0.15011;-0.012079
3.5335;-0.1213;-0.47904;-0.018931;0.17735;-0.12249;-0.082521;-0.16772;-0.15639;-0.025332;-0.010185;0.018749;0.080734
3.605;-0.071121;-0.29234;0.026314;0.095035;-0.064866;-0.17836;-0.037834;-0.0069016;-0.044771;-0.12114;-0.062214;0.044694
3.6224;0.0071053;-0.25622;0.050806;0.010931;-0.11281;-0.11402;-0.027782;-0.0086962;0.010356;-0.069455;-0.028289;-0.045996
3.6508;0.0064267;-0.27063;0.0993;0.019805;-0.09848;-0.10351;-0.098248;0.015572;0.022743;-0.039907;-0.052901;-0.045796
3.5392;-0.082505;-0.21568;0.12024;0.085654;-0.29078;-0.15118;-0.0034667;0.098337;0.037777;-0.045965;-0.053732;-0.11379
3.4048;-0.11183;-0.27224;-0.011083;-0.034928;-0.14854;-0.019748;-0.063734;-0.022161;-0.051143;0.036696;0.070977;-0.032004
3.4777;-0.1535;-0.33371;0.10566;0.18333;-0.28214;-0.19526;-0.097548;0.01457;0.018195;-0.011327;0.089717;0.023227
3.4397;-0.16158;-0.36131;0.097238;0.15189;-0.29083;-0.11922;0.094794;-0.0080994;-0.099267;-0.042665;0.026659;0.033552
3.6317;-0.19921;-0.40944;0.024607;0.14205;-0.17997;-0.075775;0.0089905;-0.018758;-0.21371;0.034554;0.070331;0.035193
3.7345;-0.18536;-0.36432;0.12675;0.081207;-0.17073;-0.015631;0.061931;-0.053179;-0.38859;-0.023142;0.047918;0.095836
3.53;-0.19921;-0.34269;0.15835;0.15497;-0.28255;-0.054491;0.046279;-0.014388;-0.20154;-0.034224;0.019906;0.050397
3.5534;-0.15061;-0.37344;0.16814;0.15358;-0.29515;-0.15369;0.096464;-0.066214;-0.11511;-0.058046;0.0093675;0.14154
3.5601;-0.13051;-0.37624;0.083574;0.21937;-0.15162;0.0089538;0.047683;-0.18191;-0.18668;-0.046444;0.030312;0.096947
3.437;-0.082209;-0.3153;0.089232;0.22381;-0.1595;-0.16143;0.033826;-0.10381;-0.12683;-0.10503;-0.0068743;0.064672
3.4455;-0.080085;-0.24292;0.091628;0.080125;-0.15654;-0.06321;0.085243;-0.22901;-0.21288;-0.038433;0.1171;0.06227
3.4502;-0.15498;-0.32547;-0.0023662;0.11511;-0.050756;-0.13223;0.042321;-0.091206;-0.10634;-0.0027878;0.017633;-0.0068011
3.484;-0.098358;-0.27951;0.1141;0.24982;-0.13263;-0.23848;-0.0017304;-0.11656;-0.0091944;0.044227;-0.048802;-0.062744
3.4451;-0.14416;-0.28512;0.18426;0.12485;-0.19958;-0.14939;-0.013147;-0.081268;-0.06633;0.020536;-0.0060794;-0.066499
3.4112;-0.18536;-0.31693;0.13607;0.020091;-0.13105;-0.096704;-0.043512;-0.14257;-0.0068461;0.12607;0.018069;0.064529
3.5476;-0.079294;-0.2822;0.087042;0.00034204;-0.067874;-0.028229;-0.033334;-0.21711;-0.045474;0.043311;-0.021723;0.095518
3.5334;-0.066545;-0.31154;0.036365;-0.055037;-0.097815;-0.0098114;-0.070447;-0.20216;-0.062997;0.12153;0.028058;-0.042961
3.439;-0.24626;-0.4689;0.10694;0.03849;0.0037695;-0.02262;-0.057519;-0.20484;-0.035248;0.23149;0.063627;0.008846
3.3593;-0.21988;-0.44552;0.042623;0.10802;-0.016392;-0.00054665;-0.11386;-0.21754;-0.097814;0.035904;0.050274;-0.016046
3.4572;-0.21734;-0.43502;0.019263;0.11097;0.032677;-0.020922;-0.035436;-0.15546;-0.1624;-0.0076836;0.011636;0.067363
3.488;-0.22025;-0.32503;0.018964;-0.060176;0.027595;-0.063519;0.066186;-0.068283;-0.17383;-0.062567;-0.037616;0.08056
3.5354;-0.11691;-0.24905;0.11725;-0.040097;-0.019099;-0.060599;0.011724;-0.12052;-0.21708;-0.048962;0.0031062;0.070952
3.3932;-0.06668;-0.30735;-0.081303;-0.038126;-0.0090994;-0.041059;0.047369;-0.13346;-0.21868;-0.016051;0.01509;0.023694
3.4153;-0.14114;-0.43463;-0.0545;-0.028123;-0.017847;-0.043804;0.039405;0.064203;-0.13395;-0.14871;0.0016911;-0.0085525
3.4388;-0.13119;-0.49846;-0.14537;-0.026092;-0.09017;-0.041827;0.071875;0.090538;-0.024104;-0.010108;-0.021364;-0.081246
3.4576;-0.10144;-0.32883;-0.096256;0.01961;-0.06225;-0.030156;-0.009059;-0.17557;-0.057539;-0.027706;0.043228;-0.01435
3.5619;-0.015995;-0.17339;-0.045487;0.011985;-0.059584;-0.12113;0.054637;-0.10139;-0.10337;-0.14281;0.073222;0.077074
3.5501;-0.0090736;-0.18553;-0.041797;-0.0191;0.019619;-0.043982;-0.044931;-0.19931;-0.096213;-0.029659;-0.006044;-0.044848
3.5265;-0.078791;-0.31646;0.011599;0.048272;-0.029739;-0.048415;-0.079039;-0.081321;0.035207;-0.12724;-0.087038;-0.016459
3.3403;-0.19287;-0.40276;-0.080576;0.0091178;-0.060886;-0.17261;-0.17681;-0.026608;0.093181;0.021679;-0.0025377;-0.043709
3.2557;-0.245;-0.50647;-0.12825;0.065275;-0.0033712;-0.15621;-0.14017;-0.15406;-0.056297;0.095539;0.020376;-0.03809
3.3844;-0.14955;-0.30923;-0.097683;0.041319;-0.062974;-0.027735;-0.04305;0.0027111;-0.054617;-0.028359;-0.027925;0.04267
3.4035;-0.15774;-0.27359;-0.052551;-0.036615;0.01278;-0.097074;-0.18955;-0.068974;-0.15812;-0.04918;-0.032445;0.00019588
3.3323;-0.17531;-0.35771;-0.017295;0.11095;0.11948;-0.094947;-0.15752;-0.066194;-0.085116;0.11886;-0.021953;-0.081802
3.2301;-0.15464;-0.34129;-0.082875;0.11993;0.081284;-0.089686;-0.21715;-0.19121;0.0271;0.066165;-0.023083;-0.01671
3.3434;-0.11475;-0.43253;-0.013029;0.26993;0.055653;-0.12254;-0.24089;-0.18208;-0.010591;0.074254;-0.09284;-0.034973
