1.7895;-0.50869;-0.20531;-0.2596;-0.19536;-0.1934;-0.14409;-0.1048;-0.065272;-0.0202;0.016591;0.043717;0.025265
2.5323;-0.070615;-0.049962;-0.41124;-0.39232;-0.21416;-0.13536;-0.1842;-0.099805;-0.1255;-0.087727;0.078524;0.058461
3.6547;-0.030782;-0.054874;-0.57131;-0.42954;-0.10386;-0.047565;-0.25194;-0.05289;-0.15885;-0.20674;0.076855;0.05193
3.0295;0.0037966;-0.077266;-0.54189;-0.43381;-0.13385;-0.10097;-0.22668;-0.08763;-0.21695;-0.13785;0.089257;0.050493
1.8805;-0.46044;-0.20852;-0.32164;-0.26508;-0.19761;-0.11514;-0.099288;-0.080894;-0.083029;-0.04902;0.049308;0.067104
1.7749;-0.52769;-0.22213;-0.27287;-0.19595;-0.18013;-0.12476;-0.096748;-0.064446;-0.035458;-0.00324;0.030796;0.03257
1.7523;-0.54564;-0.24397;-0.28927;-0.18444;-0.16114;-0.10883;-0.080189;-0.048877;-0.019215;-0.0029226;0.024165;0.014653
1.7428;-0.54558;-0.23428;-0.2709;-0.17831;-0.15607;-0.1112;-0.080059;-0.051416;-0.021487;-0.010249;0.01246;0.019677
1.7499;-0.54531;-0.24875;-0.27707;-0.18342;-0.15514;-0.10498;-0.085106;-0.048004;-0.023832;-0.019912;0.0087216;0.019647
1.7435;-0.54843;-0.23988;-0.27412;-0.1785;-0.15412;-0.10718;-0.078149;-0.049692;-0.020029;-0.0028031;0.015238;0.017294
1.7389;-0.54834;-0.24564;-0.28221;-0.18996;-0.15896;-0.10122;-0.075607;-0.046863;-0.019657;-0.0095821;0.014918;0.018098
1.7514;-0.54639;-0.24256;-0.28882;-0.18914;-0.15848;-0.094241;-0.075203;-0.059507;-0.028668;-0.010032;0.016862;0.02159
1.762;-0.53736;-0.24091;-0.28721;-0.19278;-0.1513;-0.089902;-0.067972;-0.045401;-0.031609;-0.013275;0.014728;0.019879
1.7737;-0.52218;-0.19664;-0.2334;-0.14284;-0.13029;-0.089734;-0.053967;-0.028906;-0.013945;-0.0050837;0.020585;0.010809
1.7725;-0.52779;-0.22309;-0.26536;-0.1744;-0.16194;-0.091159;-0.051644;-0.048641;-0.026274;-0.011707;0.0019367;0.012225
1.8163;-0.50108;-0.21492;-0.26608;-0.16627;-0.13504;-0.046009;-0.010408;-0.026638;-0.02799;-0.027464;0.011559;0.021274
1.823;-0.50137;-0.21382;-0.26476;-0.15473;-0.13459;-0.044226;-0.027533;-0.037664;-0.013284;0.019798;0.035343;0.0051717
1.8537;-0.47624;-0.18195;-0.22279;-0.096913;-0.041736;-0.0018303;-0.041474;-0.072435;-0.033063;0.034659;0.05811;0.0068711
1.8702;-0.47907;-0.21888;-0.29768;-0.21201;-0.16441;-0.076645;-0.052422;-0.044578;-0.039795;0.0089695;0.049547;0.02493
1.9826;-0.39886;-0.12246;-0.22522;-0.14003;-0.032523;0.027077;0.010497;-0.053054;-0.074114;-0.0089454;0.034532;0.04347
2.0289;-0.38867;-0.18193;-0.30684;-0.22308;-0.12607;-0.091418;-0.11821;-0.1177;-0.075792;-0.01866;0.035503;0.06038
2.115;-0.35312;-0.099782;-0.2136;-0.18977;-0.079782;-0.0066204;-0.051556;-0.091713;-0.025715;0.054556;0.044151;0.045476
2.2005;-0.30066;-0.13068;-0.29994;-0.21302;-0.050643;0.060681;0.044287;-0.090941;-0.083299;-0.0022055;0.062463;0.091871
2.2307;-0.34895;-0.21853;-0.28868;-0.18467;-0.12843;0.018202;0.088814;-0.09315;-0.078572;0.052022;0.051185;0.0025132
2.26;-0.3416;-0.26842;-0.37666;-0.2003;0.038764;0.054644;-0.19301;-0.24533;-0.053479;0.085309;0.087807;0.031891
2.4235;-0.30263;-0.35276;-0.49676;-0.24042;0.11503;0.22249;0.040354;-0.15751;-0.0079378;0.080446;-0.025854;-0.045993
2.5594;-0.36182;-0.35294;-0.41183;-0.29749;0.10881;0.111;-0.14376;-0.21007;-0.20958;0.0068314;0.10225;0.015334
2.5954;-0.37893;-0.35107;-0.34105;-0.38043;-0.084435;0.039554;-0.080479;-0.079202;-0.14604;0.035301;0.026669;-0.080824
2.7643;-0.3028;-0.26408;-0.36065;-0.41929;-0.11448;0.043702;-0.14397;-0.1282;-0.19173;0.016811;-0.029435;-0.072615
2.8065;-0.30143;-0.33956;-0.38087;-0.44122;-0.18167;0.036999;-0.017877;-0.22427;-0.14297;0.013886;-0.094789;-0.0030709
2.9695;-0.24561;-0.24228;-0.38444;-0.35762;-0.094078;0.13431;-0.028585;-0.1954;-0.13107;0.06435;-0.091349;-0.13101
2.9831;-0.29983;-0.41009;-0.51072;-0.33324;-0.13943;0.197;0.048012;-0.26316;-0.21236;0.014056;-0.016564;-0.019826
3.0817;-0.29072;-0.32064;-0.39416;-0.32396;-0.14591;0.13787;-0.034846;-0.032311;-0.11219;0.039426;0.0086403;-0.13472
3.1952;-0.28783;-0.241;-0.29275;-0.34367;-0.14015;0.17141;-0.010899;-0.12435;-0.16288;-0.033764;-0.018455;-0.10837
3.1957;-0.35457;-0.27261;-0.17797;-0.094724;0.018365;0.13183;-0.065028;-0.12063;-0.25686;-0.004062;0.061685;-0.039524
3.3618;-0.26928;-0.32799;-0.27801;-0.19264;-0.081709;0.19261;-0.10783;-0.17308;-0.15155;0.0036167;0.039703;-0.068202
3.3948;-0.17668;-0.17929;-0.24847;-0.11658;0.0048964;0.21181;-0.025824;-0.047638;-0.13664;0.045518;0.060771;-0.094012
3.4937;-0.24565;-0.24009;-0.030949;-0.11257;-0.10006;0.10207;0.16384;-0.019665;-0.20133;0.039035;0.059945;-0.020247
3.5165;-0.30014;-0.27507;-0.059126;-0.17489;-0.062023;0.04774;0.057884;-0.098844;-0.11331;0.10273;0.11297;0.046996
3.5666;-0.3402;-0.3196;-0.20352;-0.13139;-0.05207;0.053192;-0.038949;-0.30137;-0.17597;0.083901;0.04817;0.010575
3.685;-0.28989;-0.29572;-0.13962;-0.14881;-0.21691;0.043128;0.084346;-0.1301;-0.07745;0.057627;0.0071053;-0.035144
3.9434;-0.26748;-0.19599;-0.053865;-0.047992;-0.14448;0.11099;0.23889;-0.060326;-0.26358;0.062792;0.024724;-0.04165
3.9187;-0.26172;-0.15459;-0.050623;-0.03711;-0.023048;0.11124;0.2233;-0.14678;-0.29598;0.017061;0.03998;-0.01036
3.9026;-0.32325;-0.12737;-0.15533;-0.090813;-0.04684;0.12365;0.1121;-0.021198;-0.20166;-0.17882;0.056349;-0.014697
3.9619;-0.40705;-0.20467;-0.12219;-0.057617;-0.040591;0.081093;0.19972;-0.15056;-0.2405;-0.021181;0.03158;-0.03015
3.9512;-0.4383;-0.16215;-0.13547;-0.0068635;-0.015789;0.077375;0.1192;-0.2262;-0.18804;-0.10389;0.012412;0.033453
4.0794;-0.35239;-0.27623;-0.11592;-0.062084;-0.045079;0.022479;-0.02116;-0.073604;-0.03639;-0.10263;-0.045091;0.034259
4.1029;-0.3932;-0.26886;-0.16319;-0.092663;-0.053044;0.14162;0.0021607;-0.17322;-0.093329;-0.024835;0.0060552;-0.034137
4.0436;-0.43224;-0.25063;-0.097044;-0.068464;-0.18521;0.022864;0.10196;-0.25406;-0.13757;0.057565;0.051404;0.005595
4.1259;-0.44219;-0.36096;-0.23915;-0.12327;-0.084863;0.13641;0.14442;-0.2603;-0.19633;0.092727;0.062778;-0.039926
4.2163;-0.4437;-0.38318;-0.32649;-0.27758;-0.069614;-0.032854;-0.11851;-0.2661;-0.30212;0.14398;0.14236;-0.070052
4.2907;-0.46406;-0.44105;-0.38934;-0.27354;-0.051468;0.14519;-0.01517;-0.23626;-0.10059;0.15571;0.044098;-0.009163
4.2091;-0.46301;-0.47038;-0.49163;-0.21354;-0.043506;0.15093;0.061986;-0.15585;-0.15808;0.069248;0.0073929;0.034502
4.2524;-0.38463;-0.39794;-0.34847;-0.27758;-0.21259;0.080082;0.11997;-0.13337;-0.15791;0.0030491;0.017902;0.062024
4.0586;-0.47048;-0.31732;-0.18884;-0.17754;-0.087246;0.21834;0.050112;-0.040157;-0.20551;-0.013886;0.10099;-0.016087
4.2038;-0.37663;-0.30753;-0.3179;-0.30143;-0.13283;-0.005156;-0.085908;-0.094747;-0.12354;0.018856;0.096399;0.051574
4.2628;-0.39071;-0.1206;-0.078394;-0.22316;-0.14226;-0.10727;-0.17919;-0.060006;-0.033052;0.092062;0.10233;0.0052702
4.2656;-0.39093;-0.08368;-0.06483;-0.13495;-0.21527;-0.095755;-0.19115;0.043042;-0.03839;-0.059994;0.10838;0.062212
4.2856;-0.38911;-0.13114;-0.049425;-0.18054;-0.1349;0.088984;-0.092918;-0.034595;-0.075951;-0.065083;-0.047179;-0.012964
4.3213;-0.27888;-0.090596;-0.10116;-0.019318;-0.11611;0.057308;-0.14015;-0.20039;-0.12322;0.037258;0.13732;-0.017736
4.364;-0.26048;-0.21417;0.018424;-0.020956;-0.17879;0.0090462;-0.050383;-0.061403;-0.16504;-0.070779;0.12509;0.069597
4.3993;-0.2809;-0.15168;-0.060654;-0.083946;0.070036;0.11409;-0.10777;-0.18403;-0.25289;0.014698;0.093707;0.051985
4.335;-0.32335;-0.09921;-0.047682;-0.14797;-0.010604;0.14499;-0.0092004;-0.11899;-0.19723;0.0067449;0.035683;0.0037426
4.3275;-0.33879;-0.21246;-0.20648;0.010244;0.022672;0.045613;-0.039679;-0.19642;-0.1629;0.028317;0.070672;-0.012298
4.2881;-0.38216;-0.17021;-0.015214;0.05703;0.022455;0.079563;-0.054731;-0.19365;-0.17862;0.058074;0.013594;-0.033667
4.3992;-0.34661;-0.20394;-0.023695;-0.01913;-0.12515;0.083278;0.086854;-0.10923;-0.09885;-0.042343;-0.019649;0.111
4.3645;-0.32931;-0.1916;-0.11519;-0.026016;-0.11704;0.080843;0.047333;-0.1727;-0.071875;0.028387;-0.012101;0.052269
4.336;-0.39396;-0.3034;-0.10384;-0.036923;-0.097955;0.122;0.098277;-0.17257;-0.11368;0.064534;0.028254;0.029061
4.2623;-0.38155;-0.17044;-0.15269;-0.053517;0.016547;0.21507;-0.017092;-0.23635;-0.13646;0.10454;0.094029;-0.0019969
4.3787;-0.31997;-0.27651;-0.30851;-0.2025;-0.020376;0.14333;-0.081289;-0.22428;-0.11132;0.15558;0.027676;-0.04214
4.3588;-0.37306;-0.19052;-0.27625;-0.25561;-0.099352;0.20209;0.029451;-0.15337;-0.12502;0.087693;-0.0034631;-0.079069
4.3457;-0.32509;-0.15459;-0.21436;-0.12142;0.049006;0.17178;-0.062299;-0.15082;-0.1198;-0.023877;0.014042;0.044534
4.4133;-0.30827;-0.16548;-0.1522;-0.10579;-0.056368;0.069903;-0.022481;-0.1262;-0.072106;0.1003;0.071215;0.0023495
4.3492;-0.31448;-0.14809;-0.19757;-0.1668;-0.11611;0.015933;-0.041568;-0.27187;-0.23788;0.090556;0.10054;0.021863
4.3995;-0.345;-0.19173;-0.33061;-0.20187;0.088195;0.055335;-0.11639;-0.16437;-0.18294;0.026943;0.10005;-0.01904
4.4793;-0.25456;-0.145;-0.30209;-0.07683;0.10695;0.084963;-0.14742;-0.17284;-0.14524;0.056374;0.032013;-0.03701
4.4534;-0.29388;-0.23108;-0.33823;-0.10884;-0.024452;-0.018347;-0.19931;-0.12908;-0.10642;0.00025497;0.060101;0.045363
4.5019;-0.30714;-0.18081;-0.2624;-0.15444;-0.022987;0.11204;-0.11842;-0.10549;0.009579;0.038516;0.048867;0.02316
4.4954;-0.31105;-0.23134;-0.28557;-0.099003;0.045986;0.25115;-0.026046;-0.25084;-0.066013;0.053244;0.0064154;0.026885
4.4077;-0.3893;-0.29381;-0.29564;-0.12698;0.2055;0.20463;-0.17094;-0.13775;-0.067652;0.0060787;0.090607;-0.0029657
4.5111;-0.372;-0.27347;-0.24815;-0.050117;0.10848;0.15628;-0.10862;-0.2037;-0.07567;0.13041;-0.012337;0.022676
4.4004;-0.38529;-0.27248;-0.31827;-0.066171;0.17656;0.031834;-0.17609;-0.1747;-0.1125;-0.016899;0.037828;0.079251
4.5131;-0.34883;-0.13276;-0.31509;-0.048225;0.1308;0.055421;-0.10739;-0.19117;-0.15087;-0.070732;0.085746;0.067521
4.5342;-0.40955;-0.22594;-0.31626;-0.011905;0.22409;0.13449;0.010079;-0.23335;-0.19661;-0.036392;0.019173;0.04569
4.579;-0.51642;-0.097788;-0.2281;-0.11685;0.32909;0.069732;-0.14489;-0.19352;-0.25333;0.08782;0.01696;0.014859
4.651;-0.51415;0.0052487;-0.29962;-0.14984;0.36867;0.036371;0.014461;-0.28946;-0.30237;0.030723;-0.076251;0.05282
4.7262;-0.54323;-0.073472;-0.27201;-0.18182;0.27371;-0.0236;0.086133;-0.4763;-0.14308;0.11244;-0.15957;0.084242
4.584;-0.38374;-0.062642;-0.27034;-0.21573;0.0088575;0.21354;0.025005;-0.19394;-0.093561;0.11464;0.0080389;-0.079785
4.7843;-0.34247;-0.075459;-0.41616;-0.14496;-0.16246;0.14036;-0.15123;-0.29169;-0.075319;0.15533;0.12671;-0.023818
5.0005;-0.10641;0.051538;-0.59101;-0.3176;-0.45549;-0.12498;-0.35336;-0.23229;-0.035126;0.22581;0.11491;-0.091401
5.2154;0.0022182;0.14274;-0.74021;-0.53297;-0.39797;-0.2285;-0.38367;-0.21433;-0.10553;0.081204;0.060796;0.027407
5.3576;0.078513;-0.051993;-0.77286;-0.59021;-0.24841;-0.19881;-0.24308;-0.23511;-0.14235;-0.038195;-0.029749;0.057165
5.5796;0.069685;-0.094445;-0.91067;-0.58585;-0.14197;-0.24426;-0.09134;-0.14605;-0.21836;-0.027297;-0.077462;0.02286
5.7425;0.030257;-0.13619;-0.9959;-0.66095;-0.049993;-0.29693;0.019691;-0.13543;-0.21433;0.012755;-0.12339;0.012198
5.8523;0.0099882;-0.18211;-1.0923;-0.70494;0.047066;-0.27549;0.0032112;0.044482;-0.24242;0.0074594;-0.081159;-0.074826
5.999;-0.028752;-0.25217;-1.0982;-0.7249;0.020909;-0.17707;0.031655;0.11718;-0.16687;-0.016512;-0.061677;-0.093509
6.1594;-0.14343;-0.33208;-1.1097;-0.72791;-0.030447;-0.13704;0.11805;0.13318;-0.046725;-0.042658;-0.046045;-0.083955
6.2203;-0.20706;-0.33864;-1.0334;-0.72106;0.054746;-0.20685;0.080906;0.22195;-0.080872;-0.041291;-0.041932;-0.11121
6.2935;-0.28601;-0.34883;-0.88926;-0.73621;0.15269;-0.3094;-0.0085016;0.19639;-0.11463;0.0062992;-0.055892;-0.12048
6.3396;-0.33785;-0.38885;-0.8696;-0.67951;0.21478;-0.35054;-0.088141;0.14198;-0.10532;0.046205;-0.010117;-0.1191
6.3612;-0.30702;-0.39758;-0.819;-0.64636;0.19584;-0.31393;-0.094105;0.14396;-0.095653;-0.0039374;-0.0029786;-0.12628
6.2974;-0.29074;-0.38187;-0.89961;-0.65516;0.15386;-0.2678;-0.049884;0.20197;-0.088611;-0.085622;0.017683;-0.13827
6.2525;-0.19335;-0.27398;-1.0079;-0.5585;-0.0058417;-0.178;0.01109;0.042048;-0.027179;-0.16033;-0.00094451;-0.06508
6.2265;-0.15635;-0.29492;-0.92738;-0.76801;0.019649;-0.18432;-0.14209;-5.7983e-05;-0.092894;-0.11913;0.062663;-0.01221
6.0192;-0.14802;-0.30962;-0.90135;-0.66787;-0.061579;-0.28256;-0.32028;-0.091832;-0.088215;-0.1012;0.23478;0.11334
5.7615;-0.15867;-0.23754;-0.72335;-0.57469;-0.067548;-0.22092;-0.24139;-0.11847;-0.17397;-0.021143;0.13789;0.07474
5.4478;-0.25216;-0.14038;-0.62064;-0.43011;-0.083002;-0.096509;-0.11013;0.023851;-0.17652;-0.053654;0.10917;0.039101
5.238;-0.42274;-0.023837;-0.72868;-0.23165;0.063619;0.19619;0.033253;0.23298;-0.25615;-0.034686;0.037135;-0.14726
5.0151;-0.40661;0.077601;-0.67341;-0.31428;-0.30836;0.24574;-0.28326;-0.0096756;-0.087006;0.010215;0.14381;-0.11859
4.9909;-0.44082;-0.21765;-0.67191;-0.2253;-0.046257;0.18389;-0.25212;-0.023488;-0.19869;-0.013835;0.11476;-0.076045
4.9594;-0.43927;-0.0055271;-0.59782;-0.096211;0.08782;0.25202;-0.10813;0.11376;-0.10933;-0.096169;0.042102;-0.083072
4.8409;-0.38802;-0.046809;-0.40411;-0.26796;-0.0061816;0.20582;-0.037409;-0.0025093;-0.084442;-0.066461;0.10349;0.0064985
4.8545;-0.33814;0.10399;-0.51948;-0.31681;0.051089;-0.048962;-0.0019334;0.024681;-0.091404;0.029927;0.062533;0.016519
4.8358;-0.48728;-0.031363;-0.47676;-0.31319;0.0901;0.099681;0.085528;-0.019234;-0.071103;-0.018786;-0.055009;-0.062279
4.8671;-0.65449;-0.018735;-0.45416;-0.19299;0.10397;0.028;0.12902;-0.027536;-0.12725;-0.0053506;0.013131;-0.032791
4.8736;-0.59868;0.04764;-0.41288;-0.22861;0.15559;0.04569;0.16462;-0.040188;-0.24046;-0.058242;-0.0050417;-0.0010315
4.8555;-0.53495;-0.030268;-0.46108;-0.21946;-0.10883;0.0055861;0.22138;0.11538;0.0084457;-0.055366;0.052044;-0.031488
4.726;-0.40827;-0.061495;-0.33262;-0.27484;-0.27829;-0.096699;0.13492;-0.029744;-0.024664;0.11914;0.15733;-0.045561
5.1229;-0.12425;-0.064285;-0.87278;-0.62822;-0.40704;-0.47515;-0.046734;-0.11619;0.017943;0.16977;0.094692;-0.015421
5.6335;-0.098678;-0.13091;-0.99788;-0.61358;-0.22502;-0.49277;-0.096054;-0.27809;0.015185;0.17454;0.073259;0.16767
5.6698;-0.081063;-0.10719;-0.94884;-0.59699;-0.096631;-0.39356;-0.21254;-0.34745;-0.12393;0.073251;0.10621;0.20846
5.6872;-0.078494;-0.041616;-0.89148;-0.62689;-0.23265;-0.37399;-0.1497;-0.41781;-0.11527;0.10648;0.065913;0.18091
5.7145;-0.071637;0.032214;-0.86123;-0.69325;-0.19368;-0.32533;-0.25877;-0.32399;-0.076606;-0.0050826;0.076532;0.19181
5.7456;-0.082132;0.071917;-0.88148;-0.67835;-0.15807;-0.36764;-0.22308;-0.36815;-0.095815;0.009127;0.074999;0.17915
5.6595;-0.019848;0.030029;-0.80176;-0.66947;-0.19183;-0.41605;-0.21734;-0.29628;-0.14798;-0.009061;0.14021;0.11727
5.5114;0.0068676;0.081801;-0.75858;-0.63306;-0.33003;-0.42823;-0.16124;-0.34524;-0.088709;0.032323;0.082138;0.10892
5.395;-0.040965;0.074929;-0.67699;-0.61251;-0.37113;-0.41126;-0.20361;-0.3048;-0.024599;-0.0095766;0.06337;0.086127
5.2139;-0.2822;0.16661;-0.75098;-0.48716;-0.37744;-0.3329;-0.11669;-0.32407;-0.060346;-0.06078;0.070794;0.15078
5.0302;-0.52747;0.25618;-0.75769;-0.31165;-0.21792;-0.1802;-0.019963;-0.25621;0.013361;-0.105;0.15986;0.16236
4.9725;-0.50539;0.030225;-0.75691;-0.36476;-0.15556;-0.16865;-0.0099082;-0.32403;-0.17943;-0.018944;-0.0096279;0.045569
4.9122;-0.51664;0.0067074;-0.70512;-0.36296;-0.1479;-0.13209;0.06741;-0.21794;-0.13543;0.081385;-0.014939;0.0030987
4.8419;-0.54373;-0.030029;-0.60896;-0.20131;-0.19807;-0.10485;0.022944;-0.266;-0.0094617;0.033015;0.045515;0.081048
4.8761;-0.51318;0.027465;-0.55455;-0.24597;-0.15112;-0.052652;0.1138;-0.19453;-0.14803;-0.057835;0.048077;0.016458
4.8128;-0.52591;0.025697;-0.55998;-0.23624;-0.11258;-0.10932;0.13021;-0.16838;-0.13264;0.066603;0.024951;0.003911
4.7689;-0.64431;0.036525;-0.66133;-0.35601;0.077822;0.018076;0.060456;-0.077751;-0.0035105;0.023547;-0.066453;-0.077451
4.8963;-0.71382;0.012404;-0.70418;-0.14303;0.11084;-0.094431;0.018968;-0.30922;-0.03792;0.095298;-0.010015;-0.010259
4.7741;-0.68291;0.076752;-0.66366;-0.27584;0.041328;-0.13505;-0.086868;-0.33296;-0.06368;0.09062;0.026942;0.040125
4.7659;-0.64503;0.17025;-0.59768;0.01226;0.26464;-0.10817;0.090509;-0.21759;-0.13602;-0.0091565;0.15829;0.076274
4.9978;-0.56921;0.39047;-0.38942;0.1068;0.058081;-0.067929;0.14676;-0.29041;-0.069757;-0.059331;0.087931;0.052419
5.0275;-0.52169;0.21473;-0.37389;-0.019816;0.22709;-0.035149;0.076185;-0.20706;-0.11714;-0.018274;0.0029735;-0.0066068
5.0202;-0.43034;0.13628;-0.33119;-0.15709;0.26429;0.12071;0.082047;-0.12415;-0.098341;-0.051589;-0.010612;-0.015455
4.9924;-0.40488;0.18699;-0.22005;-0.14455;0.24519;-0.065933;0.074403;-0.24548;-0.19496;0.12102;0.12925;-0.065042
5.1442;-0.1176;0.0092047;-0.46731;-0.50514;-0.00080842;-0.075308;0.041676;0.034507;0.08885;0.093769;0.099711;0.028155
5.7431;-0.057247;-0.25577;-0.63882;-0.74768;0.081756;-0.026403;-0.10687;0.005763;0.021892;-0.057508;-0.034387;0.054247
5.9823;-0.052054;-0.47901;-0.74682;-0.89071;0.06372;0.035575;-0.081874;0.087296;0.0057333;-0.1425;-0.033108;0.016771
6.0406;-0.03669;-0.56092;-0.77778;-0.83297;-0.040643;0.089725;-0.10498;0.10334;0.018875;-0.19827;0.022714;-0.046807
6.0725;-0.024657;-0.57757;-0.69626;-0.88809;-0.02668;0.11923;-0.16215;0.064335;0.018289;-0.15864;-0.035944;-0.018039
6.1311;-0.062013;-0.56975;-0.63748;-0.91324;-0.045457;0.13629;-0.25281;0.043068;0.03031;-0.13675;-0.083849;0.029092
6.2596;-0.13543;-0.58776;-0.51336;-0.97227;0.015136;0.086576;-0.25301;0.0095622;0.051265;-0.15965;-0.10288;0.10225
6.3114;-0.19032;-0.60928;-0.47121;-0.99916;-0.015991;-0.011787;-0.28935;-0.037107;0.039793;-0.19318;-0.055003;0.17543
6.2852;-0.19521;-0.56754;-0.48175;-0.96488;-0.020618;-0.072177;-0.28364;-0.040641;-0.0018493;-0.18892;-0.037523;0.18638
6.2667;-0.18399;-0.49986;-0.52464;-0.96782;-0.0064624;-0.014755;-0.28898;-0.051117;0.012099;-0.195;-0.043487;0.16378
6.2492;-0.17512;-0.45447;-0.62433;-0.95362;0.036507;-0.066095;-0.2303;-0.0052301;-0.043556;-0.18615;0.016123;0.076146
6.2632;-0.19001;-0.42728;-0.7124;-0.95613;0.040903;-0.089653;-0.2021;0.0096573;-0.044357;-0.19374;0.058388;0.030391
6.2407;-0.18191;-0.37562;-0.8145;-0.94429;0.054322;-0.11493;-0.14648;-0.0052184;-0.062891;-0.16062;0.063115;-0.015583
6.1204;-0.11635;-0.33608;-0.93102;-0.87618;0.055214;-0.15156;-0.13294;-0.053889;-0.084217;-0.11512;0.06549;-0.002577
5.8631;-0.094534;-0.24623;-0.78793;-0.80593;-0.029803;-0.19083;-0.29769;-0.18701;-0.167;-0.075158;0.090676;0.11085
5.7079;-0.12383;-0.12174;-0.64035;-0.7671;-0.16912;-0.2234;-0.30322;-0.2096;-0.16357;-0.085022;0.15188;0.10554
5.4019;-0.032745;-0.13472;-0.52866;-0.76233;-0.16219;-0.20217;-0.32954;-0.14536;-0.17269;-0.069283;0.07094;0.089692
5.2042;-0.040815;-0.12594;-0.52686;-0.85575;-0.13327;-0.19312;-0.36903;-0.20128;-0.12386;-0.0048741;0.10327;0.082395
5.0016;-0.12206;-0.15279;-0.59947;-0.76117;-0.057946;-0.11101;-0.32305;-0.14153;-0.16163;0.0030003;0.039546;0.084184
4.7162;-0.2109;-0.23738;-0.63825;-0.66815;-0.16782;0.086903;-0.096723;-0.14134;-0.067136;-0.013996;-0.015472;0.059061
4.8089;-0.20302;-0.21306;-0.44212;-0.62567;-0.26485;-0.0094525;-0.13384;-0.27101;-0.072099;0.0015801;-0.066548;0.067616
4.7255;-0.19609;-0.17946;-0.46759;-0.51482;-0.040593;0.14596;0.0047588;-0.024132;-0.017909;-0.067987;-0.01319;0.017342
4.708;-0.30679;-0.28218;-0.49215;-0.46203;-0.030292;0.28888;0.1016;-0.0045893;-0.053349;-0.075358;-0.012834;-0.056162
4.7365;-0.34156;-0.14317;-0.40238;-0.46178;-0.076865;0.065878;-0.038718;-0.32609;-0.1514;0.038495;-0.11662;0.024088
4.6573;-0.38511;-0.18569;-0.45837;-0.34107;0.13779;0.004264;-0.22613;-0.21374;-0.073282;0.025995;0.043504;0.038133
4.5628;-0.46646;-0.15584;-0.50127;-0.39855;-0.097372;-0.069378;-0.08996;-0.21076;-0.073399;0.15561;0.17312;-0.0051744
4.727;-0.33639;-0.12065;-0.57073;-0.40729;-0.030798;-0.1981;-0.13915;-0.17263;-0.052927;0.27341;0.14516;-0.011163
5.2742;-0.079086;-0.26006;-0.8129;-0.74342;-0.081562;-0.38989;-0.23732;-0.17046;-0.096379;0.18599;0.15153;0.063542
5.7009;-0.03186;-0.27311;-0.88613;-0.70651;0.013859;-0.41014;-0.23821;-0.26297;-0.20553;0.014519;0.15993;0.14676
5.5211;0.12623;-0.30527;-0.74829;-0.6572;-0.1454;-0.40346;-0.20568;-0.31717;-0.17332;0.01793;0.12228;0.16483
5.4289;0.13837;-0.21871;-0.62513;-0.6775;-0.27804;-0.35794;-0.29024;-0.17249;-0.24821;0.024769;0.20596;0.026548
5.1029;0.020562;-0.15561;-0.50944;-0.61177;-0.35551;-0.3581;-0.25606;-0.21029;-0.18625;0.11799;0.13718;6.5938e-05
4.8179;-0.22786;-0.30618;-0.48387;-0.47396;-0.069399;-0.24921;-0.14741;-0.12662;-0.2557;0.065331;0.13729;0.058347
4.6893;-0.35621;-0.32778;-0.47283;-0.46153;0.081416;0.052036;0.020964;-0.074659;-0.17962;0.014297;0.0093478;0.0027286
4.7233;-0.38957;-0.33176;-0.35437;-0.38108;0.029126;-0.10663;-0.077667;-0.14341;-0.24826;0.023099;0.030592;0.052145
4.8963;-0.4153;-0.28468;-0.28197;-0.44703;-0.037248;-0.20036;-0.13483;-0.1943;-0.20182;0.081699;0.14951;0.05059
4.74;-0.45906;-0.41376;-0.42326;-0.34787;0.20849;-0.039471;-0.040146;-0.18669;-0.27726;0.040042;0.1128;0.051576
4.7195;-0.38106;-0.46853;-0.33286;-0.26184;-0.013404;0.0088139;0.0085038;-0.19385;-0.21036;0.069891;0.017138;-0.03882
4.5296;-0.34916;-0.3609;-0.36329;-0.35124;-0.096425;-0.054391;-0.053687;-0.13549;-0.10989;-0.016056;0.032482;-0.0020246
4.7094;-0.22777;-0.3122;-0.4157;-0.55549;-0.28547;-0.13371;-0.19922;-0.20967;-0.10828;0.13685;0.049555;0.0050254
5.3626;0.070687;-0.19982;-0.49698;-0.77206;-0.36659;-0.27044;-0.28405;-0.23984;-0.098079;0.12529;0.097887;0.023906
5.5507;0.10327;-0.24943;-0.51946;-0.69549;-0.25508;-0.34199;-0.19424;-0.27;-0.12;-0.00046959;-0.015872;0.10786
5.6449;-0.016939;-0.28365;-0.54122;-0.68892;-0.11789;-0.34245;-0.087721;-0.17775;-0.16051;-0.029347;-0.1201;0.05123
5.6601;-0.048695;-0.33589;-0.50548;-0.6909;-0.10949;-0.28846;-0.090349;-0.25444;-0.12068;0.032187;-0.11596;-0.012047
5.5792;-0.049435;-0.30857;-0.45558;-0.62423;-0.090122;-0.26588;-0.13726;-0.21514;-0.078806;-0.0095927;-0.11504;0.0051381
5.6979;-0.09988;-0.3353;-0.44025;-0.66442;-0.10534;-0.28866;-0.085277;-0.26447;-0.10367;0.032713;-0.10712;-0.0044693
5.9407;-0.17237;-0.38633;-0.55774;-0.57032;-0.055776;-0.33668;-0.11773;-0.14329;-0.11388;-0.0061563;-0.074805;-0.025952
6.0485;-0.27457;-0.31999;-0.6619;-0.44492;0.018682;-0.45971;-0.13378;-0.059966;-0.17366;0.0071994;-0.017145;-0.069741
6.1182;-0.31511;-0.34651;-0.72079;-0.36926;0.027494;-0.47133;-0.15081;-0.05769;-0.16317;-0.0022458;0.035641;-0.064468
6.1632;-0.29892;-0.39054;-0.65212;-0.33396;0.021975;-0.48184;-0.20861;-0.046814;-0.14131;-0.023818;0.062857;-0.023971
6.1906;-0.31054;-0.45736;-0.63699;-0.32879;-0.0030072;-0.47958;-0.2169;-0.047899;-0.12963;-0.030587;0.06124;-0.0024655
6.225;-0.31;-0.47531;-0.62901;-0.31296;0.055248;-0.46366;-0.20243;-0.0358;-0.14394;-0.028843;0.075231;-0.01157
6.2848;-0.33382;-0.4415;-0.6763;-0.3103;0.036881;-0.50801;-0.19328;-0.048554;-0.16073;-0.0021761;0.084644;0.0029623
6.2723;-0.32265;-0.49508;-0.69682;-0.3502;0.087035;-0.47503;-0.19002;-0.037618;-0.17757;0.018463;0.11115;-0.030797
6.2799;-0.29805;-0.53004;-0.67121;-0.37486;0.090363;-0.45449;-0.23338;-0.061812;-0.16821;0.01281;0.14708;-0.032418
6.2287;-0.21679;-0.52765;-0.74644;-0.34772;0.065918;-0.46219;-0.24776;-0.16307;-0.1477;0.033572;0.15791;-0.017351
6.1271;-0.12802;-0.38778;-0.81508;-0.28621;-0.068508;-0.44363;-0.26415;-0.27636;-0.042297;-0.01155;0.098907;0.044139
5.7952;-0.085984;-0.20697;-0.65716;-0.51365;-0.18199;-0.4884;-0.16628;-0.21141;-0.1591;0.0017181;-0.019389;0.10245
5.5039;-0.18597;-0.14041;-0.64065;-0.46954;-0.2205;-0.43452;-0.12817;-0.27792;-0.15015;0.01052;0.01109;0.078414
5.264;-0.32905;-0.23469;-0.61997;-0.25593;-0.15313;-0.31672;-0.05025;-0.25039;-0.068325;-0.019431;0.049724;0.10099
5.0553;-0.44676;-0.10729;-0.72071;-0.27295;-0.025915;-0.16252;-0.085385;-0.20297;0.017162;-0.092006;0.039596;0.056389
5.0088;-0.42216;-0.12502;-0.63292;-0.21756;-0.058044;0.093765;0.081321;-0.15831;0.047858;-0.13654;-0.017441;0.076951
4.8856;-0.33571;-0.10574;-0.58908;-0.24497;-0.051403;-0.044694;-0.11223;-0.19052;-0.16441;-0.093419;0.13751;0.055913
4.7992;-0.36424;-0.20059;-0.47454;-0.129;-0.21742;-0.0044988;-0.051465;-0.18397;-0.104;0.03277;0.10618;0.011274
4.6519;-0.33282;-0.24114;-0.38735;-0.083908;-0.2432;-0.013857;-0.083485;-0.018692;-0.077709;-0.14274;-0.0089266;0.046498
4.6572;-0.34912;-0.38151;-0.51914;-0.26555;-0.11078;0.1799;0.14863;-0.056734;-0.086929;0.053571;-0.050608;-0.085066
4.614;-0.31076;-0.2554;-0.5733;-0.31366;-0.072819;0.11207;0.0039854;-0.10105;-0.071983;0.055853;-0.084967;-0.09316
4.6028;-0.32913;-0.16791;-0.65028;-0.23631;-0.23618;0.050524;-0.13214;-0.22285;-0.099979;0.063168;0.041364;-0.019178
4.6457;-0.36569;-0.13502;-0.6;0.027121;0.034249;0.017591;-0.20793;-0.36538;-0.10224;0.030325;0.12059;0.068819
4.6798;-0.36325;-0.038282;-0.58479;-0.014043;-0.057303;0.010645;0.070664;-0.21217;-0.11197;-0.064218;0.048409;0.035032
4.7206;-0.39121;-0.086478;-0.54458;-0.14326;-0.12465;-0.028966;0.073099;-0.19009;-0.096791;-0.070813;0.031676;0.11822
4.7676;-0.21897;-0.10205;-0.59571;-0.46422;-0.26076;-0.23918;-0.058111;-0.19495;-0.052487;0.12515;0.062349;0.065359
5.4811;-0.056589;-0.27075;-0.90635;-0.72699;0.034419;-0.41362;-0.14551;-0.19918;-0.19101;0.039058;0.079467;0.14698
5.5431;0.067415;-0.34108;-0.78658;-0.71122;-0.11191;-0.28306;-0.19414;-0.21111;-0.19278;-0.048767;0.079368;0.10876
5.2665;0.031475;-0.18169;-0.61882;-0.67355;-0.19391;-0.34447;-0.2015;-0.25353;-0.1613;0.0056606;0.05049;0.096156
5.0095;-0.13664;-0.23359;-0.50275;-0.47119;-0.1202;-0.089035;-0.29229;-0.14574;-0.10338;-0.069486;0.090422;0.078011
4.8213;-0.25715;-0.31199;-0.61336;-0.51296;0.020333;0.14251;0.0088332;0.0062554;0.010254;-0.14378;0.060325;0.073537
4.764;-0.22273;-0.24793;-0.70151;-0.40861;-0.06112;-0.049574;-0.040989;-0.024385;-0.1405;-0.15576;0.06752;0.14265
4.641;-0.26304;-0.25598;-0.45162;-0.19472;-0.032127;-0.000718;0.016286;-0.083084;-0.17532;-0.14079;0.13667;0.095769
4.5877;-0.26099;-0.18333;-0.36103;-0.20232;0.028703;0.081224;0.084555;-0.14529;-0.18745;-0.034455;0.041729;0.10648
4.6805;-0.15111;-0.14678;-0.33729;-0.15015;-0.1684;0.097622;-0.068181;-0.25191;-0.12994;-0.04585;0.1386;0.090352
4.5958;-0.21454;-0.14065;-0.3875;-0.15492;-0.18236;0.035418;-0.035344;-0.14584;-0.045581;-0.11591;0.05263;0.058054
4.6887;-0.23238;-0.20538;-0.28931;-0.1664;-0.040689;0.09524;-0.12108;-0.064371;0.019952;-0.042704;0.016057;0.1151
4.5845;-0.22639;-0.18662;-0.25771;-0.028741;0.04464;0.043904;-0.020256;-0.1905;-0.045189;-0.040632;0.045479;0.05038
4.387;-0.17111;-0.16229;-0.14733;-0.072455;0.0090359;0.030619;-0.093475;-0.18702;-0.073827;0.040553;0.14283;0.015026
4.6763;-0.040174;-0.15517;-0.17065;-0.37394;-0.1158;-0.022601;-0.10966;0.0070538;0.069539;0.04728;0.1501;0.054172
4.5214;0.022685;-0.23241;-0.24316;-0.32186;0.027864;-0.015887;-0.28965;-0.017998;-0.046638;0.012392;0.16683;0.058856
4.4642;-0.033182;-0.33455;-0.19514;-0.20278;-0.066459;-0.088935;-0.26228;-0.10536;-0.073048;0.062052;0.13636;0.048116
5.0805;0.12377;-0.30683;-0.46179;-0.41308;-0.3049;-0.36936;-0.26359;-0.17932;0.1036;0.019038;0.049469;0.038686
5.6363;0.078183;-0.50773;-0.56044;-0.31562;-0.19985;-0.32827;-0.29376;-0.27344;0.097697;-0.12222;0.1158;0.10806
5.8345;-0.013545;-0.66609;-0.42177;-0.23652;-0.098667;-0.23304;-0.2846;-0.20305;0.096896;-0.14723;0.10154;0.066463
5.7548;-0.023791;-0.74552;-0.29631;-0.26126;-0.08445;-0.18375;-0.35977;-0.12656;0.0578;-0.13355;0.065586;0.086697
5.7067;-0.08224;-0.60713;-0.32767;-0.25485;-0.10149;-0.23306;-0.43665;-0.18147;0.073794;-0.17248;0.10292;0.091623
5.6147;-0.073171;-0.49646;-0.47508;-0.15926;-0.17144;-0.37284;-0.33127;-0.16936;0.062974;-0.20565;0.12083;0.030566
5.5784;-0.081382;-0.58819;-0.32483;-0.20028;-0.20725;-0.35128;-0.37568;-0.16598;0.062515;-0.18686;0.053466;0.031487
5.536;-0.037744;-0.60195;-0.21655;-0.36975;-0.24571;-0.27235;-0.33877;-0.14186;0.052985;-0.18485;-0.033767;0.052527
5.3651;0.070702;-0.53508;-0.22652;-0.42035;-0.32027;-0.25638;-0.33921;-0.21059;0.029751;-0.13059;-0.00721;0.082438
5.178;0.2773;-0.52841;-0.27558;-0.43172;-0.37375;-0.33821;-0.28264;-0.18988;-0.095054;-0.050328;0.022867;0.052253
4.9813;0.27063;-0.56308;-0.20189;-0.49828;-0.43784;-0.26845;-0.29381;-0.17436;-0.075762;-0.067238;0.01719;0.061398
4.704;0.036716;-0.57777;-0.13564;-0.43786;-0.30371;-0.2791;-0.37445;-0.07225;-0.036453;-0.022792;0.1223;0.063631
4.4006;0.029053;-0.49815;-0.075734;-0.39641;-0.085772;0.01686;-0.16698;0.093596;-0.032329;-0.13171;-0.016233;-0.010926
4.2764;0.067822;-0.30939;-0.19981;-0.28029;-0.4101;0.07155;-0.11719;-0.03761;-0.1732;-0.091977;0.064092;0.094484
4.2889;-0.010836;-0.20591;-0.24494;-0.132;-0.55487;-0.069789;-0.20306;-0.033473;-0.21292;-0.10957;0.13059;0.01336
4.2773;-0.024392;-0.30135;-0.18968;-0.090011;-0.56867;-0.075976;-0.07934;-0.081924;-0.10616;0.019289;0.019022;0.040352
4.3312;-0.071226;-0.31567;-0.11659;-0.14258;-0.43331;-0.29077;-0.16523;-0.012843;-0.13529;-0.034889;0.064578;0.084776
4.2061;-0.055525;-0.30679;-0.10405;-0.13833;-0.066818;-0.16485;0.010406;0.020656;-0.11696;-0.032595;0.036805;0.14745
4.1763;-0.0061722;-0.33034;-0.1043;-0.14758;-0.31286;-0.20194;-0.083907;-0.020946;0.00029239;0.062025;0.053689;0.053487
4.1508;0.04187;-0.43281;-0.11395;-0.19005;-0.12687;-0.065874;-0.020319;0.05249;-0.069307;-0.056117;0.083686;0.071097
4.5715;0.26014;-0.37203;-0.47639;-0.57596;-0.24939;-0.20595;-0.1557;-0.045652;-0.062322;-0.049708;0.19117;0.081543
5.074;0.31353;-0.53073;-0.71763;-0.67311;-0.18817;-0.22432;-0.085684;-0.097705;-0.11108;-0.19654;0.1111;-0.0013748
5.2695;0.33451;-0.62247;-0.76791;-0.64171;-0.17163;-0.10793;0.093942;-0.11882;-0.033852;-0.15003;-0.039357;-0.034338
5.3477;0.37544;-0.69552;-0.75558;-0.6304;-0.27656;-0.040692;0.13035;-0.23947;0.054801;-0.10346;-0.10255;-0.0066034
5.3164;0.40579;-0.68875;-0.75882;-0.66261;-0.27561;-0.0043784;0.057323;-0.27235;0.027443;-0.098037;-0.079516;-0.011291
5.2243;0.43028;-0.68923;-0.67306;-0.67815;-0.34465;0.039397;-0.085082;-0.28193;-0.043914;-0.093305;-0.042267;0.011894
4.984;0.3634;-0.61371;-0.61089;-0.69132;-0.3398;0.069428;-0.18345;-0.16956;-0.11508;-0.095193;-0.0095831;5.2374e-05
4.7236;0.20373;-0.50726;-0.47967;-0.58568;-0.3317;0.25405;-0.11424;-0.024914;-0.087069;-0.11287;-0.058148;-0.008779
4.518;0.054153;-0.5827;-0.4146;-0.43963;-0.19394;0.33274;0.19095;0.063967;0.01555;-0.080799;-0.10032;-0.013487
4.3182;0.037592;-0.36551;-0.29457;-0.22009;-0.058839;0.33646;0.069713;-0.054047;-0.05158;-0.089089;0.0054989;-0.050549
4.2745;0.051498;-0.22574;-0.18745;-0.055565;-0.14648;0.074115;-0.1937;0.061764;0.051401;0.02074;0.10595;-0.0091727
4.2823;-0.034108;-0.30661;-0.25135;-0.20187;-0.15773;0.10869;0.066229;0.17397;-0.082679;-0.19452;-0.051418;0.08392
4.3128;0.079627;-0.31287;-0.18276;-0.31166;-0.092364;0.31748;0.24052;0.0026815;-0.092314;-0.10047;-0.09638;-0.07185
4.2103;0.16953;-0.20546;-0.22273;-0.24178;-0.057155;0.2358;0.176;-0.05471;-0.1097;-0.040087;-0.10883;-0.028795
4.047;0.062607;-0.2579;-0.022557;-0.072243;-0.073188;0.088928;0.1033;-0.15017;-0.03367;-0.024689;-0.087077;0.06867
4.0594;0.096851;-0.29399;-0.25737;-0.1702;-0.20579;0.028993;-0.090592;-0.13301;0.065442;0.07343;-0.0057488;0.064893
4.1244;0.070273;-0.24387;-0.065303;-0.0035733;-0.23869;0.043627;0.039252;-0.075726;0.036156;0.0040224;-0.065454;0.048032
4.3656;-0.093509;0.10853;-0.33141;0.03546;-0.046748;0.00341;0.23678;-0.22955;-0.059519;-0.058475;-0.013605;0.087011
4.4309;-0.22438;0.2048;-0.26879;0.090018;-0.13052;0.011829;0.29888;-0.2633;-0.0096451;-0.10669;-0.024147;0.085523
4.4057;-0.36125;0.17082;-0.43544;0.062927;-0.15782;0.030219;0.31719;-0.11972;0.087479;-0.20656;-0.083721;0.055319
4.3759;-0.35129;0.16492;-0.55946;0.0059538;-0.12711;-0.016888;0.15752;-0.15297;0.014459;-0.10062;0.055422;0.10577
4.3308;-0.25768;0.07815;-0.59506;-0.055532;-0.054089;-0.11582;0.091746;-0.22203;-0.10675;-0.070699;0.10038;0.19557
4.6966;0.090941;0.026598;-0.68285;-0.31399;-0.094916;-0.25378;0.084833;-0.22907;-0.029655;0.16087;0.043661;0.11185
5.3211;0.13453;-0.058051;-0.88018;-0.56242;0.09099;-0.42663;0.018043;-0.2254;-0.18935;0.0086546;0.0030728;0.12772
5.4423;0.20948;-0.29187;-0.87138;-0.76369;0.051858;-0.27205;-0.10037;-0.13217;-0.11387;-0.15992;0.04567;0.0054583
5.4298;0.22965;-0.37848;-0.78646;-0.83875;0.0377;-0.18893;-0.15172;-0.06519;-0.10208;-0.2249;0.075631;-0.055958
5.2404;0.34915;-0.42478;-0.78735;-0.71591;-0.02404;-0.22956;-0.071538;-0.049313;-0.15917;-0.22103;0.077581;-0.066513
5.1059;0.37227;-0.36248;-0.78194;-0.61758;-0.04096;-0.2669;0.018034;-0.10413;-0.16037;-0.15255;-0.0044187;-0.024217
5.0242;0.38825;-0.38613;-0.60003;-0.59144;-0.22173;-0.19946;-0.03125;-0.2351;-0.15036;-0.057939;-0.036032;0.024455
4.9604;0.38829;-0.42866;-0.59191;-0.57151;-0.3623;-0.23639;-0.045519;-0.36397;-0.17615;-0.010588;0.012504;0.075633
5.0331;0.39719;-0.48892;-0.64776;-0.56118;-0.23167;-0.3545;0.0089496;-0.20016;-0.25923;-0.091181;0.047344;0.061964
5.0952;0.37534;-0.59653;-0.62658;-0.58372;-0.1849;-0.22668;-0.07154;0.0744;-0.27516;-0.19505;0.065879;-0.069901
4.8337;0.37449;-0.55155;-0.71537;-0.37245;-0.16311;-0.24735;0.16146;-0.029921;-0.2116;-0.1439;-0.066356;-0.031179
4.6339;0.357;-0.47073;-0.47514;-0.24568;-0.1955;-0.31796;0.0056583;0.0025445;-0.12949;-0.16772;-0.12275;0.046479
4.4664;0.28451;-0.4841;-0.41991;-0.34405;-0.34163;-0.10084;-0.049648;-0.02476;-0.052129;-0.1756;-0.099849;0.015602
4.3411;0.22625;-0.2735;-0.32904;-0.18888;-0.19406;-0.32707;-0.094027;0.012691;-0.034359;-0.1537;-0.1149;0.098202
4.1955;0.16926;-0.20949;-0.24634;-0.17105;-0.19205;-0.13001;-0.043281;-0.016737;-0.036751;-0.0058072;-0.15772;-0.03485
4.2002;0.24874;-0.22255;-0.29119;-0.19048;-0.28217;-0.10836;0.14221;0.063311;-0.12746;-0.10285;-0.029174;-0.029948
4.1541;0.22829;-0.13428;-0.22991;-0.097969;-0.1199;-0.02198;0.13756;0.012139;0.049967;-0.035901;-0.17664;-0.04631
4.2191;0.17677;-0.18578;-0.1324;-0.22672;-0.21003;-0.042944;-0.02931;-0.070377;-0.088815;0.019618;-0.047951;0.010751
4.4581;0.15801;-0.19793;-0.204;-0.20582;-0.24086;-0.11376;0.076971;-0.056108;-0.11923;-0.0024799;-0.0783;0.079858
4.7736;0.28094;-0.42311;-0.32033;-0.22088;-0.31033;-0.1451;-0.02125;-0.078215;-0.092386;-0.065237;-0.11299;0.085462
4.9203;0.35252;-0.73525;-0.45989;-0.16413;-0.25315;-0.31932;-0.044173;-0.0095301;-0.036235;-0.14781;-0.18591;0.0020202
4.9942;0.31657;-0.95103;-0.40765;0.10772;-0.23148;-0.19029;-0.11291;0.083419;0.058905;-0.16022;-0.15394;-0.075908
5.0274;0.31158;-1.032;-0.25411;0.19998;-0.13872;-0.28455;-0.29802;-0.069262;-0.0076068;-0.080015;-0.058858;0.0091903
5.0651;0.30785;-0.99375;-0.37279;0.19725;-0.15144;-0.25242;-0.2487;-0.11323;-0.022392;-0.10071;-0.025218;0.03266
5.0313;0.28075;-0.98079;-0.43961;0.19333;-0.19808;-0.28562;-0.3412;-0.20932;-0.07537;-0.089332;0.041234;0.095089
5.0298;0.31423;-0.9638;-0.52687;0.086771;-0.27699;-0.293;-0.26456;-0.17717;-0.017758;-0.13919;0.04958;0.030614
5.0255;0.31646;-0.88068;-0.64042;-0.075778;-0.2325;-0.33476;-0.06389;-0.15418;-0.0015251;-0.11898;0.037101;-0.023212
5.03;0.36502;-0.80433;-0.72806;-0.17465;-0.28911;-0.28841;-0.0071975;-0.10837;-0.016641;-0.12809;0.013751;-0.068575
5.1269;0.38162;-0.85171;-0.75654;-0.25707;-0.36256;-0.24021;0.077692;-0.024034;0.0039527;-0.17319;-0.016721;-0.061655
5.1778;0.3842;-0.92087;-0.74684;-0.36313;-0.35693;-0.24495;0.11969;0.043307;-0.038837;-0.19292;-0.0087619;-0.019179
5.2591;0.37832;-0.96229;-0.72625;-0.37847;-0.37882;-0.20665;0.076918;0.05009;-0.077405;-0.22852;0.0093718;0.0062008
5.1007;0.44232;-0.83842;-0.79307;-0.49727;-0.34284;-0.10175;0.042405;-0.05034;-0.19039;-0.14186;0.067278;-0.031401
5.194;0.41027;-0.91839;-0.67768;-0.3585;-0.46961;-0.16106;0.018004;-0.048493;-0.20208;-0.2071;0.09691;0.070608
5.0073;0.37953;-0.82353;-0.50034;-0.34638;-0.51415;-0.21834;-0.077645;-0.098324;-0.22703;-0.13191;0.081756;0.12328
5.0279;0.3128;-0.82614;-0.33138;-0.31363;-0.57794;-0.27558;-0.16583;-0.17315;-0.1631;-0.087961;0.10705;0.1527
4.9473;0.32205;-0.82108;-0.31671;-0.32981;-0.6776;-0.35418;-0.13009;-0.16813;-0.16656;-0.1401;0.17712;0.21236
4.8367;0.30665;-0.55646;-0.33268;-0.41417;-0.65104;-0.44343;-0.081045;-0.22336;-0.13654;-0.015055;0.12589;0.14496
4.7215;0.33441;-0.49549;-0.32808;-0.47799;-0.58017;-0.36589;-0.19711;-0.23841;-0.1632;0.02249;0.11099;0.081454
4.6911;0.3021;-0.50629;-0.31667;-0.43281;-0.57435;-0.22941;-0.17903;-0.34273;-0.1803;0.053258;0.078284;0.07886
4.6348;0.35336;-0.44002;-0.43318;-0.44565;-0.53777;-0.11398;-0.15792;-0.42523;-0.21283;0.087111;0.065715;0.062444
4.6188;0.26876;-0.44393;-0.38735;-0.38825;-0.55853;-0.24773;-0.11971;-0.35332;-0.22647;0.057628;0.057117;0.096937
4.5656;0.30153;-0.43559;-0.36406;-0.42235;-0.54291;-0.22215;-0.20901;-0.27529;-0.20147;-0.00066307;0.084043;0.080358
4.7508;0.32728;-0.49212;-0.43845;-0.60085;-0.42917;-0.1412;-0.28897;-0.203;-0.24544;-0.02678;0.11159;0.083265
4.7198;0.31138;-0.43903;-0.44347;-0.5772;-0.42307;-0.14579;-0.2007;-0.20574;-0.17184;-0.082416;0.067356;0.071527
4.5596;0.34432;-0.36475;-0.54581;-0.47214;-0.26705;-0.080916;-0.066212;-0.17751;-0.16159;-0.12529;-0.032878;0.051523
4.4672;0.29191;-0.3493;-0.50201;-0.51645;-0.40885;0.098642;-0.14746;-0.19619;-0.2082;-0.057345;-0.019381;-0.025803
4.4272;0.22431;-0.22866;-0.12571;-0.38349;-0.55395;0.016183;0.013645;-0.25066;-0.21664;0.040015;0.048045;-0.012402
4.3497;0.16956;-0.14527;-0.060694;-0.29278;-0.53235;-0.22028;0.043659;-0.24417;-0.093547;0.079381;-0.016202;0.06692
4.1918;0.18286;-0.32639;-0.22432;-0.23538;-0.46406;-0.036202;-0.12882;-0.10715;-0.11669;-0.080298;0.041278;0.047954
4.3697;0.14453;-0.23152;-0.2936;-0.34975;-0.34104;-0.068574;-0.14936;-0.060386;-0.25934;0.033528;0.068116;0.045804
4.7173;0.24732;-0.30531;-0.43343;-0.68454;-0.2512;-0.12807;-0.21325;-0.24335;-0.14674;-0.075051;0.12236;0.051844
5.1228;0.14941;-0.41505;-0.5149;-0.69887;-0.038185;-0.10887;-0.1459;-0.029349;-0.045833;-0.24456;0.038982;-0.016762
5.1388;0.050397;-0.48062;-0.59439;-0.60315;0.089836;-0.055509;0.018541;0.015736;0.02407;-0.22392;-0.031685;-0.047885
5.1435;0.0074667;-0.49789;-0.45338;-0.61673;0.035808;-0.20773;-0.12887;0.04782;-0.0035998;-0.2113;0.064464;-0.052947
4.9098;0.060036;-0.42631;-0.3753;-0.5139;-0.10075;-0.28076;-0.049588;0.046042;-0.033484;-0.18966;-0.013336;-0.023777
4.654;0.090429;-0.45059;-0.24016;-0.30039;-0.3576;-0.26228;-0.025647;-0.031519;-0.070419;-0.1388;-0.039022;0.010735
4.6908;0.086473;-0.51863;-0.28052;-0.35238;-0.22114;-0.056643;-0.047818;0.045597;0.027151;-0.15073;-0.0048385;-0.027432
4.6536;0.076785;-0.58334;-0.25735;-0.43229;-0.22947;0.060147;-0.022042;0.0053812;0.037064;-0.12613;0.037609;0.0092239
4.4978;0.046585;-0.55464;-0.22505;-0.41022;-0.36733;-0.0051653;-0.082838;-0.093373;-0.033311;-0.085349;-0.015206;0.033528
4.4729;0.12999;-0.48369;-0.23027;-0.3981;-0.42603;-0.059276;-0.074484;-0.14399;-0.0078796;-0.091679;-0.07037;0.03901
4.6095;0.16144;-0.47073;-0.38918;-0.31751;-0.39635;-0.096932;0.029787;-0.052759;-0.055696;-0.12834;-0.03665;0.0084821
4.6597;0.15419;-0.49472;-0.23281;-0.44851;-0.34949;-0.12769;0.040935;0.055991;-0.056693;-0.11732;-0.11743;0.039495
4.8382;0.052668;-0.45261;-0.20003;-0.56224;-0.27895;-0.26832;0.11639;0.068034;-0.083248;-0.098435;-0.16081;0.054752
5.0354;-0.1289;-0.3221;-0.35742;-0.6093;-0.21509;-0.29609;0.096939;0.079886;-0.064501;-0.10355;-0.14895;0.022085
5.1591;-0.21936;-0.083757;-0.45931;-0.60088;-0.036358;-0.43334;0.084296;0.17482;-0.14315;-0.12074;-0.069018;-0.017249
5.2652;-0.249;0.0079781;-0.47775;-0.58178;0.0057193;-0.44829;0.1195;0.2247;-0.19584;-0.16621;-0.022046;0.012805
5.1726;-0.26308;0.026997;-0.42618;-0.62227;-0.010352;-0.41971;0.22806;0.22104;-0.22134;-0.12273;-0.0012165;0.042149
5.0417;-0.16706;0.16957;-0.43145;-0.56771;0.027785;-0.44336;0.14818;0.098411;-0.21814;-0.057088;-0.036651;0.012805
5.0401;-0.06119;0.13802;-0.62013;-0.73832;0.040564;-0.30458;0.067041;-0.099838;-0.20127;-0.012555;-0.079554;-0.027038
5.0204;0.011546;-0.0058962;-0.82577;-0.80929;0.13669;-0.35522;0.059198;-0.066445;-0.23986;-0.00025279;-0.090983;-0.054536
4.8326;0.091483;-0.10841;-0.76686;-0.73498;0.093594;-0.28302;0.15494;-0.10544;-0.22257;0.015528;-0.1156;-0.060786
4.5148;-0.0033018;-0.044844;-0.54115;-0.5806;0.04362;-0.32989;0.22416;-0.075899;-0.18642;0.04758;-0.090912;0.055751
4.4198;0.098158;-0.053276;-0.45753;-0.45216;0.014863;-0.19675;0.22905;-0.011165;-0.17276;0.0067515;-0.079482;0.02684
4.3582;0.077195;-0.03298;-0.37804;-0.50484;0.042799;-0.21282;0.10827;-0.029266;-0.11531;0.0084918;-0.17366;0.10414
4.1082;0.012211;0.036953;-0.25928;-0.38468;-0.18748;-0.18168;0.14404;-0.065703;-0.16081;0.07656;-0.060591;0.077727
4.0449;0.10033;-0.14192;-0.43626;-0.43906;-0.19126;-0.015786;0.17719;-0.059162;-0.11877;0.041125;-0.078766;-0.040992
3.9819;0.021319;-0.21438;-0.42439;-0.43054;-0.27083;-0.04927;0.014517;-0.062487;-0.062591;-0.062617;-0.025043;-0.071743
4.2485;-0.26864;0.049745;-0.27666;-0.22679;-0.053594;-0.041974;0.16632;0.12928;0.019123;-0.19108;0.023847;0.0013189
4.3344;-0.20241;0.13003;-0.47613;-0.37362;0.014457;0.050816;0.13681;0.0098039;0.018866;-0.25755;5.6755e-05;-0.02
4.2305;-0.13237;-0.038032;-0.61483;-0.21395;-0.22992;-0.045569;0.24637;-0.11335;0.078438;-0.21682;-0.038921;0.066697
3.956;-0.090751;-0.077468;-0.62192;-0.4715;-0.24038;-0.17726;-0.045824;-0.15912;0.077782;-0.053814;-0.010618;0.097517
4.4284;0.059258;0.19323;-0.9609;-0.72015;-0.32715;-0.49348;-0.043432;-0.17115;-0.014683;0.034834;0.084041;0.0082594
4.6593;0.13729;0.15135;-0.95672;-0.65171;-0.24351;-0.40816;0.019741;-0.18089;-0.065403;0.023037;0.040092;-0.030546
4.6689;0.16951;0.063399;-0.93643;-0.60351;-0.24368;-0.25686;0.076508;-0.22214;0.081512;0.05615;-0.06434;0.095681
4.6761;0.15373;-0.0041464;-0.88669;-0.61435;-0.27704;-0.26717;0.036813;-0.21393;0.019198;0.014553;-0.0015522;0.055841
4.5166;0.23261;-0.12444;-0.71706;-0.53138;-0.25414;-0.23678;0.049733;-0.16574;-0.084734;0.0066554;-0.0086656;0.041451
4.4121;0.1566;-0.049151;-0.65355;-0.46465;-0.33082;-0.15533;-0.0028664;-0.25162;-0.037871;-0.075348;0.017144;0.067424
4.1097;0.0012299;-0.11456;-0.56773;-0.39068;-0.42773;-0.099891;0.052425;-0.28889;-0.084735;-0.030882;-0.034736;0.085769
3.9711;0.0036327;-0.075557;-0.37883;-0.35145;-0.33979;-0.021279;0.13078;-0.34897;-0.091222;0.032328;-0.087071;0.041859
3.9358;-0.043602;-0.23193;-0.33162;-0.37973;-0.36386;0.077323;0.075188;-0.26514;-0.084937;-0.05011;-0.069679;-0.048982
3.8834;0.018926;-0.17705;-0.3004;-0.31494;-0.38563;-0.12111;-0.072866;-0.25125;-0.17912;-0.022933;0.031791;-0.022017
3.8208;-0.097885;-0.13649;-0.24158;-0.29106;-0.42253;-0.17218;-0.14944;-0.29347;-0.12359;0.012802;0.099788;-0.028825
3.7891;-0.12649;-0.13001;-0.2856;-0.32819;-0.40897;-0.08954;-0.040891;-0.1466;-0.079346;-0.098552;-0.045573;-0.04219
3.642;-0.19239;-0.13782;-0.30643;-0.19878;-0.2383;-0.028821;-0.026164;-0.058788;-0.12054;-0.047978;-0.059084;-0.095631
3.7465;-0.28973;-0.16091;-0.33427;-0.1366;-0.28909;-0.04516;-0.2172;-0.080848;-0.079532;0.0092231;0.045036;-0.072057
3.7614;-0.42792;-0.029527;-0.42395;-0.065499;-0.36716;0.07552;-0.094817;-0.1628;-0.046292;-0.010411;0.060578;-0.060702
3.8634;-0.57489;0.057598;-0.49963;-0.030383;-0.32468;0.033211;0.16374;-0.26586;0.13777;-0.062868;-0.21739;-0.033047
3.8512;-0.60089;0.16828;-0.58791;0.11389;-0.10761;-0.24341;0.060885;-0.32871;0.13446;-0.072413;-0.21569;0.025708
3.8477;-0.55103;0.29698;-0.56174;-0.089824;-0.18963;-0.21304;0.089447;-0.31939;0.0038223;-0.034556;-0.057141;0.066054
4.0037;-0.47804;0.21665;-0.60011;-0.15609;-0.32322;-0.16753;0.18539;-0.42277;0.036254;-0.0051114;-0.047291;0.079662
4.0253;-0.51662;0.29561;-0.53217;-0.11856;-0.29909;-0.17409;0.070806;-0.51941;0.11862;0.0027837;-0.071514;0.084365
3.9615;-0.4452;0.31406;-0.28037;0.01845;-0.23297;-0.11213;0.15491;-0.36476;0.054407;-0.057377;0.038643;0.065672
3.9881;-0.2177;0.16719;-0.40336;-0.041227;-0.14236;-0.062315;0.099053;-0.18695;0.12434;-0.15969;-0.058632;0.079329
4.2015;-0.022482;0.046858;-0.61551;-0.30666;-0.38404;-0.46067;-0.074759;-0.17209;0.048325;-0.14125;0.012981;0.11748
4.2788;-0.063026;-0.15052;-0.60018;-0.18837;-0.27038;-0.57119;-0.16866;-0.099233;0.030599;-0.18971;-0.052254;0.085706
4.025;-0.18257;-0.19196;-0.55629;-0.14933;-0.16726;-0.3622;-0.025393;-0.082987;0.056726;-0.2431;-0.1305;0.026175
3.8851;-0.1946;-0.19013;-0.36339;-0.30311;-0.21542;-0.2871;-0.10852;-0.0557;-0.054855;-0.043989;0.018678;0.023932
3.872;-0.22128;-0.30868;-0.37814;-0.35676;-0.1653;-0.20036;-0.023227;-0.020962;0.0018441;-0.072704;-0.012146;0.057081
3.936;-0.27628;-0.50853;-0.38073;-0.40214;-0.087836;-0.16417;-0.19746;0.048731;0.13069;0.015885;0.08335;-0.06261
3.9948;-0.24219;-0.61439;-0.41363;-0.33419;-0.028239;-0.23777;-0.32165;0.11735;0.12564;0.051684;0.14141;-0.060178
4.0526;-0.20689;-0.57879;-0.35106;-0.31392;0.028811;-0.29049;-0.33591;0.18492;0.071689;0.057313;0.136;-0.058325
3.9277;-0.20309;-0.57007;-0.37915;-0.26972;-0.099457;-0.2202;-0.22222;0.20185;0.073428;0.056147;0.093537;-0.030381
3.8046;-0.23595;-0.41339;-0.34099;-0.35787;-0.25548;-0.30689;-0.10741;0.20622;0.055278;-0.031892;0.005032;0.010582
4.1388;-0.16452;-0.57631;-0.31489;-0.45497;-0.17722;-0.25322;-0.12649;0.22935;0.13739;0.011619;-0.02215;0.035409
4.4638;-0.17964;-0.64718;-0.29748;-0.4805;-0.10077;-0.17253;-0.17043;0.25851;0.19269;0.072455;0.032926;0.022257
4.4544;-0.17445;-0.707;-0.30427;-0.52465;-0.17002;-0.083122;-0.19984;0.25984;0.21789;0.086667;0.050904;0.045769
4.4587;-0.12979;-0.69368;-0.17169;-0.58321;-0.10981;-0.082356;-0.1383;0.24703;0.17741;-0.0080439;0.063111;0.064419
4.4453;-0.10082;-0.64991;-0.16693;-0.55912;-0.13013;-0.037036;-0.1554;0.20146;0.10175;-0.045193;0.060598;0.064651
4.3993;-0.1297;-0.64192;-0.24875;-0.49995;-0.077556;-0.10073;-0.27232;0.13479;0.12957;-0.027555;0.011022;0.048463
4.2333;-0.12826;-0.72469;-0.38661;-0.48932;-0.055531;-0.13032;-0.26013;0.089722;0.16047;-0.0031234;0.018482;0.033091
4.0912;-0.12625;-0.63079;-0.31685;-0.58088;-0.14158;-0.051577;-0.27704;0.089167;0.12398;-0.064518;0.0007102;0.059944
3.912;-0.17244;-0.45143;-0.23846;-0.47596;-0.25863;-0.13113;-0.11612;0.28769;0.11995;-0.09893;-0.023645;0.036508
3.9033;-0.091594;-0.36492;-0.23762;-0.22515;-0.11314;-0.13951;-0.058006;0.26856;0.039742;-0.15925;0.009007;0.020404
3.8185;-0.072376;-0.29169;-0.15368;-0.25049;-0.029343;-0.17698;-0.20674;-0.039174;-0.069645;-0.064164;0.054849;0.071564
3.8469;0.0018497;-0.27037;-0.22543;-0.37152;-0.22074;-0.17074;-0.31796;-0.12101;-0.13156;-0.10169;0.064754;0.095636
3.9296;0.13584;-0.1239;-0.29444;-0.50708;-0.41204;-0.26225;-0.2133;-0.18918;-0.094316;-0.027415;0.0027945;0.049878
3.9471;0.11824;-0.099169;-0.24367;-0.54017;-0.45653;-0.12928;-0.29751;-0.31515;-0.054034;0.0071209;0.029021;0.013305
3.8054;0.024962;-0.22532;-0.23007;-0.46707;-0.36616;-0.12383;-0.32906;-0.33725;0.014206;0.0093187;-0.040615;0.051944
3.6194;-0.12961;-0.24918;-0.24434;-0.36289;-0.34373;0.014503;-0.14579;-0.27962;-0.038388;0.10512;-0.019612;-0.03246
3.5749;-0.19765;-0.31201;-0.31058;-0.20215;-0.12057;0.0043084;-0.075566;-0.24789;-0.075884;0.016009;0.088688;0.065565
3.484;-0.14778;-0.015772;-0.33572;-0.35874;-0.15364;-0.2647;-0.13981;-0.13306;-0.11809;0.013488;0.078714;-0.0095081
3.5952;-0.13014;-0.17201;-0.30905;-0.39156;-0.20111;-0.043371;0.17168;-0.1715;-0.09168;0.071183;-0.04004;-0.036232
3.4178;-0.18693;-0.26106;-0.23463;-0.37868;-0.26841;0.10037;0.16989;-0.0942;-0.066917;0.0027205;-0.092323;-0.089699
3.5109;-0.22023;-0.34749;-0.14405;-0.33436;-0.17119;0.21545;-0.010053;-0.2672;-0.098921;0.075365;-0.056689;-0.036494
3.3517;-0.34962;-0.4163;-0.2746;-0.3409;-0.24925;0.18005;0.12685;-0.2205;-0.053397;0.1215;0.019346;-0.031027
3.4669;-0.30206;-0.29177;-0.1316;-0.18703;-0.38958;0.029192;0.14428;-0.17446;-0.17111;0.11282;0.1303;0.018808
3.4789;-0.26383;-0.22004;-0.18984;-0.2001;-0.14851;-0.076254;0.099583;-0.26138;-0.088078;0.052567;-0.04357;0.080561
3.4897;-0.28741;-0.28263;-0.22849;-0.231;-0.15765;0.14285;-0.054688;-0.14392;0.084163;0.049299;-0.086313;0.023231
3.4842;-0.20429;-0.31583;-0.23511;-0.22671;-0.054045;0.029689;-0.072141;-0.02836;-0.076254;-0.0082765;-0.064055;-0.058342
3.3944;-0.28165;-0.36294;-0.29994;-0.23548;-0.11009;-0.079652;-0.028516;-0.026213;0.021229;0.018247;-0.045401;-0.036388
3.3549;-0.32463;-0.36528;-0.30602;-0.084039;-0.13943;0.013369;0.034894;-0.10509;-0.045043;-0.064565;0.033631;0.015975
3.4353;-0.27014;-0.24348;-0.14758;-0.20028;-0.01148;0.107;0.017428;-0.069604;-0.0214;0.038424;0.057128;-0.017413
3.4782;-0.17667;-0.21662;-0.22998;-0.28642;-0.2728;-0.029345;0.039777;-0.18759;-0.14677;0.13351;0.082792;-0.021912
3.5584;-0.19242;-0.21602;-0.069012;-0.33604;-0.23707;-0.11825;-0.040121;-0.21069;-0.15796;0.10872;0.13598;0.060137
3.4949;-0.23189;-0.19503;0.010704;-0.33623;-0.25311;-0.11044;-0.0031235;-0.19837;-0.18845;0.071453;0.072159;0.10142
3.5559;-0.26242;-0.27213;-0.070076;-0.24725;-0.16911;-0.083616;0.026333;-0.17025;-0.27943;-0.042624;0.095831;0.089426
3.3635;-0.24779;-0.24185;-0.062118;-0.2172;-0.22786;-0.010436;-0.0044326;-0.08103;-0.15129;-0.0071568;0.083947;0.056607
3.4215;-0.26794;-0.27864;-0.24507;-0.25342;-0.15485;0.053414;0.095125;-0.21071;-0.11852;-0.017399;-0.01635;0.072491
3.3822;-0.22553;-0.23023;-0.26959;-0.22756;-0.018803;0.068879;0.092864;0.07094;-0.097532;-0.067518;-0.011188;0.032109
3.4328;-0.32682;-0.32209;-0.25473;-0.26875;0.1307;0.13768;-0.049432;-0.12467;-0.14029;-0.0081656;-0.081696;-0.047762
3.4527;-0.39931;-0.39197;-0.29466;-0.39075;-0.057164;0.14165;0.11841;-0.14136;-0.070126;0.1801;-0.19954;-0.079934
3.4793;-0.39992;-0.10261;-0.07134;-0.27674;-0.11036;0.122;0.14792;-0.087626;-0.063329;0.14106;-0.138;-0.014667
3.4939;-0.35016;-0.24289;-0.10031;-0.45143;-0.189;0.16927;0.12499;-0.075719;0.017824;0.17904;-0.091068;-0.078263
3.5739;-0.2256;-0.31616;-0.14428;-0.40483;-0.048553;0.21565;0.15853;0.026166;0.014503;0.040292;-0.21937;-0.14097
3.4359;-0.35312;-0.29267;-0.14039;-0.41371;-0.18502;0.18429;0.1221;-0.1032;-0.037568;0.085129;-0.12999;-0.066401
3.5953;-0.29575;-0.19763;-0.081883;-0.28748;-0.19881;-0.047152;0.0052216;-0.17464;-0.080712;0.073769;-0.081958;-0.031109
3.5307;-0.31166;-0.21304;-0.16512;-0.20851;0.024502;-0.11733;-0.16277;-0.098743;-0.10048;0.0036726;-0.13802;-0.0065696
3.5747;-0.30492;-0.18068;-0.25809;-0.35277;0.088799;-0.062189;-0.21906;-0.10506;-0.11823;0.10051;-0.02564;0.068673
3.6378;-0.14504;-0.30337;-0.27026;-0.29869;0.06598;-0.11027;-0.17561;-0.033027;-0.046287;0.025397;-0.056213;0.090386
3.6369;-0.1378;-0.32322;-0.44923;-0.14704;0.053974;0.073316;0.042269;-0.029244;-0.12546;-0.05792;-0.0093513;0.034642
3.6302;-0.21626;-0.27174;-0.2797;-0.39704;-0.025653;0.12063;0.023651;-0.035091;-0.15216;0.063719;0.015011;-0.02243
3.5702;-0.24072;-0.24534;-0.38095;-0.39757;-0.10567;0.076574;-0.080736;-0.028868;-0.1209;0.0025508;-0.001984;0.032558
3.4996;-0.25761;-0.36097;-0.30043;-0.17352;-0.15599;-0.039558;-0.0088536;0.025993;-0.14795;-0.11034;-0.017208;-0.04665
3.4897;-0.307;-0.34789;-0.0782;-0.18072;-0.053582;-0.055039;-0.12028;-0.015869;-0.096956;-0.10671;0.010965;-0.048011
3.5352;-0.32474;-0.37818;-0.16046;-0.38208;-0.055417;-0.037355;-0.19108;0.082093;-0.10901;-0.11888;-0.0044503;0.031399
3.565;-0.22765;-0.25658;-0.21869;-0.33535;-0.17209;-0.058106;-0.022593;-0.15839;-0.10779;0.064105;0.013304;0.068623
3.5099;-0.27631;-0.28573;-0.23968;-0.36675;-0.095814;-0.018066;0.03552;-0.027017;-0.089808;0.0098833;-0.031563;-0.041519
3.381;-0.36708;-0.30731;-0.08665;-0.33969;-0.062144;-0.046101;-0.049474;0.16529;-0.038938;-0.10952;-0.043435;0.04107
3.4945;-0.26634;-0.21803;-0.16564;-0.29195;-0.0080347;-0.051234;-0.07024;-0.070386;-0.17614;-0.10045;-0.099241;-0.012945
3.567;-0.18676;-0.1703;-0.10425;-0.21364;0.081179;0.0085207;-0.30766;-0.20262;-0.14836;-0.0017236;0.04898;0.081294
3.4889;-0.21041;-0.14569;-0.029495;-0.25957;-0.10838;-0.088881;-0.19469;-0.066299;-0.10358;0.031701;-0.0014441;0.027596
3.5833;-0.21069;-0.14307;-0.012205;-0.20493;-0.14522;-0.119;-0.18418;-0.15208;-0.086518;0.14918;0.068746;-0.025657
3.5027;-0.21991;-0.15752;-0.039337;-0.22054;0.15375;0.0099976;-0.18288;-0.045486;-0.1203;0.072473;0.14595;-0.0062243
3.5249;-0.17967;-0.13359;-0.079027;-0.28603;0.064001;0.059558;0.017091;-0.12232;-0.18138;0.08948;0.0013409;-0.11431
3.5955;-0.27984;-0.21933;-0.040755;-0.20731;-0.034549;0.040374;0.15177;-0.0035221;-0.15458;0.084322;0.062591;-0.1163
3.5573;-0.26838;-0.25345;-0.14237;-0.37062;-0.16718;-0.023844;-0.022861;-0.064972;-0.028088;0.12146;-0.017403;-0.034226
3.4692;-0.30401;-0.25352;-0.18461;-0.41405;-0.089169;0.035909;0.013673;0.0021855;-0.16648;0.02815;0.011938;-0.011462
3.4229;-0.28627;-0.17682;-0.15193;-0.40686;-0.13865;0.08557;-0.072391;-0.084217;-0.047126;0.082569;0.045682;0.03897
3.3537;-0.33376;-0.23163;-0.20876;-0.22802;-0.087449;0.021135;-0.15012;-0.0459;-0.11535;0.028625;0.097488;0.064688
3.4685;-0.28244;-0.45979;-0.22545;-0.024512;-0.066089;0.036477;-0.049696;-0.042359;-0.11074;0.026692;0.024904;-0.025588
3.4485;-0.25385;-0.39319;-0.23128;-0.1044;-0.041348;-0.0010171;-0.084107;-0.10891;0.0075229;0.037519;0.029613;0.10607
3.486;-0.25485;-0.32039;-0.25844;-0.14961;-0.098567;0.0093458;-0.15429;-0.21109;-0.082211;-0.038272;-0.061069;0.0029431
3.5692;-0.12081;-0.14583;-0.046908;-0.20424;-0.14498;-0.18194;-0.30255;-0.2766;-0.018579;0.035885;0.039873;0.05349
3.5401;-0.17907;-0.20245;0.01901;-0.19605;-0.16297;-0.20457;-0.26465;-0.16801;0.033524;-0.080759;-0.092687;0.10271
3.5983;-0.25284;-0.34745;-0.24554;-0.054642;0.043459;-0.088971;-0.27748;-0.17194;0.01834;-0.049648;0.00094688;0.12319
3.639;-0.19575;-0.17433;-0.2267;-0.028459;0.14679;-0.10372;-0.24824;-0.10929;-0.098708;-0.018145;0.033454;-0.00072354
3.5176;-0.3596;-0.33887;-0.1502;-0.16189;0.078291;-0.15804;-0.075457;0.090313;-0.045111;0.07527;-0.04266;-0.10012
3.6185;-0.25033;-0.31445;-0.26531;-0.16504;0.019893;-0.074569;-0.1592;-0.11551;-0.074277;0.0014457;0.085642;0.081122
3.5812;-0.23633;-0.2725;-0.24083;-0.34742;-0.044685;0.13238;-0.057942;-0.088186;-0.010274;0.041366;0.030649;0.028635
3.565;-0.16041;-0.11601;-0.15457;-0.2309;0.015272;0.17496;-0.14197;0.0066704;-0.023856;-0.059301;-0.0058336;-0.017929
3.5744;-0.13556;-0.062077;-0.08053;-0.2885;0.030162;0.092269;-0.13528;0.026871;-0.046305;-0.063863;-0.031045;0.075428
3.4392;-0.28062;-0.21805;-0.15967;-0.16536;0.077046;0.092889;-0.049199;-0.045751;-0.12792;0.094798;-0.044875;-0.030918
3.5139;-0.27232;-0.12964;-0.099968;-0.0080155;0.043783;0.024794;-0.17863;0.14992;-0.061462;0.0021896;-0.057468;-0.085599
3.6272;-0.17425;-0.13708;-0.25198;0.037228;-0.026204;-0.022504;-0.13655;0.055963;-0.18138;0.014022;0.095963;-0.050583
3.61;-0.11893;-0.096048;-0.17119;-0.08237;0.15708;0.038833;-0.2071;-0.17087;-0.11684;0.11632;0.10247;0.072151
3.7622;-0.15423;-0.12914;-0.17766;-0.082968;0.10522;0.17804;-0.13199;-0.146;-0.16748;-0.014751;0.039858;0.030163
3.6835;-0.15969;-0.32031;-0.16041;-0.048609;0.10982;0.11812;-0.0545;-0.18007;-0.13006;-0.032431;-0.11675;0.033171
3.5554;-0.14892;-0.28192;-0.31315;-0.073833;0.053984;0.015908;-0.0044186;-0.1155;-0.11995;0.1018;0.015853;0.017903
3.5988;-0.15809;-0.28301;-0.28188;-0.1077;0.13322;0.12986;-0.13351;-0.077815;-0.1521;-0.041469;-0.0032685;0.074839
3.716;-0.1812;-0.30049;-0.11436;-0.088577;0.094364;0.21819;-0.16155;-0.054545;-0.13977;-0.0069862;0.0072974;-0.038071
3.6916;-0.16008;-0.23373;-0.16445;-0.078594;-0.21945;0.090342;-0.18933;-0.044292;0.081742;0.034375;0.044664;-0.0018181
3.6973;-0.16604;-0.28544;-0.1209;-0.18414;-0.1768;-0.093174;-0.25334;-0.15953;-0.019854;0.082226;0.068393;0.019608
3.635;-0.13447;-0.274;-0.11482;-0.25841;-0.167;-0.0095464;-0.13112;-0.19827;-0.085253;0.06377;0.061992;0.058023
3.5901;-0.26998;-0.37937;-0.12018;-0.13451;-0.096984;0.089951;-0.025267;-0.27325;-0.057985;0.11157;0.06875;0.073247
3.5879;-0.25698;-0.38749;0.015312;-0.13102;-0.09282;0.093912;0.017463;-0.16337;-0.051186;0.18732;0.046531;-0.00019388
3.6725;-0.22157;-0.31102;-0.057007;-0.20921;0.12346;-0.058565;0.017745;-0.025593;-0.14252;0.12738;0.0069447;-0.035573
3.6394;-0.274;-0.31248;-0.080378;-0.25685;0.017842;0.010589;0.087338;0.023196;-0.26748;0.049612;0.14125;0.079767
3.805;-0.1934;-0.32497;-0.18498;-0.31596;-0.082543;0.12861;0.035128;-0.049132;-0.13368;0.10419;0.19325;0.047651
3.7748;-0.16392;-0.19303;-0.17154;-0.23334;-0.12732;0.20105;-0.1157;-0.12535;-0.18411;0.020223;0.1983;0.024667
3.8994;-0.15574;-0.20639;-0.090705;-0.079224;-0.19936;0.093597;-0.009169;-0.12248;-0.13668;-0.0029936;0.057646;-0.062727
3.8285;-0.14857;-0.263;-0.10946;-0.10672;-0.091302;0.10649;-0.014289;-0.072857;-0.1833;-0.096922;0.0048696;-0.044222
3.7927;-0.19998;-0.31737;-0.065404;-0.1637;-0.1108;0.037771;0.016487;-0.048861;-0.12773;0.040178;-0.044546;-0.054754
3.7129;-0.20426;-0.17183;0.022654;-0.27679;-0.13343;0.055218;0.10863;-0.02675;-0.15;0.035015;-0.017989;0.050335
3.7743;-0.14229;-0.17989;0.097195;-0.15822;-0.082701;0.086267;0.12639;-0.039152;-0.17512;0.046842;-0.0003912;-0.11475
3.8091;-0.10103;-0.098868;0.19432;-0.20988;-0.055623;0.01745;0.088618;0.0030222;-0.11639;0.047674;-0.056826;-0.12429
3.8074;-0.089593;-0.044666;0.11695;-0.22801;0.047512;0.034837;0.075958;-0.020456;-0.15276;0.025576;-0.050817;-0.11941
3.8855;0.020154;-0.03054;0.046973;-0.065579;0.049403;0.017236;-0.15571;-0.020171;0.01074;-0.024168;-0.10855;0.0027276
3.8715;-0.016911;-0.013059;0.0095758;0.081469;0.11758;-0.025298;-0.27421;-0.01948;0.070808;-0.071996;-0.083725;0.0085064
3.9001;-0.10081;-0.097726;0.11446;0.075834;0.046155;-0.0012055;-0.20777;-0.17794;0.10422;-0.054077;-0.087943;0.041639
3.745;-0.031091;-0.16597;0.001325;-0.016885;0.00048818;0.032801;-0.089064;-0.051699;0.014533;-0.10004;-0.12924;0.03293
3.6634;-0.047194;-0.17869;-0.13037;-0.043032;-0.0081329;-0.013409;0.035244;0.014703;-0.051356;-0.042332;-0.14106;-0.016464
3.6689;-0.0016983;-0.092722;-0.13037;-0.11997;0.081515;0.10046;-0.13685;-0.070541;0.04505;-0.075349;-0.14038;0.0026664
3.7062;-0.0028309;-0.077677;-0.08846;-0.097764;0.053781;0.16664;-0.028664;-0.10355;-0.12542;0.023592;-0.079986;-0.09419
3.7938;-0.035042;-0.093465;-0.069108;-0.12097;0.02721;0.1186;0.0392;-0.055376;-0.1686;8.0995e-05;-0.12286;-0.080886
3.61;-0.11282;-0.1251;-0.21855;-0.14188;-0.015112;0.13688;-0.1347;-0.041922;-0.15708;-0.1802;0.048136;-0.0122
3.7097;-0.04687;0.023402;-0.10209;-0.17095;0.057102;0.26662;-0.044033;-0.080767;-0.095454;-0.062758;-0.095789;-0.066248
