1.7497;-0.54198;-0.23474;-0.2674;-0.17742;-0.1577;-0.10505;-0.076521;-0.05501;-0.029459;-0.0040489;0.021123;0.012856
1.8854;-0.44079;-0.12835;-0.21228;-0.17853;-0.21258;-0.17149;-0.12361;-0.065686;-0.030891;-0.0058009;0.014954;0.011177
2.6565;-0.36212;-0.036404;-0.14524;-0.28832;-0.43777;0.094925;-0.030307;-0.10864;-0.022484;-0.061642;-0.0024298;-0.0058619
2.0742;-0.3692;-0.089934;-0.20331;-0.22459;-0.23861;-0.039108;-0.07957;-0.087024;-0.040888;-0.053282;-0.048747;0.0016764
1.7472;-0.5438;-0.23463;-0.2767;-0.18819;-0.15706;-0.11082;-0.077296;-0.0491;-0.025781;-0.010641;0.016994;0.020565
1.7489;-0.55151;-0.24535;-0.28012;-0.18563;-0.16844;-0.10196;-0.065694;-0.043823;-0.031279;-0.01459;0.018236;0.022232
1.7529;-0.54799;-0.2468;-0.29189;-0.18482;-0.1569;-0.10856;-0.080609;-0.051463;-0.02126;-0.0058089;0.027163;0.015954
1.7441;-0.54611;-0.23517;-0.27033;-0.17642;-0.15548;-0.1072;-0.07612;-0.051014;-0.020529;-0.0098766;0.014633;0.017811
1.7522;-0.54344;-0.24874;-0.2753;-0.18457;-0.15955;-0.107;-0.087018;-0.052717;-0.021275;-0.020549;0.0082415;0.022083
1.7409;-0.54894;-0.23917;-0.27267;-0.18331;-0.15629;-0.10744;-0.07874;-0.046285;-0.019366;-0.0044277;0.014359;0.01589
1.7391;-0.54926;-0.24605;-0.28152;-0.19211;-0.15902;-0.10207;-0.073972;-0.044189;-0.021391;-0.012595;0.014245;0.017869
1.7429;-0.54561;-0.23715;-0.27788;-0.18387;-0.16207;-0.10643;-0.081406;-0.044178;-0.015533;-0.0035432;0.022359;0.016989
1.7413;-0.54641;-0.24105;-0.27113;-0.18334;-0.15828;-0.11239;-0.08992;-0.049984;-0.02435;-0.0037567;0.017439;0.015284
1.7492;-0.5462;-0.24161;-0.28453;-0.19305;-0.16229;-0.097901;-0.071234;-0.047388;-0.012876;-0.0064595;0.017611;0.017793
1.7735;-0.52753;-0.22355;-0.26356;-0.17544;-0.13628;-0.091132;-0.071812;-0.047614;-0.024586;0.0027278;0.016046;0.017258
1.7638;-0.53483;-0.22763;-0.2556;-0.16677;-0.13707;-0.094247;-0.066458;-0.050497;-0.025778;0.0040388;0.019021;0.015409
1.7511;-0.54563;-0.24444;-0.27165;-0.18985;-0.15868;-0.098196;-0.077664;-0.055574;-0.020646;-0.0061081;0.012614;0.018718
1.7736;-0.53105;-0.24281;-0.27811;-0.17971;-0.1258;-0.089379;-0.084471;-0.064484;-0.020852;0.0047628;0.011827;0.020331
1.7685;-0.54666;-0.26074;-0.27725;-0.17948;-0.14089;-0.10892;-0.078154;-0.035305;-0.030763;0.0017365;0.021289;0.010007
1.793;-0.54133;-0.23861;-0.26325;-0.19609;-0.12769;-0.10175;-0.084366;-0.036189;-0.046463;-0.0088496;0.014762;0.003122
1.8202;-0.5391;-0.23562;-0.23426;-0.19849;-0.14024;-0.14152;-0.096189;-0.0013744;-0.091161;-0.021993;0.046752;0.00053373
1.8757;-0.49671;-0.23981;-0.25567;-0.1142;-0.041584;-0.073377;-0.061118;-0.014832;-0.033471;0.018803;0.025423;-0.0068535
1.9235;-0.45309;-0.17773;-0.17545;-0.0832;-0.060433;-0.026654;-0.011677;-0.02784;-0.06433;-0.050263;0.0052612;0.0078565
1.8417;-0.52062;-0.24906;-0.24439;-0.15793;-0.17533;-0.13548;-0.10894;-0.07351;-0.031331;0.0016992;0.015142;0.014827
1.9265;-0.51126;-0.28777;-0.1872;-0.086329;-0.11568;-0.041595;-0.11584;-0.091566;0.017826;0.0069711;-0.0047573;0.0030946
1.9664;-0.45111;-0.17718;-0.15325;-0.11782;-0.088874;-0.014496;-0.064236;-0.10117;-0.038452;0.043637;0.032148;0.0097342
2.0966;-0.40889;-0.1855;-0.18836;-0.085495;-0.026766;-0.047752;-0.13985;-0.096182;-0.02211;0.023642;0.021761;0.016621
2.1738;-0.32143;-0.101;-0.10789;0.047753;-0.027324;-0.044657;-0.10321;-0.14458;-0.12833;-0.083457;0.029232;0.088664
2.1869;-0.35412;-0.16883;-0.16971;-0.040098;-0.065624;-0.045312;-0.12941;-0.1049;-0.039471;-0.035113;0.031394;0.090208
2.2003;-0.38726;-0.24088;-0.19219;-0.05566;-0.024249;0.047648;-0.050517;-0.14829;-0.11693;-0.06169;0.0015065;0.052852
2.257;-0.33149;-0.23858;-0.23033;-0.043258;-0.019384;0.0061335;0.035018;-0.10284;-0.16237;-0.036258;0.015694;0.038789
2.283;-0.32743;-0.22989;-0.22915;-0.0044973;0.060673;0.013579;-0.070267;-0.061429;-0.060037;-0.11214;-0.074725;0.052743
2.3;-0.39723;-0.248;-0.22832;-0.0528;-0.083287;0.021624;-0.039269;0.031185;-0.053643;-0.079818;0.033633;0.07003
2.336;-0.35089;-0.23048;-0.17413;-0.087603;-0.085989;0.071942;-0.088474;-0.088733;-0.048132;-0.079097;0.012723;0.044706
2.4441;-0.25219;-0.22637;-0.24513;0.044446;-0.005059;0.016724;-0.068684;-0.037276;-0.092864;-0.11127;-0.0017073;0.045035
2.5183;-0.33943;-0.22755;-0.11863;-0.0013727;0.027026;0.047401;-0.16499;-0.054025;0.04443;-0.0074096;-0.051987;0.009186
2.5543;-0.40077;-0.24187;-0.23122;-0.005417;-0.057671;0.050505;-0.016822;-0.094191;-0.19171;-0.027775;0.090147;0.04948
2.4739;-0.37281;-0.32016;-0.23411;-0.022548;-0.07307;-0.0071849;-0.10969;-0.068057;-0.072786;-0.045305;0.068776;0.026051
2.6855;-0.33336;-0.26333;-0.33539;-0.0082012;0.15558;0.067958;-0.023995;-0.2444;-0.27433;-0.025923;0.018669;0.067935
2.6991;-0.384;-0.22737;-0.3164;-0.010728;0.096226;0.1429;-0.021582;-0.23195;-0.17776;0.03588;-0.0071249;-0.033368
2.85;-0.48396;-0.27433;-0.2854;-0.095551;0.079911;0.066659;0.12674;-0.13278;-0.29093;0.018203;-0.034957;0.054473
2.974;-0.48954;-0.36461;-0.38927;-0.12456;0.072186;0.094164;-0.011438;-0.22401;-0.2147;-0.092229;-0.021075;0.14492
2.9789;-0.59874;-0.37445;-0.42504;-0.14284;0.01711;-0.064951;-0.031509;-0.1981;-0.1172;-0.13005;-0.074394;0.15694
3.1616;-0.63994;-0.33157;-0.47574;-0.12862;0.07148;0.13064;-0.014577;-0.14801;-0.068488;-0.21243;-0.065258;0.11216
2.9774;-0.6663;-0.25862;-0.45209;-0.04921;-0.039355;0.028961;-0.12183;-0.028824;-0.16757;-0.15295;0.080507;-0.032495
3.1167;-0.59315;-0.23439;-0.5595;-0.064234;-0.045624;0.1843;-0.0021454;-0.010089;-0.17285;-0.072966;0.055734;-0.018263
3.1784;-0.68356;-0.0052628;-0.41367;0.15246;-0.10817;0.012312;0.12347;-0.047802;-0.19611;-0.17975;0.019657;0.003942
3.3694;-0.72906;-0.023324;-0.38336;0.13002;-0.043008;0.13009;0.025078;-0.2353;-0.18145;-0.181;0.048671;0.039021
3.3652;-0.7045;0.068635;-0.45989;-0.031222;0.1736;0.033353;-0.09519;-0.070578;-0.098291;-0.1853;-0.020465;-0.032141
3.5598;-0.73971;0.019336;-0.42196;-0.13304;0.28896;-0.00024967;-0.074515;-0.054996;-0.12759;-0.07523;-0.0010117;-0.051327
3.689;-0.7735;-0.025314;-0.36484;-0.27728;0.25991;-0.025723;-0.051643;-0.071485;-0.13963;0.046423;0.071755;-0.096696
3.8396;-0.83923;0.005415;-0.30698;-0.24783;0.36563;-0.032785;-0.027817;0.040111;-0.23775;-0.066097;0.10359;-0.048521
3.8037;-0.94654;-0.042057;-0.35617;-0.32012;0.2679;-0.056318;-0.067747;0.027999;-0.2711;-0.017997;0.12364;-0.052078
3.7637;-1.0048;0.16434;-0.37435;-0.27318;0.44828;-0.092075;-0.14959;0.022004;-0.37935;-0.10634;0.13153;0.00079032
3.8023;-1.0143;0.28141;-0.4095;-0.14198;0.40509;-0.19628;0.006702;-0.12497;-0.29328;-0.073309;0.063416;0.057718
3.8617;-0.91184;0.42792;-0.42385;-0.15;0.31385;-0.24325;0.040825;-0.081196;-0.19097;-0.10913;0.10113;0.049575
3.8656;-0.88391;0.13911;-0.56098;-0.17703;0.1458;-0.051916;-0.05077;-0.080986;-0.12339;-0.069859;0.13081;0.037753
3.8839;-0.52428;0.315;-0.69955;-0.21083;-0.35407;-0.073193;-0.29756;-0.1108;-0.09426;-0.079213;0.10817;-0.04295
4.5196;-0.11562;0.34965;-0.80669;-0.53231;-0.49949;-0.50431;-0.14156;-0.10856;-0.20765;0.14026;0.043422;-0.0025035
5.1217;-0.064953;0.3941;-0.89564;-0.69068;-0.14918;-0.51584;-0.25354;-0.18496;-0.15005;0.080247;-0.018681;0.10735
5.4846;-0.1471;0.33398;-0.88469;-0.73548;-0.046187;-0.41408;-0.26554;-0.22699;-0.15836;0.016657;-0.062458;0.16221
5.6518;-0.18588;0.29146;-0.92495;-0.74064;0.0021867;-0.37877;-0.23504;-0.19024;-0.16594;-0.0096291;-0.099968;0.14501
5.7774;-0.22105;0.19009;-0.91191;-0.75779;0.0016112;-0.31579;-0.17855;-0.18333;-0.165;-0.025492;-0.12597;0.12612
5.9169;-0.21585;0.11538;-0.95309;-0.75438;0.020995;-0.30502;-0.17022;-0.17809;-0.15309;-0.046849;-0.092382;0.12857
6.049;-0.20277;0.064483;-0.99372;-0.74458;0.0047196;-0.26184;-0.18804;-0.1391;-0.16909;-0.045818;-0.070159;0.10946
6.1804;-0.20884;-0.027871;-0.98563;-0.77906;0.024866;-0.24697;-0.11172;-0.16178;-0.11627;-0.064642;-0.075969;0.11277
6.3829;-0.26943;-0.11727;-1.0268;-0.72854;0.01462;-0.24186;-0.0087488;-0.14901;-0.074355;-0.086814;-0.06862;0.11068
6.5561;-0.34544;-0.25174;-0.98095;-0.71909;0.043972;-0.26215;0.049011;-0.028892;-0.067858;-0.1027;-0.061763;0.094027
6.625;-0.4414;-0.31487;-0.86138;-0.71082;0.079077;-0.33418;0.0027738;0.064275;-0.08349;-0.076057;-0.081749;0.070034
6.7006;-0.51321;-0.36172;-0.76468;-0.67604;0.09699;-0.35149;-0.11604;0.023213;-0.053941;-0.055521;-0.015934;0.040745
6.7695;-0.54733;-0.39476;-0.73646;-0.69862;0.12777;-0.31362;-0.21942;0.035581;-0.054402;-0.062193;0.037278;0.024125
6.7575;-0.53283;-0.42066;-0.6907;-0.75286;0.14459;-0.31156;-0.2512;0.028441;-0.080261;-0.045384;0.0092747;0.054477
6.7264;-0.52515;-0.41806;-0.6961;-0.71405;0.066894;-0.3248;-0.21271;0.019029;-0.10876;-0.086055;0.027722;0.098355
6.6648;-0.49128;-0.41558;-0.72592;-0.71223;-0.013169;-0.30742;-0.15446;0.0074885;-0.1351;-0.1332;0.063712;0.10762
6.6346;-0.469;-0.4477;-0.69054;-0.7771;-0.014257;-0.30028;-0.19154;0.0048334;-0.19756;-0.11035;0.11442;0.12414
6.4376;-0.42124;-0.36071;-0.69105;-0.74078;-0.079897;-0.26793;-0.33336;-0.077451;-0.16465;-0.15661;0.21648;0.22732
6.0263;-0.34542;-0.24864;-0.62811;-0.66516;-0.10624;-0.43719;-0.37495;-0.098935;-0.16866;-0.05792;0.21435;0.17739
5.529;-0.3354;-0.073039;-0.54641;-0.64653;-0.24677;-0.496;-0.36653;-0.064238;-0.1229;0.0053574;0.16568;0.053068
5.2576;-0.46823;-0.092825;-0.67781;-0.62468;-0.17882;-0.29452;-0.36952;-0.1424;-0.096743;-0.079068;0.15809;0.15853
4.9026;-0.73254;-0.10723;-0.70454;-0.72675;-0.039467;-0.23215;-0.21867;0.19348;-0.20091;-0.057085;0.10892;0.082795
4.8002;-0.73564;-0.064041;-0.71063;-0.74545;0.030203;-0.1865;-0.20592;0.13798;-0.25174;-0.082897;0.077491;0.077281
4.7233;-0.63148;-0.060397;-0.73855;-0.51674;-0.0827;-0.35366;-0.31146;-0.041938;-0.06055;-0.14777;0.015237;0.19
4.7587;-0.61297;-0.094381;-0.66354;-0.21901;0.084492;-0.49181;-0.16577;0.12663;-0.080939;-0.068594;-0.047311;0.073907
4.5979;-0.74383;-0.054345;-0.55204;-0.34819;0.1807;-0.31445;-0.11374;0.12351;0.05152;-0.018526;-0.048725;0.018459
4.4214;-0.78882;0.096722;-0.50634;-0.20759;0.35048;-0.27774;-0.20951;0.2196;-0.036276;-0.082232;-0.023749;0.0033736
4.5813;-0.77319;0.35068;-0.43685;-0.27216;0.4328;-0.081046;-0.18235;0.040728;-0.13168;-0.1595;-0.059341;0.003505
4.5126;-0.83847;0.3954;-0.35849;-0.32759;0.29158;-0.1695;-0.30777;-0.068123;0.051513;0.0097494;-0.011436;0.019863
4.4231;-0.89299;0.40267;-0.40332;-0.29684;0.42878;-0.03063;-0.20923;-0.060068;-0.13365;-0.23177;-0.040318;0.028676
4.4326;-0.82675;0.36444;-0.4011;-0.30357;0.23627;0.1222;-0.12551;-0.080743;-0.12405;-0.19655;-0.052114;0.078394
4.2195;-0.82084;0.44912;-0.46098;-0.17548;0.26813;-0.13606;-0.1088;-0.078525;-0.1134;-0.12885;-0.035757;0.030652
4.2259;-0.74268;0.42059;-0.37632;-0.13963;0.14467;-0.011385;-0.10644;-0.15038;-0.047022;-0.157;-0.012394;0.031864
4.3377;-0.43729;0.37666;-0.57137;-0.59326;-0.33413;-0.22241;-0.15748;-0.081792;0.017067;-0.019473;0.0598;0.058235
5.1275;-0.19968;0.31753;-0.79649;-0.83952;-0.069703;-0.42121;-0.22445;-0.23711;-0.00023568;0.039127;-0.00025521;0.1699
5.4246;-0.16825;0.32097;-0.89975;-0.78096;0.027441;-0.47714;-0.22434;-0.23473;-0.11018;-0.04123;0.035509;0.1912
5.4512;-0.087727;0.25099;-0.9081;-0.72803;0.025443;-0.41603;-0.24236;-0.23616;-0.10302;-0.075175;0.021765;0.19235
5.364;-0.011108;0.16153;-0.84083;-0.72415;-0.087054;-0.3032;-0.28602;-0.26645;-0.064797;-0.082296;-0.025962;0.19499
5.2354;-0.0058833;0.22251;-0.76782;-0.70957;-0.13692;-0.31154;-0.26241;-0.28244;-0.040181;-0.079543;-0.036286;0.17916
4.9979;-0.036075;0.365;-0.79569;-0.66644;-0.2031;-0.31291;-0.26786;-0.26221;-0.052017;-0.060441;-0.035569;0.14404
4.7904;-0.25565;0.55976;-0.8327;-0.60884;-0.11758;-0.4895;-0.1523;-0.20105;-0.14213;-0.043485;0.026238;0.14824
4.4258;-0.5636;0.54069;-0.68162;-0.55055;0.031603;-0.37865;-0.097005;-0.075932;-0.30572;-0.017926;0.075477;0.12208
4.3776;-0.76711;0.72199;-0.51664;-0.61588;0.026972;-0.32298;-0.14232;-0.030232;-0.17899;-0.066331;0.015258;0.047084
4.3409;-0.73187;0.54812;-0.58597;-0.54409;-0.10323;-0.34307;-0.10408;-0.073376;-0.14745;-0.18793;0.013906;0.14094
4.3864;-0.80113;0.64361;-0.62547;-0.54016;-0.21595;-0.46353;-0.13205;-0.16378;-0.11898;-0.11315;0.057988;0.17564
4.3972;-0.80777;0.58336;-0.53659;-0.42085;-0.029616;-0.29848;-0.14536;-0.11504;-0.0066188;-0.077189;0.056994;0.082636
4.1619;-0.96856;0.50966;-0.39266;-0.36613;0.096186;-0.097558;-0.09899;0.11972;0.11663;-0.13784;0.0458;-0.02277
4.2326;-0.98626;0.32648;-0.58176;-0.14839;0.36388;-0.065839;-0.19665;-0.0003032;0.11765;-0.099362;-0.098969;-0.041096
4.2682;-1.0258;0.12831;-0.67845;-0.1845;0.38794;-0.22388;-0.31088;-0.0022127;0.1634;-0.008014;-0.011082;-0.035079
4.4487;-1.0552;0.17447;-0.61372;-0.053404;0.53002;-0.28651;-0.43616;-0.038035;0.11828;0.0058802;0.14792;-0.069467
4.4729;-0.99679;0.12617;-0.5316;0.0087654;0.60379;-0.34386;-0.47422;-0.090017;0.041796;0.037912;0.084099;-0.024167
4.5027;-0.96761;0.087357;-0.51571;-0.066066;0.63606;-0.30435;-0.43433;-0.018542;0.045867;0.038428;0.11864;-0.052329
4.5563;-0.95555;0.023988;-0.513;-0.079521;0.62702;-0.30198;-0.47834;-0.00044294;0.076196;0.024966;0.13377;-0.027873
4.6015;-0.77721;-0.17821;-0.74459;-0.42337;0.36581;-0.34194;-0.31837;0.14321;0.16139;-0.031507;0.034304;0.030435
5.3152;-0.35679;-0.17703;-0.5816;-0.91611;0.041728;-0.37775;-0.27341;0.029455;-0.0066236;-0.041327;0.021107;0.10006
6.1091;-0.39934;-0.28847;-0.58883;-1.0202;0.087887;-0.22536;-0.18813;0.025719;-0.057612;-0.17127;-0.023853;0.17805
6.3131;-0.39761;-0.40639;-0.55882;-1.0121;0.098538;-0.16913;-0.15172;0.10887;0.0076141;-0.21117;-0.047941;0.14364
6.3459;-0.4776;-0.43404;-0.47479;-0.93765;0.078614;-0.18641;-0.16414;0.11243;0.043588;-0.17355;-0.064687;0.080197
6.3923;-0.48271;-0.47584;-0.45524;-0.87711;0.056878;-0.19674;-0.17301;0.060331;0.056758;-0.1693;-0.053053;0.10215
6.4464;-0.46328;-0.50213;-0.4173;-0.88285;0.081989;-0.19442;-0.27358;0.039139;0.080153;-0.18077;-0.03366;0.1416
6.4423;-0.44638;-0.51115;-0.42941;-0.87736;0.097215;-0.20552;-0.2801;0.041518;0.067557;-0.16478;-0.031476;0.12109
6.4075;-0.42394;-0.50374;-0.4516;-0.854;0.096219;-0.20201;-0.28091;0.0177;0.061789;-0.15276;-0.023806;0.11125
6.3907;-0.3904;-0.47981;-0.47832;-0.84772;0.10274;-0.22034;-0.29052;0.032874;0.057351;-0.17441;-0.019314;0.11756
6.3356;-0.3541;-0.4535;-0.53635;-0.82311;0.062989;-0.24053;-0.24185;0.03529;0.016429;-0.16775;-0.016605;0.076179
6.3045;-0.34315;-0.37363;-0.6146;-0.79079;0.036094;-0.25157;-0.19985;0.012059;0.0094441;-0.17243;-0.024362;0.064608
6.1888;-0.26447;-0.33834;-0.66264;-0.8246;0.025987;-0.24391;-0.1943;-2.5882e-05;-0.014535;-0.17566;-0.016138;0.041528
6.046;-0.16503;-0.25692;-0.78416;-0.77399;-0.024511;-0.2334;-0.2181;-0.049068;-0.042317;-0.18482;0.02105;0.022869
5.8205;-0.054995;-0.14254;-0.83572;-0.81722;-0.030577;-0.22563;-0.23167;-0.12621;-0.159;-0.10239;0.028022;0.032815
5.5517;0.003733;-0.075507;-0.75939;-0.79616;-0.049325;-0.31857;-0.22547;-0.1382;-0.22001;-0.079365;0.057914;0.051111
5.0184;0.059484;-0.037001;-0.57954;-0.77212;-0.13371;-0.37173;-0.25394;-0.10697;-0.24187;-0.057794;0.066707;0.024217
4.6326;0.032129;-0.1458;-0.63624;-0.50102;-0.28161;-0.34901;-0.24323;-0.13458;-0.12083;-0.14263;0.078511;0.054495
4.3525;-0.11058;-0.32642;-0.69087;-0.44557;-0.12245;-0.27609;-0.11639;-0.006874;-0.058141;-0.10875;0.021055;0.050634
4.0373;-0.24707;-0.28881;-0.70716;-0.36761;0.0071439;-0.066366;0.098866;0.09872;0.082011;-0.1337;-0.11883;-0.014225
4.0748;-0.16079;-0.22557;-0.66006;-0.43092;-0.17018;-0.18284;0.011665;-0.040423;-0.10179;-0.12774;-0.10916;0.026405
4.1776;-0.24847;-0.22034;-0.52422;-0.46448;-0.22411;-0.29947;0.041548;-0.096582;-0.20125;-0.024156;-0.12959;0.096118
4.4096;-0.45113;-0.19585;-0.37094;-0.44547;-0.19073;-0.2813;-0.0023677;0.023649;-0.17469;-0.0039672;-0.13635;0.10135
4.0411;-0.55842;0.18295;-0.35536;-0.47621;-0.2934;-0.38087;-0.19689;-0.17485;-0.10296;0.07097;-0.017927;0.10666
4.0524;-0.58353;0.11532;-0.41023;-0.46111;-0.045157;-0.20536;-0.063812;-0.14051;-0.10125;0.037099;-0.15274;0.028537
3.8823;-0.55601;0.12619;-0.37067;-0.47762;-0.1089;-0.21362;-0.1322;-0.18134;-0.025243;0.11382;-0.089123;-0.0083242
4.0657;-0.38462;0.023038;-0.64461;-0.54709;-0.23928;-0.31566;-0.15193;-0.2179;-0.020282;-0.033318;-0.033928;0.065194
5.0894;-0.20814;-0.086039;-0.69624;-0.81292;-0.091346;-0.39254;-0.17886;-0.10254;-0.083377;-0.029326;0.05315;0.093147
5.7513;-0.26873;-0.15833;-0.70366;-0.89412;0.046127;-0.32167;-0.12761;-0.014191;-0.11267;-0.16371;0.0027621;0.097995
5.7228;-0.20039;-0.1128;-0.75523;-0.84404;0.046833;-0.27973;-0.16638;-0.062966;-0.073988;-0.18812;-0.007514;0.072599
5.6592;-0.22218;-0.14174;-0.63992;-0.79671;0.00062929;-0.35141;-0.16788;-0.041589;-0.11666;-0.19483;0.024782;0.12165
5.0442;-0.28975;-0.079202;-0.52459;-0.82439;0.036682;-0.31247;-0.25722;-0.055404;-0.14426;-0.16071;0.044191;0.13153
4.7201;-0.62528;-0.11228;-0.47089;-0.89549;0.10729;-0.10526;-0.18116;0.072792;-0.061942;-0.14169;0.027777;0.099393
4.8071;-0.71429;-0.025852;-0.43947;-0.92444;0.034304;-0.041065;-0.16324;-0.060421;-0.041155;-0.18133;-0.10827;0.17098
4.8583;-0.74754;-0.06232;-0.38708;-0.98403;0.11272;-0.076184;-0.31472;-0.10999;-0.10289;-0.13045;-0.010249;0.19715
4.6381;-0.78639;-0.061495;-0.25286;-0.91424;0.057197;-0.17368;-0.27843;-0.084677;-0.21208;-0.15803;0.071748;0.21982
4.4038;-0.88096;-0.10757;-0.21817;-0.76498;0.14667;-0.13486;-0.15709;0.044648;-0.15983;-0.17673;-0.025177;0.14752
4.1961;-0.81177;-0.24672;-0.42219;-0.55848;0.23976;-0.035988;-0.1098;-0.014518;-0.18877;-0.18614;0.09646;0.20222
4.0449;-0.64746;-0.25775;-0.23394;-0.46147;0.30341;0.11107;-0.067524;0.025135;-0.16551;-0.20699;0.065763;0.17991
3.881;-0.4624;-0.2057;-0.26884;-0.48737;-0.0072283;0.0149;-0.15396;-0.10688;-0.046769;-0.059907;0.016613;0.16246
3.8499;-0.27747;-0.15846;-0.38893;-0.37872;-0.23552;-0.12525;-0.18115;-0.25188;-0.10517;-0.027989;0.08971;0.14918
4.8726;0.043605;-0.10033;-0.47364;-0.76607;-0.30926;-0.37461;-0.17618;-0.29115;-0.030085;0.071319;0.011233;0.1004
5.5185;-0.052005;-0.20857;-0.3317;-0.75258;-0.32044;-0.36885;-0.10203;-0.36246;-0.093348;0.029225;-0.04345;0.13094
5.6653;-0.11973;-0.29244;-0.24607;-0.66964;-0.33816;-0.31288;-0.092313;-0.33056;-0.10946;-0.0091292;-0.054691;0.067451
5.6909;-0.16367;-0.31999;-0.25979;-0.62779;-0.30154;-0.32547;-0.0055846;-0.34651;-0.12246;0.013935;-0.081561;0.059821
5.6859;-0.15649;-0.34212;-0.2715;-0.60233;-0.27901;-0.35632;0.028525;-0.35925;-0.12984;0.053742;-0.095558;0.062165
5.6597;-0.13548;-0.35348;-0.25193;-0.61118;-0.28601;-0.33251;0.027623;-0.36979;-0.13598;0.063914;-0.092125;0.04256
5.7143;-0.13522;-0.39586;-0.30663;-0.55947;-0.27401;-0.34341;0.0028225;-0.36246;-0.12593;0.061231;-0.1011;0.045288
5.9914;-0.29273;-0.3498;-0.47215;-0.44781;-0.12454;-0.42765;-0.0653;-0.27007;-0.18167;0.11407;-0.036763;-0.054179
6.1223;-0.40601;-0.3737;-0.52002;-0.35859;-0.041198;-0.44401;-0.13875;-0.18798;-0.17587;0.078504;0.023667;-0.078624
6.2438;-0.44349;-0.42708;-0.49904;-0.32907;0.030421;-0.50267;-0.24041;-0.11884;-0.1655;0.036775;0.068778;-0.033192
6.3317;-0.48755;-0.51237;-0.4192;-0.28906;0.050601;-0.52388;-0.30497;-0.064092;-0.073283;-0.042949;0.035279;0.0097022
6.4095;-0.55443;-0.61269;-0.29329;-0.27472;0.06907;-0.51126;-0.38986;-0.040888;0.019569;-0.098928;0.033902;0.038341
6.4624;-0.57498;-0.68995;-0.18423;-0.27638;0.088124;-0.52604;-0.4649;-0.026295;0.044448;-0.099082;0.058255;0.035902
6.503;-0.6023;-0.6847;-0.1734;-0.25346;0.074152;-0.52842;-0.46492;-0.043588;0.053698;-0.092936;0.062097;0.048378
6.5053;-0.60318;-0.67632;-0.18639;-0.26444;0.077903;-0.55354;-0.45727;-0.044899;0.04562;-0.081193;0.068094;0.050947
6.4928;-0.57401;-0.64894;-0.21004;-0.28526;0.087373;-0.53737;-0.49145;-0.022184;-0.021009;-0.086637;0.10714;0.067914
6.4644;-0.50954;-0.63407;-0.31408;-0.30633;0.066016;-0.48858;-0.44539;-0.099856;-0.082274;-0.067733;0.18869;0.12955
6.51;-0.50109;-0.60564;-0.41997;-0.33069;0.092903;-0.47295;-0.40776;-0.13542;-0.12754;-0.011347;0.24824;0.11141
6.3721;-0.39805;-0.65099;-0.49619;-0.29894;0.094807;-0.49494;-0.43695;-0.1762;-0.14783;0.055178;0.27368;0.11661
6.2797;-0.31978;-0.58656;-0.60244;-0.28615;0.084792;-0.55901;-0.42462;-0.22794;-0.15923;0.13233;0.24522;0.069218
6.079;-0.24273;-0.39241;-0.6264;-0.32644;-0.031749;-0.60096;-0.39628;-0.1872;-0.14687;0.085879;0.19021;0.05001
5.6458;-0.17641;-0.089889;-0.62662;-0.33083;-0.35734;-0.68014;-0.19872;-0.11535;-0.080962;-0.073777;0.043763;0.16679
5.3697;-0.19852;-0.069362;-0.58619;-0.36811;-0.36061;-0.64103;-0.1995;-0.1182;-0.085205;-0.074251;0.05153;0.16242
5.1095;-0.35237;-0.082163;-0.63786;-0.26144;-0.33154;-0.63627;-0.14;-0.17697;-0.08754;-0.076193;0.0862;0.21467
4.8375;-0.60095;-0.22355;-0.53691;-0.20161;-0.27286;-0.5609;-0.29316;-0.14703;0.01815;-0.021644;0.18897;0.20173
4.7112;-0.55104;-0.29105;-0.90723;-0.2292;-0.086513;0.032104;-0.27111;-0.13065;0.024594;-0.12011;0.075845;0.092655
4.534;-0.49055;-0.27625;-0.88826;-0.19714;-0.24013;-0.077508;-0.19233;-0.22612;0.011804;-0.061525;0.044717;0.11352
4.257;-0.40574;-0.28712;-0.71044;-0.088707;-0.2288;-0.0056732;-0.12202;-0.15541;0.051344;-0.096813;0.10207;0.10276
3.8711;-0.44918;-0.24106;-0.43696;-0.080202;-0.2435;0.059431;-0.070679;0.019617;0.071346;-0.021341;-0.030756;-0.010755
3.6737;-0.38342;-0.28501;-0.5254;-0.26866;-0.21719;0.028855;-0.16513;-0.13607;-0.12037;0.049147;0.067169;0.00079287
3.6365;-0.46275;-0.10072;-0.52015;-0.2896;-0.19993;0.098374;-0.19372;-0.2437;0.036659;0.0026452;-0.03186;-0.008855
3.4795;-0.55824;-0.044719;-0.53496;-0.068644;-0.14393;0.13592;0.0012459;-0.21616;-0.051013;-0.033288;0.012881;0.012733
3.5905;-0.64944;-0.061393;-0.71696;-0.051578;-0.050341;0.12885;-0.10496;-0.16406;-0.080226;-0.084418;0.031748;0.045718
4.2319;-0.61169;-0.083888;-0.82166;-0.34368;-0.10592;0.0043613;-0.054993;0.0018629;0.16441;-0.020256;0.0018362;0.015001
4.2559;-0.64035;-0.10661;-0.87424;-0.40271;-0.1035;0.0085212;0.032974;0.032833;0.24471;-0.089113;-0.0067514;0.0338
3.7026;-0.71279;0.16193;-0.57455;-0.1643;0.062404;-0.1363;0.032486;-0.079801;0.063467;-0.013939;0.035991;0.066504
3.6536;-0.56496;-0.0078897;-0.40009;-0.13364;0.13066;-0.19582;0.041015;-0.11184;0.025921;-0.090122;-0.15525;0.11492
3.7695;-0.3499;0.064814;-0.40791;-0.47865;-0.24657;-0.2772;-0.097672;-0.084822;-0.049406;0.0056058;-0.0062116;0.17421
4.7837;-0.099821;-0.1951;-0.47152;-0.7797;-0.30335;-0.17549;-0.40951;-0.16484;-0.043793;-0.062342;0.13313;0.19
5.322;-0.21388;-0.37537;-0.25718;-0.88173;-0.2041;-0.16752;-0.41995;-0.18297;-0.053735;-0.19308;0.19029;0.28411
4.7893;-0.32293;-0.32978;-0.041962;-0.91101;-0.37423;-0.059025;-0.40431;-0.31269;0.014582;-0.037454;0.04835;0.21003
4.6046;-0.63488;-0.35163;-0.098975;-0.74616;-0.10057;0.20969;-0.18316;-0.32001;-0.051368;-0.091239;0.01651;0.1815
4.6175;-0.75058;-0.25227;0.14648;-0.54642;-0.25582;-0.11523;-0.23417;-0.08781;-0.029954;-0.069129;0.024843;0.088395
4.6357;-0.9565;-0.52682;0.11706;-0.57955;-0.2594;0.037151;-0.098194;-0.11918;0.0071857;-0.047119;0.0075547;0.074134
4.5517;-1.0123;-0.58416;-0.21785;-0.56195;-0.12954;0.093555;0.010673;-0.36664;-0.27694;-0.031535;0.13701;0.28492
4.5359;-1.0019;-0.66231;-0.31521;-0.51396;0.0044026;0.28815;0.090898;-0.13853;-0.15322;-0.13038;0.085033;0.16539
4.3824;-0.97863;-0.44259;-0.089847;-0.42891;-0.059776;0.29721;0.035599;-0.18392;-0.096696;-0.016232;0.024436;0.0748
4.2729;-0.97921;-0.40853;0.050674;-0.36486;-0.047534;0.078636;-0.10865;-0.16667;-0.13282;0.0056241;0.075543;0.063061
4.2463;-0.79026;-0.28678;0.049251;-0.29444;0.10873;0.22413;-0.088331;-0.19767;-0.16777;-0.091427;0.078819;0.095921
4.0612;-0.67382;-0.35507;-0.11095;-0.43118;0.069893;0.23958;-0.10623;-0.31934;-0.097676;-0.10489;-0.022595;0.153
4.871;-0.27672;-0.51647;-0.39007;-0.70021;-0.2317;-0.15288;-0.34134;-0.24077;-0.021313;0.041966;0.12663;0.19137
5.9418;-0.39997;-0.58437;-0.33969;-0.79305;-0.074105;-0.075886;-0.27969;-0.23836;-0.0032187;-0.09337;0.052607;0.19471
5.3894;-0.39385;-0.35405;-0.17898;-0.74409;-0.11237;-0.20824;-0.35571;-0.23555;-0.013284;-0.10748;0.04312;0.19341
5.1324;-0.51194;-0.23898;-0.2873;-0.49198;-0.064052;-0.34397;-0.1108;-0.2846;-0.28955;0.043268;0.2251;0.19954
5.2943;-0.7225;-0.10036;-0.33567;-0.37024;-0.26812;-0.25772;-0.038861;-0.16149;-0.24854;-0.072024;0.19566;0.20018
6.0244;-0.38588;-0.58433;-0.45445;-0.50928;-0.20206;-0.10756;-0.3254;-0.27613;0.025881;-0.031731;0.10493;0.15841
6.4077;-0.45949;-0.71265;-0.37011;-0.46668;-0.068525;-0.13349;-0.34276;-0.33034;0.074407;-0.015863;0.13457;0.121
6.3499;-0.4453;-0.78217;-0.36333;-0.32636;-0.030583;-0.14681;-0.3378;-0.32904;0.0054434;-0.05781;0.16459;0.13341
6.3272;-0.43694;-0.70018;-0.3932;-0.27166;-0.086305;-0.16452;-0.35761;-0.28341;0.034479;-0.13132;0.13772;0.1324
6.3103;-0.43748;-0.64151;-0.39045;-0.29286;-0.11133;-0.17888;-0.37081;-0.2766;0.055145;-0.14927;0.12209;0.11928
6.2637;-0.41649;-0.60166;-0.36416;-0.27826;-0.16663;-0.22238;-0.34164;-0.24432;0.071452;-0.15303;0.0844;0.086139
6.181;-0.35302;-0.59224;-0.31056;-0.32126;-0.23005;-0.1948;-0.33813;-0.27374;0.066683;-0.12905;0.074475;0.084543
5.9979;-0.22761;-0.59787;-0.27101;-0.36763;-0.31679;-0.17202;-0.27993;-0.29885;0.035344;-0.11123;0.04781;0.077628
5.7025;-0.093852;-0.46345;-0.21719;-0.48015;-0.40938;-0.23613;-0.20811;-0.24729;-0.032508;-0.14131;0.032924;0.087333
5.4827;0.022436;-0.41119;-0.26092;-0.47157;-0.38313;-0.3403;-0.20076;-0.27223;-0.11336;-0.036283;0.12123;0.019767
5.0613;0.045647;-0.32526;-0.25028;-0.38864;-0.44539;-0.41528;-0.26233;-0.22178;-0.0060346;-0.066066;0.030333;0.077431
4.4858;-0.047097;-0.36895;-0.25348;-0.4459;-0.50048;-0.24874;-0.25829;-0.18427;0.032995;-0.088886;0.10006;0.038603
4.1976;-0.093348;-0.24055;-0.16224;-0.43719;-0.54745;-0.23563;-0.26043;-0.2441;-0.02752;-0.072567;0.037823;0.11619
4.0784;-0.083007;-0.27868;-0.18039;-0.24469;-0.41707;-0.21452;-0.49979;-0.22746;0.049958;0.034306;-0.040464;0.10195
3.8582;-0.14988;-0.35722;-0.32334;-0.10368;-0.28356;-0.50719;-0.49367;-0.082164;0.051657;-0.073518;-0.026263;0.072413
4.0206;-0.28767;-0.24729;-0.2875;-0.21252;-0.22067;-0.39144;-0.5771;-0.01731;0.057011;-0.061277;0.073962;0.11466
3.9376;-0.54105;-0.25187;-0.10021;-0.35748;-0.1314;-0.30569;-0.51831;-0.072844;0.064294;-0.030758;-0.0059886;0.13265
3.9538;-0.71255;-0.25798;-0.15084;-0.38472;-0.07779;0.22401;-0.18388;-0.094389;0.0097538;0.025834;-0.084145;0.020667
3.9312;-0.60716;-0.16116;0.01313;-0.39798;-0.13842;0.18463;-0.21841;-0.16829;0.035394;0.074302;-0.030517;0.023745
4.0259;-0.67234;-0.32154;0.12483;-0.53384;-0.21731;0.031545;-0.2968;-0.30961;-0.046545;0.066934;-0.0037052;0.10647
3.9625;-0.48354;-0.37035;0.037484;-0.52369;-0.33541;0.27304;-0.25402;-0.30577;-0.081115;0.1194;0.029411;0.055415
4.4406;-0.038355;-0.42318;-0.30271;-0.55656;-0.52579;-0.12572;-0.30238;-0.2468;0.009837;0.053228;0.093116;0.028644
5.3353;0.021617;-0.54184;-0.45934;-0.53004;-0.59722;-0.059067;-0.037035;-0.37174;0.0060391;-0.16454;0.090587;0.020535
5.5444;0.043376;-0.55619;-0.50093;-0.56484;-0.54512;-0.019249;-0.0069867;-0.34174;0.0053044;-0.20354;0.031616;0.0046103
5.586;0.053417;-0.52848;-0.55825;-0.54479;-0.52687;-0.019351;-0.018684;-0.3345;0.044373;-0.231;0.012034;0.024257
5.5511;0.080264;-0.5144;-0.58914;-0.50242;-0.53621;-0.064323;0.0077579;-0.35488;0.0087265;-0.2152;0.047798;-0.0056938
5.3759;0.18986;-0.51074;-0.56816;-0.47737;-0.58;-0.072303;-0.017725;-0.38261;-0.042252;-0.20887;0.10316;-0.020379
5.2063;0.23198;-0.44308;-0.552;-0.42588;-0.59199;-0.14815;-0.044567;-0.3618;-0.013204;-0.23203;0.07939;0.06514
4.9409;0.1261;-0.42932;-0.32849;-0.59094;-0.58726;-0.098922;-0.12538;-0.34118;-0.064899;-0.14738;0.055228;0.1151
4.532;-0.14593;-0.3358;-0.21277;-0.88892;-0.4469;0.10014;-0.22984;-0.22691;-0.089222;-0.06122;-0.0064965;0.051573
4.3307;-0.3132;-0.53792;-0.2968;-0.68213;-0.35004;0.085667;-0.097589;0.092857;-0.16034;-0.17617;-0.0064772;0.06584
4.2889;-0.32533;-0.42782;-0.16755;-0.7538;-0.30481;0.063375;-0.10363;0.088901;-0.16005;-0.21614;-0.041136;0.12021
4.205;-0.33282;-0.32359;-0.09324;-0.68765;-0.30203;-0.14016;-0.28624;0.13099;-0.29314;-0.22678;0.13171;0.19061
4.22;-0.53286;-0.315;0.053043;-0.81337;-0.3491;0.038015;-0.401;-0.23552;-0.2026;-0.044019;0.12918;0.19685
4.1775;-0.72194;-0.4748;0.15242;-0.72697;-0.23684;0.026969;-0.27653;-0.18617;-0.15566;-0.032047;0.084966;0.14841
4.0849;-0.63794;-0.54339;0.25931;-0.58465;-0.02572;0.18476;-0.01805;0.02453;-0.056648;-0.081738;-0.041445;0.02423
3.5742;-0.34785;-0.4206;-0.029936;-0.42329;-0.068831;0.074774;-0.079504;-0.053201;-0.061443;-0.058495;-0.065783;0.0089096
3.3364;-0.28118;-0.35514;-0.099663;-0.52437;-0.17003;-0.034938;-0.11007;0.046759;-0.11824;-0.15987;-0.0098721;0.12557
3.2918;-0.41019;-0.28935;-0.10594;-0.70448;-0.27671;-0.10533;-0.2168;-0.19425;-0.070513;-0.085052;-0.07914;0.1389
3.2284;-0.39557;-0.18368;-0.1119;-0.58283;-0.3269;0.10794;-0.23748;-0.31855;0.066011;-0.06572;-0.1005;0.085695
3.549;-0.73623;-0.094193;-0.37589;-0.47268;-0.13838;-0.019693;0.064132;-0.14422;0.1927;-0.10215;-0.14084;0.1011
3.9853;-0.89907;-0.042965;-0.6786;-0.60181;-0.22122;-0.15878;0.0036402;-0.15861;0.24171;-0.11454;-0.1875;0.15819
4.0255;-0.81654;0.022907;-0.60148;-0.44353;-0.10274;0.11872;0.19303;-0.10372;0.29075;-0.10257;-0.16482;0.041713
4.1186;-0.62567;0.13397;-0.68938;-0.27115;0.089024;-0.032187;0.25856;-0.073156;0.092187;-0.058597;-0.12974;0.039794
4.1238;-0.51887;0.23628;-0.72915;-0.37765;0.13953;-0.042384;0.16213;-0.10995;0.11861;0.023489;-0.11494;0.03307
4.3614;-0.17389;0.10256;-0.79063;-0.68627;-0.061933;-0.28274;-0.11294;-0.16028;-0.093531;-0.00052349;-0.032306;0.10448
5.3665;-0.10602;-0.19245;-0.65017;-0.94685;0.06078;-0.32242;-0.23421;-0.11591;-0.091131;-0.074835;-0.0010779;0.12544
5.6368;-0.04029;-0.37908;-0.57353;-0.95962;0.027514;-0.1932;-0.21107;-0.083796;-0.098527;-0.13444;-0.0078899;0.033938
5.7522;-0.073131;-0.48488;-0.4687;-0.93865;-0.033096;-0.11726;-0.20087;-0.076423;-0.023897;-0.16439;-0.039467;0.025882
5.7057;-0.068999;-0.58168;-0.3846;-0.86222;-0.10335;-0.079952;-0.19134;-0.1061;0.024351;-0.13945;-0.062886;-0.015441
5.5515;-0.0054676;-0.66533;-0.33269;-0.71981;-0.15139;-0.16029;-0.13804;-0.13929;-0.040606;-0.08469;-0.014153;-0.062747
5.4905;0.086943;-0.79177;-0.24526;-0.64693;-0.219;-0.20177;-0.070906;-0.18637;-0.12097;-0.00078587;-0.0044153;-0.091937
5.4463;0.1665;-0.90312;-0.21952;-0.57666;-0.29843;-0.20282;-0.0046896;-0.1588;-0.14704;-0.018618;0.0017509;-0.08071
5.3382;0.26608;-0.97213;-0.2454;-0.45055;-0.32568;-0.31482;0.022681;-0.096606;-0.20226;-0.06336;0.053657;-0.035803
5.1405;0.3266;-0.92481;-0.2522;-0.39547;-0.3067;-0.32185;-0.10999;-0.06111;-0.19199;-0.068204;0.045896;-0.050723
4.7723;0.28582;-0.76974;-0.24456;-0.31692;-0.2673;-0.34171;-0.2569;-0.024438;-0.12189;-0.042234;-0.014454;-0.06261
4.5029;0.353;-0.64312;-0.41454;-0.41747;-0.32577;-0.20975;-0.11958;-0.053625;-0.15628;-0.038639;-0.077326;-0.099268
4.29;0.29445;-0.62391;-0.56379;-0.26649;-0.29799;-0.25195;-0.17375;-0.04304;-0.08819;-0.099536;-0.0062427;-0.065584
3.9943;0.2163;-0.62542;-0.53105;-0.26242;-0.26993;-0.18435;-0.18484;-0.11882;-0.11232;-0.068032;0.040982;-0.042432
3.9191;0.17614;-0.58644;-0.47421;-0.2742;-0.36147;-0.13036;-0.19287;-0.041919;-0.023742;-0.089366;-0.028075;-0.081779
3.854;0.23994;-0.44557;-0.42622;-0.29596;-0.32914;-0.20075;-0.2458;-0.18719;-0.12;-0.0019684;0.010163;-0.033066
3.9716;0.13357;-0.44029;-0.42284;-0.32329;-0.29136;-0.23436;-0.20665;-0.19405;-0.10885;-0.078162;0.034856;-0.0022413
4.1092;-0.10844;-0.3419;-0.24281;-0.4207;-0.3131;-0.22632;-0.16235;-0.13504;-0.13943;-0.12363;-0.057393;0.075844
5.2117;-0.52182;-0.61465;-0.23619;-0.42595;-0.21357;-0.17983;-0.0074979;-0.084117;-0.18047;-0.20182;0.068604;0.20866
5.0219;-0.34788;-0.5315;-0.1492;-0.36747;-0.29719;-0.32762;-0.14096;-0.097749;-0.21822;-0.19269;0.063357;0.21082
5.1373;0.17142;-0.77412;-0.53038;-0.3249;-0.27541;-0.3712;-0.1106;-0.091288;-0.13315;-0.1487;0.054976;0.040183
5.3504;0.20631;-0.97169;-0.51499;-0.2961;-0.26325;-0.35868;-0.07118;-0.034963;-0.012117;-0.16398;-0.0010279;-0.038662
5.3482;0.1749;-0.97489;-0.5416;-0.22896;-0.20123;-0.39407;-0.026502;-0.036548;0.041701;-0.12847;-0.043668;-0.059972
5.4134;0.12914;-0.9298;-0.56915;-0.17517;-0.22826;-0.41194;0.0025096;-0.084244;0.084228;-0.12077;-0.05792;-0.051576
5.4566;0.10738;-0.91015;-0.57768;-0.14296;-0.2441;-0.41016;-0.0059311;-0.090102;0.091688;-0.14393;-0.053639;-0.052875
5.4812;0.11788;-0.89365;-0.59444;-0.1003;-0.27821;-0.43147;0.0097097;-0.122;0.058632;-0.14559;-0.040151;-0.030004
5.4474;0.15685;-0.86568;-0.60891;-0.10899;-0.31397;-0.39409;-0.00026299;-0.18361;0.044002;-0.15827;-0.005202;-0.011341
5.5948;0.12176;-0.87434;-0.66688;-0.092695;-0.32852;-0.38903;0.03769;-0.19694;0.076468;-0.1822;0.012921;0.0025798
5.7611;0.034868;-0.79288;-0.78867;-0.085027;-0.41438;-0.39231;0.13508;-0.17503;0.085143;-0.20977;0.0077135;0.023162
5.7761;0.032314;-0.79329;-0.81709;-0.087523;-0.49717;-0.35426;0.11304;-0.15797;0.048247;-0.27327;0.069087;0.045296
5.7245;0.094345;-0.80973;-0.78806;-0.16958;-0.48973;-0.33565;0.099757;-0.17811;-0.028698;-0.26127;0.10388;0.068276
5.7201;0.12318;-0.7579;-0.76445;-0.21869;-0.46326;-0.36451;0.12725;-0.27847;-0.085114;-0.21993;0.11403;0.11479
5.7797;0.088241;-0.75222;-0.75645;-0.16932;-0.53283;-0.32454;0.077674;-0.34;-0.10075;-0.23269;0.18462;0.13736
5.901;0.0059897;-0.77069;-0.75661;-0.12594;-0.58747;-0.31809;0.069342;-0.34463;-0.10288;-0.24172;0.23827;0.16816
5.8162;0.035694;-0.78829;-0.70572;-0.12567;-0.60898;-0.28325;-0.0318;-0.38701;-0.10343;-0.22496;0.27088;0.16485
5.6114;0.13221;-0.77044;-0.71401;-0.24069;-0.55001;-0.20413;-0.1789;-0.41022;-0.02845;-0.17221;0.19243;0.13462
5.4343;0.20286;-0.75422;-0.6381;-0.38567;-0.52728;-0.15093;-0.24553;-0.3945;-0.018496;-0.11866;0.12798;0.14024
5.1188;0.30791;-0.70207;-0.50911;-0.45597;-0.57265;-0.19541;-0.21827;-0.34317;-0.11142;-0.071036;0.16294;0.098362
4.6805;0.43762;-0.59513;-0.45364;-0.39197;-0.62224;-0.2787;-0.20416;-0.32028;-0.11257;-0.06389;0.12787;0.051173
4.4552;0.50108;-0.51108;-0.49873;-0.36072;-0.58752;-0.30742;-0.2495;-0.30456;-0.12141;0.017236;0.066655;0.03286
4.3964;0.47354;-0.41701;-0.45752;-0.3713;-0.61615;-0.3553;-0.27875;-0.24168;-0.089638;-0.010897;0.067459;0.018011
4.4529;0.41944;-0.42279;-0.30433;-0.51052;-0.62752;-0.31704;-0.28156;-0.15488;-0.15355;-0.083387;0.14164;0.070046
5.1607;0.11984;-0.62546;-0.10077;-0.72318;-0.41482;-0.20333;-0.36042;-0.24964;-0.1146;-0.078861;0.11391;0.16323
5.1946;0.20513;-0.57591;-0.26877;-0.8176;-0.33078;-0.13512;-0.32707;-0.28203;-0.13756;-0.088126;0.12378;0.14919
4.9064;0.28954;-0.54076;-0.31896;-0.71106;-0.3446;-0.17686;-0.25735;-0.23968;-0.17129;-0.11052;0.10538;0.11936
4.3471;0.3255;-0.40783;-0.22676;-0.54819;-0.41519;-0.21606;-0.38052;-0.26356;-0.14726;0.057342;0.026557;0.050602
4.0746;0.32397;-0.23626;-0.29606;-0.4872;-0.52792;-0.23695;-0.40977;-0.2695;-0.034348;0.037515;0.011103;-0.0053819
3.9432;0.25413;-0.24837;-0.15548;-0.47579;-0.66256;-0.33689;-0.3276;-0.16232;-0.035455;-0.029034;0.046774;-0.0033131
3.6779;0.044019;-0.291;-0.22585;-0.40113;-0.49862;-0.43772;-0.39073;-0.090934;-0.059106;-0.0017099;0.067522;-0.020733
3.6654;-0.23612;-0.33536;-0.17862;-0.15427;-0.25043;-0.30972;-0.20092;-0.095376;-0.17436;0.050356;0.13894;0.067666
4.5833;-0.52624;-0.51251;-0.24497;-0.3454;-0.019509;-0.22891;-0.21017;-0.088488;-0.30649;-0.12716;0.10506;0.1003
4.3157;-0.40718;-0.44608;-0.406;-0.40637;0.03692;-0.19161;-0.24606;0.015249;-0.31831;-0.1735;0.18699;0.10701
4.6461;-0.11616;-0.32551;-0.36051;-0.70123;-0.093217;-0.21657;-0.29187;-0.23027;-0.1006;-0.038453;0.091384;0.11406
5.6004;-0.24495;-0.52465;-0.40804;-0.81739;-0.031256;-0.13906;-0.27086;-0.17634;0.033648;-0.13944;-0.010459;0.12348
5.5838;-0.23142;-0.72209;-0.30872;-0.68882;0.0085257;-0.055474;-0.2576;-0.2036;0.050557;-0.087111;0.054368;0.060361
5.4772;-0.15949;-0.78249;-0.28655;-0.6275;-0.081913;-0.066248;-0.1814;-0.24553;0.022657;-0.039386;0.053013;0.0066915
5.3159;-0.041247;-0.87112;-0.31664;-0.61717;-0.13546;-0.030081;-0.099564;-0.28302;0.001108;0.0064242;0.065446;-0.030107
5.1584;0.035435;-0.92108;-0.41191;-0.58536;-0.11218;0.0027657;-0.075372;-0.26954;-0.0065372;0.0019149;0.080029;-0.016623
4.9407;0.056541;-1.0357;-0.42812;-0.5383;-0.15758;0.03381;-0.07168;-0.2694;-0.060605;-0.0039474;0.13378;0.02402
4.7945;0.029894;-1.147;-0.44182;-0.59561;-0.18383;0.11137;-0.057362;-0.16636;-0.056203;0.055965;0.1324;0.011432
4.8692;0.061459;-1.094;-0.39095;-0.59035;-0.17182;0.12061;-0.068201;-0.17228;-0.030814;0.030229;0.10075;0.0025519
5.0651;0.021234;-1.0656;-0.33234;-0.71158;-0.13652;0.092469;-0.11173;-0.18207;-0.0040341;0.034512;0.082258;-0.005251
5.3149;-0.061181;-0.93771;-0.35548;-0.75961;-0.05964;0.019381;-0.12236;-0.13984;0.057986;-0.027538;0.07692;0.019949
5.5191;-0.17009;-0.74646;-0.40118;-0.80498;0.0050368;-0.049724;-0.12904;-0.088458;0.076734;-0.031494;0.05108;0.022355
5.6277;-0.24502;-0.56143;-0.49003;-0.82228;0.062793;-0.15682;-0.096225;-0.019595;0.056787;-0.0018804;0.022559;-0.00907
5.6967;-0.30841;-0.41551;-0.61395;-0.85242;0.12634;-0.25804;-0.06524;0.057025;0.017698;0.0063262;0.011605;-0.036569
5.7398;-0.35694;-0.29342;-0.66688;-0.83984;0.082437;-0.2565;-0.062963;0.041555;0.023937;-0.010374;-0.030603;-0.027985
5.731;-0.37606;-0.16062;-0.65979;-0.85597;0.060668;-0.25539;-0.033391;0.023658;-0.015291;-0.052377;-0.061675;-0.032544
5.5713;-0.30814;-0.040551;-0.66931;-0.88128;0.071663;-0.32119;-0.019256;0.016472;-0.10742;-0.088518;-0.064023;-0.039737
5.3629;-0.25259;0.028887;-0.60017;-0.92935;0.14547;-0.35735;-0.148;-0.011718;-0.13256;-0.1237;-0.038003;-0.00082719
5.0019;-0.18973;-0.072039;-0.36452;-0.80985;0.069526;-0.3966;-0.3242;-0.074737;-0.11898;-0.092285;0.079554;0.014331
4.6304;-0.027829;-0.17801;-0.52386;-0.85251;0.016029;-0.35707;-0.14178;-0.073534;-0.14042;-0.064861;-0.027201;-0.033956
4.1674;0.042636;-0.18313;-0.57287;-0.78088;-0.050054;-0.29861;-0.046043;-0.014005;-0.21755;-0.034447;-0.012762;-0.084395
3.9432;0.025717;-0.22466;-0.56726;-0.71135;-0.063176;-0.20749;0.033399;0.019231;-0.20564;-0.067926;-0.029348;-0.10923
3.6028;0.036832;-0.21183;-0.47198;-0.70365;-0.1783;-0.10823;-0.013967;-0.10458;-0.090112;-0.024978;-0.13236;-0.043608
3.4486;-0.068702;-0.19237;-0.44323;-0.6426;-0.10612;0.10514;-0.070383;-0.02781;0.043044;-0.031203;-0.098686;-0.058156
3.5659;-0.33505;-0.14897;-0.29743;-0.7013;-0.095337;-0.091765;-0.072075;0.09903;-0.036905;-0.11629;-0.069485;0.042177
4.0448;-0.62712;-0.2034;-0.21917;-0.64755;-0.015101;-0.16766;-0.19978;0.15275;0.00072317;-0.079474;0.047006;0.11616
3.7845;-0.6872;-0.073308;-0.18911;-0.63955;0.22374;-0.14103;0.11366;0.36159;-0.17052;-0.16236;0.080656;0.047618
3.5894;-0.59056;-0.079217;-0.3026;-0.5852;0.2807;-0.26494;-0.24553;0.021682;-0.15396;-0.012926;0.13919;0.058377
3.8166;-0.17787;0.095517;-0.54028;-0.71533;-0.11767;-0.4872;-0.20524;-0.046225;-0.032356;-0.042551;0.03812;0.074675
4.6604;-0.095107;0.28746;-0.94616;-0.78956;-0.054082;-0.59624;-0.17183;-0.12101;-0.12682;0.082344;0.042715;0.061316
4.9874;-0.10098;0.29435;-1.0024;-0.7566;0.066152;-0.52705;-0.17009;-0.13924;-0.22137;0.0023702;0.013925;0.084708
4.8977;-0.064184;0.23711;-0.94294;-0.7369;0.086714;-0.49271;-0.11772;-0.14766;-0.2513;-0.012594;-0.038901;0.057763
4.6301;-0.10321;0.29008;-0.87674;-0.65489;0.023073;-0.52407;-0.083439;-0.11918;-0.26055;-0.039355;-0.0055631;0.016919
4.26;-0.08506;0.23544;-0.63505;-0.53554;-0.17783;-0.54106;-0.055664;-0.17459;-0.29325;0.035138;-0.0035549;0.041631
3.8533;-0.0022547;0.22958;-0.5995;-0.42039;-0.37487;-0.60542;-0.16733;-0.14552;-0.15819;0.066438;-0.0001364;0.038741
3.5601;-0.089508;0.013175;-0.42336;-0.30064;-0.55014;-0.43922;-0.11038;-0.107;-0.039054;-0.10388;0.066027;0.15649
3.3674;-0.064938;-0.089606;-0.31784;-0.34684;-0.34256;-0.23101;-0.17382;-0.14154;-0.030439;-0.10683;-0.022113;0.1461
3.3182;-0.10136;-0.15902;-0.21304;-0.24385;-0.26389;-0.20283;-0.20912;-0.14555;-0.091526;-0.055268;0.10724;0.14541
3.1795;-0.11913;-0.08012;-0.33567;-0.2573;-0.13082;-0.13318;-0.06625;-0.055724;-0.088044;-0.088114;-0.015853;0.12283
3.0993;-0.18748;-0.16476;-0.2154;-0.16295;-0.049775;-0.057323;-0.054744;0.066368;0.030797;-0.025259;-0.11311;0.045944
3.175;-0.3391;-0.10913;-0.33544;0.18506;-0.053796;0.068519;-0.054622;0.1248;-0.073452;-0.10506;-0.073158;-0.11426
3.3342;-0.45448;0.086941;-0.46096;0.24151;-0.19604;-0.0062739;0.025823;0.078038;-0.076507;-0.15107;0.0061012;-0.047823
3.3459;-0.58044;0.2489;-0.45983;0.17064;0.019398;-0.13361;0.17325;0.027355;-0.055068;-0.1315;-0.16792;-0.04795
3.4742;-0.7551;0.14747;-0.64839;0.0020432;0.017661;-0.18494;0.36865;-0.022386;-0.10522;0.0087696;-0.11278;0.01363
3.6848;-0.74766;0.19798;-0.53876;0.036302;-0.066403;-0.18419;0.27627;-0.067804;-0.098469;-0.030239;-0.16569;-0.034856
3.6433;-0.83741;0.2801;-0.22556;0.14903;-0.062348;-0.3628;0.32614;0.060837;-0.11912;-0.020889;-0.15859;-0.012385
3.7122;-0.86009;0.32099;-0.3484;-0.036818;0.31686;-0.19545;0.14924;0.012795;-0.26462;-0.03555;-0.062799;0.008764
3.6554;-0.81207;0.36007;-0.42035;-0.2513;0.34854;-0.075028;0.12721;-0.020635;-0.20758;-0.026086;-0.01602;-0.0038433
3.5488;-0.83227;0.19164;-0.42163;-0.2838;0.40765;-0.024783;0.097667;-0.096101;-0.15175;-0.040245;-0.077792;-0.0040206
3.6035;-0.71586;0.21547;-0.5934;-0.44733;0.23441;-0.30987;-0.043491;-0.036645;-0.082901;-0.027262;0.066262;-0.0063021
3.9784;-0.42377;0.20591;-0.45514;-0.50583;0.084847;-0.50041;-0.1243;-0.073772;-0.16354;-0.018874;0.11595;0.066246
5.0949;-0.22159;-0.3755;-0.4479;-0.59766;0.029987;-0.4732;-0.37447;-0.10154;-0.07752;-0.065685;0.10601;0.095609
5.5886;-0.32727;-0.54653;-0.53212;-0.50169;0.18688;-0.34891;-0.35299;-0.13754;-0.10718;-0.068987;0.15968;0.10117
5.7152;-0.44688;-0.77861;-0.45562;-0.52394;0.30388;-0.20009;-0.25877;-0.043914;-0.092139;-0.075181;0.044054;0.081319
5.7874;-0.51734;-0.89384;-0.49319;-0.61725;0.23489;-0.17011;-0.23337;-0.01996;-0.0023036;-0.040511;0.0051797;0.092078
5.8158;-0.54599;-0.94749;-0.47293;-0.6174;0.20368;-0.14143;-0.20811;0.0017698;0.085086;-0.031137;0.0050587;0.088201
5.8278;-0.55912;-0.93689;-0.45619;-0.57175;0.18426;-0.19816;-0.18093;0.0089953;0.085369;0.026374;-0.010367;0.029422
5.7997;-0.51319;-0.88859;-0.39223;-0.53825;0.16333;-0.17656;-0.16584;-0.0056735;0.070763;-0.019629;-0.021691;0.05653
5.7674;-0.52156;-0.91662;-0.41063;-0.59464;0.13674;-0.20201;-0.20209;0.0037457;0.091629;-0.021323;0.0024575;0.083752
5.763;-0.49288;-0.91998;-0.40484;-0.55866;0.15215;-0.20662;-0.18537;-0.015208;0.07613;0.0040863;0.00093496;0.052728
5.757;-0.49198;-0.93043;-0.41459;-0.55131;0.13599;-0.23106;-0.18982;-0.0042662;0.10328;0.0035672;0.027362;0.045829
5.7273;-0.48833;-0.91015;-0.43743;-0.55569;0.15923;-0.24936;-0.17137;0.0048324;0.051408;0.0089741;0.02104;0.041748
5.7516;-0.46171;-0.87468;-0.40215;-0.52746;0.188;-0.20349;-0.17415;-0.02308;0.04914;-0.019148;0.0017181;0.053265
5.7563;-0.4695;-0.87526;-0.43772;-0.57139;0.19072;-0.23338;-0.17317;-0.02701;0.0061674;0.017835;0.0061768;0.023715
5.7443;-0.46578;-0.84703;-0.43066;-0.60435;0.20226;-0.20025;-0.17114;-0.0088599;-0.0030803;-0.019;0.016818;0.052839
5.7134;-0.44087;-0.82578;-0.41284;-0.61506;0.21723;-0.18273;-0.1727;-0.019537;-0.031042;-0.010502;0.018235;0.030415
5.6334;-0.38987;-0.82608;-0.43423;-0.64451;0.22186;-0.16449;-0.173;-0.025787;-0.05891;-0.019057;0.012448;0.046966
5.5881;-0.39275;-0.81037;-0.45759;-0.7145;0.1721;-0.11828;-0.12593;-0.0383;-0.064059;-0.01489;0.055457;0.08512
5.5383;-0.37634;-0.83037;-0.45929;-0.75718;0.16519;-0.088346;-0.15364;-0.045424;-0.044253;-0.044814;0.09927;0.10748
5.4421;-0.33415;-0.82415;-0.3823;-0.74135;0.15698;-0.071609;-0.18303;-0.079453;-0.036546;-0.033821;0.067393;0.10883
5.3354;-0.27217;-0.84605;-0.32689;-0.65227;0.036835;-0.18602;-0.14946;-0.056847;-0.017004;0.0059644;0.035166;0.021277
5.0771;-0.17932;-0.82751;-0.2337;-0.6652;0.043428;-0.18361;-0.24551;-0.062396;-0.027911;-0.068879;0.023651;0.043411
4.9084;-0.029154;-0.81829;-0.22047;-0.51447;0.049847;-0.30382;-0.35727;-0.077723;-0.030423;-0.13256;0.019468;0.077248
4.6976;0.089981;-0.70838;-0.14541;-0.42048;-0.017021;-0.40494;-0.44846;-0.036472;-0.11092;-0.12696;0.088867;0.055938
4.4771;0.15324;-0.65095;-0.17338;-0.3348;-0.095136;-0.44491;-0.49801;0.03428;-0.067924;-0.13509;0.056685;-0.016355
4.1901;0.20958;-0.52454;-0.28394;-0.32474;-0.084725;-0.33222;-0.39595;-0.03281;-0.12079;-0.14538;0.086895;0.020283
3.8399;0.11634;-0.43585;-0.40929;-0.43021;-0.15194;-0.26554;-0.40131;-0.023877;-0.08375;-0.12381;0.010087;-0.0030172
3.5785;0.0095694;-0.28613;-0.2674;-0.50136;-0.2794;-0.31785;-0.36835;0.03629;-0.078007;-0.13215;-0.042171;-0.0032266
3.4407;-0.014824;-0.19865;-0.12941;-0.24941;-0.3441;-0.39383;-0.32949;-0.047914;0.023706;-0.07263;-0.10236;0.0077813
3.2865;-0.14437;-0.29468;-0.1904;-0.20548;-0.15857;-0.13899;-0.21348;-0.20334;-0.056255;-0.033306;-0.078149;0.095557
3.0896;-0.28319;-0.4356;-0.27895;-0.1606;0.024079;0.087846;-0.16671;-0.08354;-0.14982;-0.17993;-0.019367;0.021541
2.9733;-0.2662;-0.34565;-0.19123;-0.12099;0.077766;0.29748;-0.10189;-0.15746;-0.14224;-0.15671;-0.016046;0.10755
3.1243;-0.13412;-0.18898;-0.18783;0.05726;0.10199;0.14131;-0.10692;-0.10394;-0.23514;-0.11187;0.049679;0.049735
3.0553;-0.080553;-0.047825;-0.081518;0.046141;0.12899;0.045932;-0.13365;-0.10454;-0.22007;-0.050665;0.049337;0.063513
3.0487;-0.098435;0.0076496;0.056562;0.12068;0.038855;-0.077532;-0.21222;-0.052824;-0.041677;-0.023432;-0.021209;0.013465
3.076;-0.027605;0.056713;0.033643;0.04803;-0.026304;0.016999;-0.21623;-0.10409;0.015859;-0.068172;-0.04751;0.063577
3.1853;-0.08621;-0.0013942;0.016398;0.091534;0.072686;0.032816;-0.10693;-0.22322;-0.1898;-0.016776;0.10452;0.13558
3.0542;-0.079617;0.053655;0.014949;-0.028189;0.098509;0.081702;-0.098178;-0.24231;-0.1611;-0.03385;0.048207;0.14503
3.0295;-0.13858;-0.095581;0.0092969;0.089529;0.016219;0.033275;-0.12323;-0.16951;-0.13084;-0.05388;0.015198;0.058288
2.8961;-0.16132;-0.011868;-0.014799;0.051706;0.085351;0.052857;-0.17564;-0.14878;-0.11488;-0.082793;0.047067;0.10178
2.9498;-0.15345;-0.12751;-0.077588;0.051587;0.017607;0.081405;-0.15754;-0.10212;-0.069791;-0.13726;-0.029345;0.06372
2.8317;-0.22396;-0.037975;0.024785;0.015599;0.0046131;-0.040343;-0.17401;-0.063362;-0.094813;-0.027252;0.053885;0.024748
2.786;-0.19554;-0.0040647;0.010772;-0.030112;0.0106;0.24443;-0.11149;-0.16759;-0.059537;-0.028743;-0.030743;0.012332
2.9936;-0.14775;0.020627;0.06294;-0.035425;0.010274;0.21766;-0.08783;-0.25508;-0.12913;0.054324;-0.051196;0.0092628
3.227;0.0069887;0.069879;0.2795;0.076988;-0.14269;0.0072804;-0.13774;-0.17596;-0.015536;0.049606;-0.013186;0.056361
3.255;0.070767;0.15829;0.20672;0.051197;-0.1611;0.016847;-0.1662;-0.13465;-0.069006;0.045037;0.059937;-0.0065584
3.1364;-0.020639;0.14028;0.27853;-0.053351;-0.11593;-0.010696;-0.14019;-0.16837;-0.077103;0.065968;0.034356;0.011113
3.1168;-0.036941;-0.0010449;0.15873;0.075381;-0.023919;0.038387;-0.2381;-0.12982;-0.009409;-0.10423;0.03697;0.10715
3.1284;-0.014723;-0.010506;0.13722;0.11458;-0.059671;0.037362;-0.13079;-0.17627;-0.052878;-0.065629;-0.014229;0.16156
3.063;-0.11765;-0.11126;0.055556;0.17538;0.071229;-0.12752;-0.13116;-0.03931;-0.089049;-0.051439;-0.023408;0.085831
2.8439;-0.26019;-0.22456;-0.099936;0.109;0.11686;-0.0083879;-0.16349;0.0030235;-0.10782;-0.15808;0.010252;0.069783
3.0073;-0.1606;-0.13165;-0.13205;0.097371;-0.037866;0.060189;-0.073632;-0.029421;0.012278;-0.10524;0.007799;0.028369
3.0228;-0.12048;0.0089616;0.077717;0.067021;0.058978;-0.05924;-0.18511;-0.063632;0.0017622;-0.079222;0.020846;0.060106
3.0716;-0.11188;-0.095498;-0.056342;0.0035692;0.049226;0.064664;-0.062743;-0.03934;-0.084099;-0.096463;-0.055462;0.028492
2.7794;-0.26501;-0.2308;-0.13606;-0.10074;-0.0030105;0.077107;-0.12642;-0.13073;-0.055877;-0.015027;0.013938;0.075321
2.7827;-0.26275;-0.23882;-0.15704;-0.066862;-0.041561;0.0010475;-0.17363;-0.20159;-0.12156;-0.0052268;-0.010493;0.049996
2.8581;-0.29861;-0.25693;-0.1107;-0.11329;-0.048186;0.23257;-0.03736;-0.35211;-0.15896;0.051389;-0.029179;0.058092
2.7529;-0.26922;-0.14466;-0.12694;-0.033392;0.056363;0.15199;-0.043467;-0.20641;-0.14231;-0.026624;-0.058818;0.060234
2.8501;-0.23869;-0.1389;-0.14629;-0.1473;-0.053552;0.09081;-0.041065;-0.091369;-0.063092;-0.0037976;-0.085907;-0.017996
2.9609;-0.23808;-0.14092;0.057291;-0.14541;-0.047371;0.064402;-0.11775;-0.070622;-0.073853;-0.0056038;-0.027613;0.00076086
3.0237;-0.26698;-0.19491;0.033271;-0.093418;-0.068486;0.06391;-0.087064;0.011728;-0.026071;-0.012981;-0.14973;-0.0202
2.9615;-0.29102;-0.23789;-0.083448;-0.12173;0.057861;-0.0039102;0.0016335;0.031738;-0.07439;-0.043714;-0.10244;0.056957
2.9557;-0.25644;-0.21363;-0.076915;-0.07637;0.048544;0.11904;0.059088;-0.10309;-0.17302;0.0091048;-0.11517;0.0035621
2.9557;-0.22417;-0.072297;0.20689;-0.013316;-0.11218;0.12581;0.004082;-0.2268;-0.11568;0.086628;-0.036448;-0.039579
2.9219;-0.27839;-0.20498;0.10461;-0.015419;-0.096468;0.053338;-0.016243;-0.048879;-0.10604;-0.012356;-0.05293;-0.008162
2.9717;-0.27229;-0.23244;0.095863;0.07266;-0.031984;0.036435;-0.032848;-0.051975;-0.21226;-0.079228;-0.0044854;0.09313
2.9345;-0.32524;-0.2624;0.014351;0.044445;0.027852;-0.016724;-0.12646;-0.10185;-0.11931;-0.077965;0.025095;0.10972
2.9533;-0.24334;-0.14845;0.22154;0.038129;-0.062125;0.052857;-0.12169;-0.12861;-0.039611;-0.096728;-0.057513;0.11924
2.9151;-0.2626;-0.23956;0.0058312;0.057177;-0.030115;-0.020801;-0.13511;-0.11186;-0.020463;-0.04189;-0.08741;0.10479
2.7631;-0.33781;-0.26311;-0.028995;0.048345;0.060988;0.032821;-0.14372;-0.020766;0.027851;-0.029047;-0.0025957;0.023808
2.8652;-0.30657;-0.21468;-0.050433;0.10738;0.024792;-0.10185;-0.060825;-0.025439;0.014056;-0.1159;-0.071162;0.00431
2.774;-0.3453;-0.26013;-0.16643;0.0092266;-0.1267;0.012289;-0.077306;-0.1608;-0.049469;-0.070198;0.048936;0.049488
2.9052;-0.28133;-0.29908;-0.17388;-0.005195;-0.13342;0.19941;-0.12657;-0.16958;-0.086516;-0.097722;0.031018;0.027394
2.9203;-0.27416;-0.24345;-0.099215;-0.03662;-0.016988;-0.055898;-0.15535;-0.17653;-0.1832;-0.0046105;0.0081775;-0.011011
2.8848;-0.28633;-0.22566;-0.011775;-0.083445;-0.13495;-8.1898e-05;-0.1713;-0.22592;-0.21278;-0.0074556;0.12896;0.030589
2.8857;-0.34529;-0.3389;-0.11051;-0.02856;-0.06097;0.13724;-0.081193;-0.17126;-0.1208;-0.050671;0.021595;0.097488
2.8072;-0.41403;-0.35412;-0.068735;-0.016406;-0.085735;0.17246;-0.02446;-0.21055;-0.099333;-0.12438;-0.073163;0.1023
2.8265;-0.35368;-0.31313;-0.032334;0.14991;-0.069919;-0.11916;-0.098889;-0.061787;0.018117;0.019941;-0.015062;-0.0066071
2.7918;-0.32984;-0.3092;-0.12503;0.010375;0.013714;-0.018202;-0.1281;-0.011425;0.091615;-0.099985;-0.052908;0.0076559
2.7424;-0.47213;-0.44424;-0.28449;-0.051963;-0.057262;0.039096;-0.066641;-0.078053;0.084427;-0.10274;-0.056954;0.058975
2.8105;-0.35294;-0.30343;-0.26602;-0.10118;-0.015539;0.040532;-0.10643;0.017977;-0.012773;-0.039435;0.067374;0.023621
2.8539;-0.27399;-0.21012;-0.23004;-0.03169;-0.071623;-0.038545;-0.074831;0.05537;-0.075476;-0.16823;-0.0016274;0.046287
2.9132;-0.29242;-0.23816;-0.12412;-0.079979;-0.10323;0.056981;-0.15378;-0.088535;0.056749;-0.018328;-0.0030749;-0.00021845
2.8822;-0.32879;-0.32114;-0.2795;-0.14557;-0.10419;-0.0024289;-0.16987;-0.0082973;0.086481;0.08724;0.023292;0.0063405
3.0487;-0.1525;-0.33438;-0.25714;0.1241;0.0046547;0.020284;-0.17034;-0.16896;-0.0049543;0.1043;0.016032;0.035091
3.1059;-0.20093;-0.36306;-0.22537;0.14834;0.14784;-0.024044;-0.22879;-0.25575;-0.067679;0.0232;0.084165;0.15028
3.0638;-0.23366;-0.4578;-0.36384;-0.039634;0.075834;0.0017092;-0.41908;-0.20178;0.0045245;0.07146;0.14898;0.050216
3.1054;-0.18728;-0.38758;-0.34096;0.10136;0.2278;0.015011;-0.4213;-0.23743;-0.049005;0.017233;0.17579;0.053343
3.1077;-0.23713;-0.4692;-0.35656;0.059999;0.26725;-0.0098137;-0.36218;-0.31654;-0.13087;0.057842;0.11366;0.021173
2.9681;-0.23992;-0.54144;-0.40128;0.11507;0.17349;-0.0029386;-0.24808;-0.26885;-0.13104;0.083433;0.15071;0.027303
2.9758;-0.25269;-0.49973;-0.35968;0.079535;0.0031665;-0.043794;-0.20137;-0.15844;-0.08256;0.086;0.18636;0.027347
2.9892;-0.27212;-0.49006;-0.29063;-0.028744;-0.11254;-0.022883;-0.12792;-0.073727;-0.072241;0.040101;0.15324;-0.026356
2.9706;-0.21855;-0.41296;-0.32983;-0.023811;-0.069361;0.020819;-0.092363;-0.020848;-0.022366;0.10667;0.1141;-0.034658
2.8033;-0.27571;-0.31469;-0.2108;0.0014882;-0.025872;0.0064844;-0.1356;-0.08396;-0.10646;-0.045551;0.069315;0.012625
2.7399;-0.33968;-0.37038;-0.2077;-0.161;-0.15416;0.033811;-0.097837;-0.14326;-0.057983;0.03759;0.070775;0.05112
2.8428;-0.30008;-0.33657;-0.1914;-0.096151;0.00087237;0.11409;-0.19243;-0.10794;0.014769;-0.07895;-0.028446;0.089373
2.9189;-0.2675;-0.30589;-0.091362;-0.11173;0.025021;0.16634;-0.26769;-0.070083;0.041875;-0.0472;0.024322;0.014232
2.9443;-0.28532;-0.25062;-0.0002579;-0.0012801;0.066954;0.14619;-0.22294;-0.13813;-0.031996;0.010518;0.063613;-0.0741
2.999;-0.31856;-0.27059;-0.0054756;-0.12151;0.10107;0.14211;-0.05152;-0.14745;-0.19182;-0.13943;0.033715;0.051535
2.9498;-0.30326;-0.2061;0.022203;-0.081196;0.11233;-0.036782;-0.18057;-0.051341;-0.18081;-0.093847;0.068626;0.032151
2.8449;-0.34709;-0.23416;0.042597;0.010832;-0.11687;0.045783;-0.085524;-0.12186;-0.13293;-0.053412;-0.027835;-0.013874
2.891;-0.27292;-0.23354;-0.052955;-0.029939;-0.065434;0.04313;-0.20262;-0.058383;-0.067489;-0.12363;0.0017982;0.06467
2.8261;-0.30618;-0.22645;-0.096838;-0.12337;-0.14919;-0.032524;-0.026834;-0.25586;-0.12521;0.11466;-0.0099731;0.026052
2.8533;-0.31;-0.19448;0.0082269;-0.069604;-0.0027909;0.10662;-0.16033;-0.11922;-0.12464;-0.083411;0.064961;0.075744
2.9423;-0.26398;-0.28062;-0.12161;0.038178;0.089197;0.091957;-0.078262;-0.093998;-0.13846;-0.077574;0.047855;0.037382
2.9973;-0.27128;-0.36163;-0.12662;0.11527;0.12286;0.10085;-0.28127;-0.1784;-0.1069;0.01494;0.086738;0.018369
2.9866;-0.32165;-0.49924;-0.27747;0.035602;0.079334;0.045672;-0.11748;-0.1558;-0.22767;0.027271;0.14568;-0.0088289
2.871;-0.34576;-0.39727;-0.21396;-0.0086124;0.0165;-0.0012063;-0.08606;-0.16739;-0.082273;0.14581;0.12874;-0.0033426
2.815;-0.37377;-0.30876;-0.19282;-0.040187;-0.052822;-0.057642;-0.10578;-0.027596;-0.094153;0.05771;0.12182;-0.036773
2.7842;-0.37266;-0.25925;-0.12624;-0.12991;-0.083688;-0.15343;-0.12119;0.055351;-0.12014;0.033554;0.077488;-0.029891
2.6591;-0.40696;-0.34557;-0.17335;-0.15473;-0.22867;-0.019684;0.091704;-0.013351;-0.15815;-0.019272;0.0081701;0.019477
2.7916;-0.41444;-0.42047;-0.31687;-0.071428;0.022398;-0.17805;-0.0535;0.020127;-0.17665;0.0015108;0.00072616;-0.036409
2.7925;-0.37959;-0.35932;-0.37948;-0.14799;-0.096565;-0.089629;-0.18757;-0.052962;0.0052306;-0.025785;0.046517;0.051617
2.7931;-0.35185;-0.34713;-0.29508;-0.30614;-0.10697;0.032085;-0.16688;-0.028398;-0.051373;-0.019512;0.057082;0.066415
2.7063;-0.31194;-0.23063;-0.21692;-0.065244;-0.058265;0.048142;-0.036124;-0.051418;-0.059212;-0.056847;0.026811;0.013265
2.6401;-0.38435;-0.2599;-0.29557;-0.15509;-0.10892;-0.11841;-0.1826;-0.14295;-0.0017142;0.043215;0.043815;0.091158
2.8939;-0.28554;-0.18597;-0.16495;-0.10579;-0.13122;-0.12926;-0.19336;0.014525;-0.025204;-0.014674;0.08142;0.023321
3.0363;-0.28648;-0.17653;-0.073812;-0.14652;0.017274;-0.049485;-0.19122;0.020694;-0.1087;0.097802;0.043163;-0.010923
2.9944;-0.32332;-0.32128;-0.16839;-0.21074;0.069294;0.080906;0.020608;-0.055811;-0.21367;0.085137;-0.031447;-0.10959
3.0861;-0.23419;-0.29162;-0.11493;-0.068983;0.053343;0.011679;-0.10467;-0.073804;-0.089673;0.013146;-0.0035398;0.012022
3.058;-0.33817;-0.30723;-0.2231;-0.058661;0.038617;0.046175;-0.15497;-0.14138;-0.11431;0.12689;0.0078532;-0.13874
2.9673;-0.30969;-0.32738;-0.25973;-0.046243;-0.0394;-0.1615;-0.3149;-0.15007;-0.016943;0.050422;0.11065;-0.010569
2.8174;-0.2615;-0.20577;-0.11893;0.011119;-0.13018;-0.18904;-0.083696;-0.061715;-0.03547;-0.074249;0.013676;0.034756
3.0343;-0.22915;-0.20817;-0.15957;-0.042065;-0.072509;-0.015588;-0.14497;-0.16868;0.13039;0.075553;0.0083231;0.037188
3.0273;-0.22073;-0.18883;-0.095133;0.11038;-0.027623;0.093404;-0.11157;-0.20068;0.028952;-0.0019807;-0.021361;0.016255
2.9883;-0.27409;-0.27182;-0.047346;-0.035507;-0.11462;0.080212;-0.040721;-0.058975;-0.10321;-0.024912;-0.023823;-0.037731
2.9696;-0.30543;-0.33878;-0.11216;-0.0061313;-0.023277;0.024738;-0.08029;0.042625;-0.063307;-0.082635;-0.030544;-0.0057961
2.8939;-0.2812;-0.24186;0.077428;0.029831;0.075098;-0.058766;-0.1636;0.0065772;-0.13153;-0.074123;-0.006324;-0.017183
2.9101;-0.22501;-0.24804;-0.05878;-0.059021;0.024542;0.05707;-0.095888;-0.079005;-0.089726;0.031126;0.036366;-0.020599
3.0131;-0.30969;-0.32818;-0.019916;0.05228;0.17009;-5.2983e-05;-0.2436;0.028744;-0.14954;-0.047559;0.045867;-0.10957
2.9506;-0.40086;-0.38256;-0.054241;0.034985;-0.058103;0.017376;-0.03904;0.135;-0.16484;-0.084839;0.084917;-0.035288
3.0736;-0.30937;-0.4219;-0.1025;-0.0089698;-0.04455;-0.099808;-0.076078;0.055696;-0.017178;-0.048791;0.02936;0.15664
3.1083;-0.29209;-0.27414;-0.053489;-0.069037;-0.11489;-0.028867;-0.11979;0.0076342;-0.022991;-0.01051;0.066924;0.16359
3.0006;-0.3126;-0.20257;-0.0055138;0.048871;-0.022226;-0.16875;-0.092161;0.086959;-0.018362;-0.012687;-0.074959;0.08928
2.902;-0.32783;-0.31889;-0.066138;-0.02391;-0.029737;-0.039501;-0.1938;0.050468;0.0077984;-0.081766;0.010527;0.080602
2.9232;-0.29838;-0.27486;0.0021915;-0.0041808;-0.19252;-0.008727;-0.047225;-0.0038694;-0.037984;-0.007112;0.038131;0.09579
3.0405;-0.28735;-0.219;-0.014313;-0.033154;-0.030293;-0.12651;-0.072071;-0.023249;-0.17947;0.0069034;-0.030076;0.034409
3.0719;-0.28023;-0.16955;0.0565;-0.0089059;-0.0089483;-0.045623;-0.034518;-0.12371;-0.32307;0.050531;0.010049;0.031006
2.949;-0.38767;-0.41033;-0.062715;-0.098648;-0.22264;-0.004124;-0.060575;-0.19168;-0.30691;0.084207;0.058028;0.042841
2.917;-0.34387;-0.28953;-0.10853;-0.040216;-0.13668;-0.119;-0.032996;-0.11904;-0.24532;0.072487;-0.0075279;0.039619
2.918;-0.33969;-0.27409;-0.12422;-0.10045;0.0012608;-0.025882;-0.090009;-0.0086351;-0.18449;-0.041512;0.03873;0.037887
3.0517;-0.28448;-0.18799;-0.10328;-0.12928;-0.038819;0.097482;-0.029131;0.060166;-0.10096;-0.036354;-0.054477;0.0032559
3.0061;-0.27127;-0.18689;0.034554;-0.090865;0.14271;-0.0062397;-0.22022;-0.023941;-0.14894;0.03828;-0.044291;-0.0012333
3.1109;-0.2192;-0.26577;-0.10196;0.04962;0.14355;-0.0032145;-0.18702;0.0011366;-0.11763;0.028546;0.1474;0.026207
