1.7535;-0.53817;-0.23056;-0.26182;-0.17286;-0.15279;-0.097878;-0.070285;-0.051531;-0.030831;-0.0061242;0.018252;0.009394
1.9037;-0.4172;-0.071985;-0.086125;-0.043604;-0.041862;-0.011283;-0.031759;-0.014464;-0.022747;-0.044685;-0.0022579;0.0084755
2.5751;-0.21103;0.010567;-0.032589;-0.30632;-0.17365;0.14248;-0.035171;-0.10024;-0.032611;-0.054507;0.051769;0.032278
2.0549;-0.33374;-0.039265;-0.10294;-0.096434;-0.040269;0.020505;-0.061845;-0.063313;-0.035197;-0.042929;0.028259;0.03833
1.7583;-0.53555;-0.21949;-0.25565;-0.16221;-0.14084;-0.091754;-0.069559;-0.03918;-0.016899;-0.0094741;0.019704;0.014391
1.7494;-0.55271;-0.24705;-0.2837;-0.18638;-0.1688;-0.1015;-0.065721;-0.045538;-0.031839;-0.011318;0.016911;0.022036
1.753;-0.54797;-0.24678;-0.29188;-0.18483;-0.15691;-0.10856;-0.080585;-0.051443;-0.02124;-0.0057908;0.027176;0.015969
1.7421;-0.54641;-0.23471;-0.27099;-0.1782;-0.15854;-0.11033;-0.077614;-0.052664;-0.021946;-0.0095213;0.01413;0.0173
1.75;-0.54455;-0.24611;-0.27318;-0.18331;-0.15906;-0.10869;-0.089665;-0.050215;-0.020798;-0.022791;0.0084646;0.021471
1.7519;-0.54457;-0.234;-0.26509;-0.17209;-0.14367;-0.099976;-0.073054;-0.042637;-0.017843;-0.0049366;0.011739;0.014477
1.7411;-0.54726;-0.2433;-0.2783;-0.18542;-0.15609;-0.10218;-0.071032;-0.039566;-0.018663;-0.013393;0.012526;0.017706
1.7441;-0.54306;-0.23573;-0.27706;-0.17999;-0.15733;-0.10528;-0.081253;-0.046066;-0.012636;-0.0020338;0.019399;0.015811
1.7411;-0.54401;-0.23897;-0.27419;-0.18198;-0.15586;-0.10212;-0.081511;-0.04648;-0.013865;-0.00043917;0.016715;0.014723
1.7819;-0.51825;-0.19841;-0.24842;-0.14235;-0.12327;-0.078429;-0.053572;-0.028677;0.0021514;-0.0048098;0.013079;0.002701
1.7734;-0.52425;-0.20266;-0.24173;-0.15043;-0.12236;-0.083671;-0.05318;-0.029975;-0.013423;-0.0029033;0.010009;0.0074327
1.8128;-0.49829;-0.17088;-0.19305;-0.10128;-0.092233;-0.054872;-0.042591;-0.032764;-0.0079979;-0.0044758;0.0033747;0.0056003
1.8518;-0.45296;-0.11451;-0.1327;-0.054958;-0.052697;-0.0096281;-0.033972;-0.037245;-0.0099542;-0.011206;-0.00022515;-3.5847e-005
1.8828;-0.42582;-0.090648;-0.11472;-0.037819;-0.029519;-0.012925;-0.029751;-0.02883;-0.012461;0.0013779;0.016661;-0.0069447
1.8984;-0.41378;-0.074193;-0.10726;-0.02353;-0.022899;-0.011156;-0.042547;-0.052024;-0.026185;0.002071;0.019178;-0.0043202
1.9157;-0.40809;-0.084834;-0.11733;-0.040158;-0.034457;-0.013678;-0.048758;-0.067597;-0.024131;0.0095806;0.020783;-0.00041503
2.0166;-0.33706;-0.010297;-0.057695;-0.027137;-0.046125;-0.051272;-0.057668;-0.068364;-0.033737;0.011161;0.011607;0.011442
2.0917;-0.3066;0.0036124;-0.07848;-0.058681;0.0018665;0.018184;-0.012254;-0.057809;-0.061552;-0.016889;-0.027958;-0.0062572
2.0726;-0.33498;-0.019897;-0.037864;-0.00192;-0.046779;-0.013476;-0.072961;-0.11659;-0.027359;0.020041;0.017961;0.002539
2.0844;-0.34942;-0.024511;-0.13378;-0.016015;-0.04503;0.01225;-0.05281;-0.10758;-0.035975;0.023875;0.012397;-0.028049
2.2077;-0.29633;-0.034263;-0.016424;0.050137;-0.08347;0.01901;0.020055;-0.13515;-0.079353;0.050075;-0.010227;-0.055626
2.2204;-0.24996;0.055715;0.018034;0.042773;-0.054392;-0.018624;-0.0733;-0.14104;-0.099205;0.02388;0.077312;-0.0024449
2.2769;-0.24016;0.02131;-0.011277;0.012975;0.010864;0.014474;-0.079441;-0.13547;-0.013157;-0.0006162;-0.054125;-0.0023617
2.4868;-0.12817;0.15639;0.031085;0.036273;-0.066786;0.0041744;-0.17737;-0.11108;0.031141;-0.075858;0.027756;0.045169
2.535;-0.050751;0.20487;0.066666;0.03018;-0.040423;-0.064282;-0.11221;-0.080312;-0.091003;0.018509;0.048797;-0.023035
2.675;-0.019087;0.23747;0.11656;0.040041;-0.07719;-0.10345;-0.064396;-0.14957;-0.096217;0.074943;0.020539;0.0062081
2.7957;0.025803;0.19336;0.10945;0.048326;-0.073892;-0.14652;-0.067525;-0.043382;-0.061805;-0.010063;-0.0033504;0.0072955
2.9925;0.041876;0.17073;0.12846;0.019976;-0.078211;-0.07447;-0.061443;-0.1338;-0.072073;0.038218;0.010727;0.0014128
3.0092;0.047301;0.26385;0.1529;0.068177;-0.14145;-0.15029;-0.095778;-0.037219;-0.012224;-0.05773;-0.017296;0.075632
3.0595;0.014361;0.2923;0.24133;-0.032243;-0.1838;-0.037752;-0.076597;-0.16632;0.023229;-0.034507;0.023018;0.044434
3.1371;0.011233;0.24198;0.14394;-0.014479;-0.1077;-0.043881;-0.048319;-0.20074;-0.047303;0.091695;-0.0027395;-0.027609
3.1411;0.020252;0.25354;0.17129;0.01625;-0.19988;0.028871;-0.17395;-0.16078;0.12594;-0.035266;-0.070361;0.013041
3.1889;0.031644;0.27748;0.19231;0.0011608;-0.13766;-0.035225;-0.21528;-0.11652;0.10948;-0.030111;-0.028039;0.017574
3.3211;0.012218;0.2255;0.10364;-0.021787;0.06003;-0.050417;-0.25345;-0.16478;0.099943;-0.064113;0.041828;0.096308
3.3461;-0.0079009;0.21409;0.12914;0.035127;-0.13508;0.028904;-0.227;-0.133;-0.016096;-0.044644;0.087839;0.049619
3.3704;-0.053891;0.19652;0.20341;-0.011101;-0.11826;0.0034272;-0.132;-0.21616;0.020267;0.063611;0.00043355;0.024365
3.4518;-0.038054;0.16224;0.23408;-0.047156;-0.013843;-0.031421;-0.24573;-0.16258;0.080358;0.037487;-0.029014;0.035969
3.4638;0.02459;0.16035;0.077796;0.088735;-0.070924;-0.082093;-0.14;-0.087134;0.011477;-0.041857;-0.017204;0.027348
3.5302;-0.0082267;0.19534;0.13266;0.1069;-0.14209;-0.06022;-0.13902;-0.19689;0.065325;0.0084192;0.028841;0.028925
3.6487;-0.022169;0.22267;0.17422;0.03936;-0.094831;-0.080998;-0.22312;-0.094901;0.10228;0.0024807;-0.074144;0.021845
3.6351;-0.00056671;0.22778;0.19732;-0.04042;-0.036534;-0.043104;-0.19632;-0.24165;0.11224;0.097881;-0.07836;0.051839
3.6665;0.0041532;0.16823;0.22472;-0.047539;-0.075923;0.023541;-0.18453;-0.24159;0.074176;0.093748;-0.051628;0.016643
3.7508;0.010722;0.11411;0.19562;0.037236;-0.049713;-0.11964;-0.067485;-0.21388;-0.049025;0.10604;0.0093392;0.032335
3.7391;0.030881;0.19641;0.32824;-0.10791;-0.098198;-0.068168;-0.089039;-0.20313;-0.00060231;0.093379;-0.041436;0.05042
3.7629;-0.041283;0.24974;0.22605;-0.10678;0.0122;-0.21037;-0.016567;-0.073243;-0.10963;0.066224;-0.067328;0.079411
3.8113;-0.034059;0.21661;0.18766;-0.1579;-0.05709;-0.0037035;-0.10688;-0.18402;0.077663;0.054556;-0.12344;0.053927
3.8197;-0.026297;0.22573;0.14643;-0.033015;-0.11898;-0.028804;-0.13737;-0.078661;0.024867;-0.02388;0.00083885;-0.036045
3.9197;-0.021871;0.077958;0.11799;0.013512;0.063061;-0.039102;-0.27213;-0.052136;-0.024496;0.019617;0.044411;-0.046836
4.0853;-0.094354;0.071866;0.017856;0.041743;0.059726;-0.051876;-0.23496;-0.097877;0.093553;0.023634;-0.021129;-0.044462
4.2078;-0.10608;0.0041469;0.025425;0.013021;-0.059757;-0.074635;-0.11228;-0.066375;0.077149;0.047202;0.075927;-0.088606
4.1572;0.003121;0.055994;-0.029188;-0.034642;-0.04975;-0.044011;-0.10116;0.056362;0.0074336;-0.070663;0.0081494;-0.10909
4.1398;-0.050174;0.082399;-0.019548;0.084466;0.089027;-0.16321;-0.16512;-0.084364;-0.060734;0.094393;0.067524;-0.072313
4.2367;-0.050414;0.07244;-0.088085;0.031586;0.033289;-0.1012;-0.083002;-0.093167;-0.048575;0.15085;0.031656;-0.070255
4.244;-0.015612;-0.029728;0.063075;0.010936;0.013164;0.051391;-0.19317;-0.16962;-0.025431;0.15162;0.011732;-0.090972
4.2874;-0.062146;0.058431;0.065751;0.12473;-0.058095;-0.016897;-0.20699;-0.11539;-0.098467;0.082887;0.062306;0.010514
4.415;-0.17271;0.051626;0.049028;0.15044;0.012747;-0.079706;-0.26283;-0.051819;0.0097689;-0.067575;0.021527;0.047834
4.5198;-0.2313;-0.013687;0.066495;0.14707;0.080721;-0.0073883;-0.34554;-0.12883;0.10611;-0.070915;0.024916;0.10683
4.6054;-0.30891;-0.089831;-0.067809;0.12657;7.8749e-005;0.098181;-0.1846;-0.01267;-0.03625;-0.11225;-0.0074857;0.036636
4.7601;-0.43031;-0.17499;-0.1973;0.14782;-0.043837;0.19621;-0.11394;-0.088402;0.01611;-0.0064481;-0.056894;-0.057519
4.7569;-0.42862;-0.13339;-0.21176;0.15301;0.048033;0.16265;-0.096689;-0.18315;0.06227;-0.010906;-0.11119;-0.018897
4.8361;-0.41925;-0.077974;-0.15556;0.07931;-0.14158;0.15865;-0.026158;-0.04678;0.10921;-0.1655;-0.11162;0.061311
4.8411;-0.32217;-0.057848;-0.1949;0.0068613;-0.14257;0.23019;-0.039715;-0.033708;0.050643;-0.10503;-0.04076;-0.067822
4.8631;-0.30297;-0.087888;-0.19596;-0.0143;0.051563;0.010714;-0.069521;-0.035989;0.041448;-0.13122;-0.15344;-0.0010093
4.9585;-0.37721;-0.040943;0.0030354;0.058087;-0.14036;0.15978;-0.25916;-0.095113;0.081755;-0.04282;-0.15726;-0.060331
4.9411;-0.40861;-0.040423;-0.055176;0.069532;-0.09776;0.068509;-0.11674;0.060743;0.036239;-0.10757;-0.13487;-0.12758
4.913;-0.39814;0.046672;-0.020375;-0.053737;-0.084172;0.16692;-0.097312;-0.13907;0.15125;-0.15443;-0.059985;0.038388
5.0557;-0.42981;0.0051947;-0.059266;-0.011211;0.086472;0.17808;-0.16109;-0.1722;-0.079476;-0.13763;0.076483;0.12399
4.9875;-0.47249;0.091649;-0.062991;-0.077741;0.12083;0.11592;-0.14792;-0.095341;-0.01209;-0.11685;-0.037313;0.063148
4.8891;-0.44019;0.1671;0.02068;-0.14547;0.097944;0.0096808;-0.085738;-0.023295;-0.036772;-0.17623;-0.045696;0.10886
4.8384;-0.39361;0.22611;-0.011855;-0.1205;0.089332;-0.036766;-0.1485;-0.02802;-0.046533;-0.12228;0.047053;0.056353
5.0076;-0.17047;0.27967;-0.065062;-0.18895;-0.20071;-0.22832;-0.085192;-0.062334;-0.026014;-0.083232;0.045954;0.095933
5.6698;-0.044096;0.51502;-0.38114;-0.47873;-0.20012;-0.14107;-0.097642;-0.12585;-0.059463;-0.082531;0.00028871;-0.040777
5.8928;-0.091829;0.55667;-0.48719;-0.46468;-0.23072;0.011641;-0.15106;-0.077021;-0.038639;-0.051318;0.066996;-0.052024
6.0164;-0.12537;0.59109;-0.52825;-0.52661;-0.1786;-0.016481;-0.18004;-0.033937;-0.0034458;-0.067052;0.10069;-0.044978
6.064;-0.092808;0.54835;-0.47716;-0.55688;-0.15018;-0.085098;-0.19543;0.080739;-0.06384;-0.04848;0.13103;-0.045503
6.0314;-0.035688;0.49702;-0.46506;-0.56091;-0.18208;-0.11039;-0.091237;-0.043495;-0.0073784;-0.033164;0.10569;-0.011768
6.0585;-0.058004;0.51093;-0.48829;-0.56524;-0.19255;-0.050759;-0.19105;0.05081;-0.10688;0.027703;0.10001;-0.084172
6.0174;-0.027817;0.47917;-0.51648;-0.53806;-0.164;-0.090092;-0.15321;0.013455;-0.0777;0.0046444;0.054413;-0.064036
5.9563;-0.0063554;0.47924;-0.51278;-0.58082;-0.058608;-0.14515;-0.052589;-0.056026;-0.022226;-0.022119;0.0019544;-0.010029
6.0329;-0.016762;0.45572;-0.57893;-0.50621;-0.061727;-0.18836;0.044769;-0.085391;-0.013336;0.0047895;-0.046601;0.0092729
6.0962;-0.027251;0.40955;-0.58817;-0.53129;-0.089293;-0.077561;-0.10334;0.061998;-0.036265;-0.046803;-0.006323;-0.044853
6.215;-0.030427;0.30699;-0.56398;-0.56747;-0.10337;-0.057012;-0.00051658;-0.062966;0.048088;-0.032482;-0.10491;0.02014
6.3353;-0.08156;0.28995;-0.60728;-0.62721;-0.015852;-0.050747;-7.88e-005;-0.032657;0.023474;-0.039472;-0.13431;0.042047
6.457;-0.10774;0.25964;-0.69682;-0.58864;-0.011973;-0.020769;0.017254;-0.10922;0.064736;-0.042786;-0.17214;0.068049
6.6213;-0.15391;0.14263;-0.60657;-0.59374;0.0038948;0.046455;-0.01274;-0.12664;0.10303;-0.091733;-0.2236;0.085352
6.7051;-0.15809;0.049699;-0.58766;-0.52823;-0.033208;0.086497;0.025055;-0.13854;0.11334;-0.12965;-0.25507;0.083744
6.6733;-0.093;-0.10875;-0.47163;-0.49899;-0.13594;0.15452;0.03612;-0.18538;0.13698;-0.12844;-0.28514;0.077276
6.5665;-0.086328;-0.093328;-0.44624;-0.40846;-0.20081;0.14871;0.12421;-0.20439;0.070062;-0.13806;-0.28282;0.073337
6.304;-0.097118;-0.082547;-0.32957;-0.30879;-0.26971;0.14398;0.02802;-0.19733;0.091215;-0.18706;-0.27715;0.07628
5.9553;-0.28308;0.16964;-0.33628;-0.051961;-0.32582;0.062206;-0.066317;-0.36212;0.18638;-0.085648;-0.18272;0.015672
5.8946;-0.62886;0.18127;-0.40442;0.14641;-0.18973;-0.0052098;0.067493;-0.34401;0.19097;0.0025886;-0.092546;0.011056
5.878;-0.73903;0.32083;-0.42159;0.024775;-0.09191;-0.034175;0.14267;-0.16304;0.21781;-0.12019;-0.19567;0.017004
5.7813;-0.76368;0.36398;-0.37321;0.086044;-0.013743;0.044766;0.24997;-0.33186;-0.021088;-0.02007;-0.061099;0.023738
5.7164;-0.78051;0.42498;-0.30991;0.12929;-0.025507;-0.029842;0.10473;-0.32074;0.074003;-0.0020485;-0.10043;-0.0051604
5.5905;-0.77907;0.43937;-0.21087;0.18463;0.13278;-0.21734;0.023611;-0.35303;0.074877;0.051908;-0.10211;0.040844
5.6076;-0.81185;0.49934;-0.1949;0.028007;0.064408;-0.093468;0.066946;-0.2805;0.08448;0.011375;-0.18047;0.036185
5.5285;-0.75654;0.46864;-0.084883;-0.020986;0.061166;0.047132;-0.077316;-0.35429;0.15295;-0.01393;-0.10529;0.084317
5.4271;-0.70168;0.4531;-0.19322;-0.001279;0.12989;-0.12591;-0.086712;-0.17241;0.1603;-0.05793;-0.14828;0.042741
5.3097;-0.63494;0.31056;-0.13399;-0.11735;0.17868;0.07418;-0.14057;-0.1892;0.11544;-0.099043;-0.11685;0.07627
5.3183;-0.3928;0.39183;-0.023677;-0.43793;-0.066307;0.10451;-0.28575;-0.14873;0.10328;-0.13942;0.032398;0.060077
5.8909;-0.047821;0.37937;-0.33117;-0.55632;-0.1204;-0.13972;-0.16804;-0.061556;-0.002306;-0.16358;-0.061603;0.055484
6.2985;-0.12204;0.33598;-0.4126;-0.5976;0.049496;-0.18117;-0.13652;-0.043215;-6.3625e-005;-0.13068;-0.076118;0.10564
6.2951;-0.15595;0.35729;-0.45507;-0.57887;0.040886;-0.1114;-0.11863;-0.0464;-0.031725;-0.10086;-0.033927;0.038237
6.3366;-0.21085;0.36921;-0.37367;-0.65196;0.11156;-0.14474;-0.08521;-0.029319;-0.10617;-0.057733;-0.062114;0.00062695
6.1329;-0.17081;0.44989;-0.39075;-0.52669;0.057621;-0.19681;-0.062012;-0.025678;-0.092408;-0.1142;-0.076773;0.068197
5.8856;-0.22038;0.56682;-0.21625;-0.58639;0.064183;-0.24873;-0.12614;0.044662;-0.11042;-0.071994;0.015219;-0.001643
5.6463;-0.36606;0.55068;-0.11345;-0.42857;-0.022501;-0.22786;-0.091431;-0.086312;-0.055981;0.023647;-0.032534;-0.030084
5.4942;-0.62937;0.4935;-0.059586;-0.19932;-0.030074;-0.14956;-0.061464;-0.13064;0.032387;0.023231;-0.10324;0.019857
5.5681;-0.76003;0.47071;-0.067254;-0.22231;0.23853;-0.33767;0.048793;-0.077557;-0.024123;-0.020431;-0.23377;0.056387
5.5488;-0.73182;0.4461;-0.12068;-0.1787;0.13091;-0.25461;0.097505;-0.023808;0.016945;0.026407;-0.23638;-0.00044511
5.4682;-0.7236;0.54958;-0.032894;-0.20405;0.12214;-0.27698;0.087656;-0.02808;-0.034335;0.032314;-0.12633;0.04835
5.5623;-0.78098;0.53266;-0.11511;-0.20327;0.28575;-0.15166;0.0038249;-0.033042;-0.14521;-0.045497;-0.025214;0.037787
5.5763;-0.82648;0.5184;-0.013372;-0.13623;0.20913;-0.13738;-0.090517;-0.10636;-0.0094217;0.029789;-0.073028;-0.0039102
5.6473;-0.78142;0.3904;-0.17293;-0.16173;0.19502;-0.15541;0.16177;0.028692;-0.1615;-0.11791;-0.080608;0.026019
5.6517;-0.78112;0.24062;-0.18487;-0.31148;0.21099;-0.024361;0.1886;0.025733;-0.10938;-0.074941;-0.2058;0.021255
5.6837;-0.74046;0.28906;-0.13012;-0.3376;0.26391;0.032733;0.047053;0.012033;-0.062735;-0.12343;-0.087225;0.07131
5.7433;-0.75462;0.27149;-0.043024;-0.28516;0.20775;-0.084589;0.050576;0.043552;-0.079329;-0.10824;-0.026908;0.1075
5.627;-0.74341;0.17821;0.11554;-0.47378;0.16546;0.013853;-0.066972;0.17822;-0.0092605;-0.19866;-0.078153;0.03296
5.506;-0.69519;0.095752;0.081303;-0.51391;0.10535;0.044578;-0.18069;0.15283;-0.0085462;-0.10674;0.074734;-0.0079637
5.3241;-0.38195;0.27782;0.013976;-0.51577;-0.011422;-0.13318;-0.2643;0.10682;0.0095663;-0.17789;0.031043;0.024172
5.9333;-0.030283;0.1844;-0.1861;-0.73838;0.014783;-0.050277;-0.28694;0.0053281;-0.011932;-0.15179;-0.061778;0.11224
6.4259;-0.10675;0.12449;-0.304;-0.74616;0.0055529;0.025598;-0.26513;0.034579;0.031021;-0.13614;-0.038342;0.13641
6.4931;-0.088757;-0.0062483;-0.36496;-0.63145;-0.084715;0.061687;-0.17421;0.014915;0.012488;-0.11351;-0.068952;0.092723
6.5785;-0.08523;-0.045006;-0.37238;-0.59993;-0.094617;0.074009;-0.15721;0.012662;0.0064849;-0.10458;-0.10275;0.089288
6.6227;-0.096039;-0.041826;-0.40205;-0.59765;-0.09722;0.090461;-0.15095;0.018983;0.012603;-0.12402;-0.10704;0.075013
6.5937;-0.058061;-0.045467;-0.44355;-0.60671;-0.068652;0.086005;-0.1401;0.041131;0.0010391;-0.10481;-0.12717;0.070567
6.6326;-0.069428;-0.039111;-0.43258;-0.64987;-0.033824;0.083498;-0.14091;0.054713;-0.0055658;-0.093654;-0.14356;0.062762
6.6315;-0.050953;-0.066018;-0.4075;-0.67976;-0.02521;0.097301;-0.17687;0.1056;0.0099035;-0.13133;-0.10311;0.047295
6.6904;-0.087952;-0.059841;-0.36036;-0.73565;0.0014118;0.082891;-0.17564;0.10125;0.036133;-0.13957;-0.094476;0.052522
6.7578;-0.16062;0.032143;-0.42384;-0.69815;-0.0021527;0.050956;-0.18954;0.12808;0.033519;-0.13472;-0.080492;0.045053
6.5972;-0.080363;0.045161;-0.41793;-0.69803;0.020787;0.026707;-0.23514;0.1733;0.023531;-0.16075;-0.032656;0.034601
6.5024;-0.12684;0.22111;-0.48543;-0.66389;0.046401;-0.078163;-0.15846;0.085893;0.033531;-0.13747;-0.038011;0.046132
6.3253;-0.10352;0.26968;-0.41995;-0.60157;-0.024028;-0.12349;-0.12394;0.040795;0.023724;-0.13507;-0.0014323;0.045585
5.7721;-0.030024;0.30356;-0.30249;-0.58429;-0.053526;-0.022748;-0.13041;-0.018183;0.062017;-0.15058;-0.016976;0.070815
5.0417;0.0077519;0.26637;-0.14302;-0.41556;-0.058126;-0.18695;-0.085601;-0.0598;-0.029333;-0.10235;-0.028183;0.095244
4.7958;0.065009;0.17083;-0.21785;-0.45098;0.039056;-0.0080041;-0.031506;-0.020773;-0.028735;-0.070413;-0.060142;0.034955
4.7117;0.029982;0.21704;-0.1996;-0.46356;-0.0321;0.020501;0.0093164;-0.0071485;-0.060482;-0.17768;-0.013176;0.027682
4.5519;-0.060914;0.10559;-0.14568;-0.50604;-0.0083972;0.13503;-0.088618;0.023698;-0.066994;-0.18758;-0.046957;-0.060122
4.4545;-0.067316;0.031316;-0.15786;-0.39775;-0.11621;0.15329;0.016856;0.10296;-0.081004;-0.10899;0.013423;-0.12032
4.3095;-0.15528;0.024072;-0.24978;-0.24609;-0.10047;0.029347;-0.017573;0.011489;-0.0032956;-0.070148;0.0098432;0.012889
4.7925;-0.30092;0.1025;-0.26759;0.05933;-0.071549;0.10935;-0.18603;-0.055373;0.085859;-0.14255;0.066516;0.0095136
4.9957;-0.36995;0.37809;-0.38882;0.093684;-0.1583;-0.012945;-0.054831;-0.027542;0.071289;-0.13638;-0.004091;-0.017428
5.2023;-0.43255;0.37307;-0.32531;-0.11034;-0.079138;-0.082373;-0.065985;0.12142;-0.015658;-0.11233;0.031034;0.031965
5.1044;-0.46223;0.34437;-0.26785;-0.072709;0.070463;-0.12506;-0.19233;0.087902;0.09984;-0.11144;-0.073951;0.023578
5.3684;-0.15302;0.52019;-0.31927;-0.49246;-0.049469;-0.2603;-0.14717;-0.034426;-0.032881;-0.095468;-0.046072;0.10954
5.934;0.066456;0.21907;-0.39723;-0.60618;-0.048095;-0.090198;-0.19018;0.046099;-0.01478;-0.076933;-0.05107;0.022801
6.418;-0.13488;0.15684;-0.47107;-0.67193;0.0073947;-0.016538;-0.15315;0.1327;-0.038579;-0.075218;-0.048275;0.015375
6.5734;-0.16267;0.088353;-0.39693;-0.72684;0.045613;-0.07405;-0.12612;0.171;-0.0084347;-0.091842;-0.085145;0.022673
6.3807;-0.14927;0.028389;-0.36432;-0.60758;0.013519;-0.086658;-0.1704;0.20282;0.057891;-0.12616;-0.128;0.032843
5.8173;-0.16355;0.15292;-0.20696;-0.47707;-0.021429;0.086281;-0.03291;0.079266;-0.03999;-0.083624;-0.14803;-0.032152
5.5022;-0.33075;-0.045123;-0.060863;-0.1875;-0.097022;0.011027;-0.19958;-0.025368;0.029132;0.042621;0.015954;-0.025501
5.3692;-0.28591;0.065644;0.052289;-0.27846;-0.040442;-0.046384;-0.12397;0.12858;-0.071729;-0.066785;-0.044787;-0.084983
5.3021;-0.3351;-0.024062;0.021087;-0.17037;-0.023796;0.195;-0.19189;0.0091214;-0.085761;-0.027705;-0.034948;-0.075807
5.1792;-0.33995;-0.027247;0.084038;-0.09317;-0.18442;0.19185;-0.12786;0.072041;-0.0074937;-0.1077;-0.0787;-0.078431
5.3859;-0.47324;-0.016736;0.2366;-0.26127;-0.17627;0.26955;-0.15802;0.1167;-0.10515;-0.14063;-0.04995;-0.067601
5.3803;-0.37577;-0.23931;0.065544;-0.31413;-0.041642;0.2034;-0.12326;0.14041;-0.079378;-0.097275;-0.030214;-0.037558
5.04;-0.21326;-0.15584;-0.0090358;-0.15437;0.027631;-0.075257;-0.036161;-0.055688;-0.02087;-0.031471;-0.032237;0.10992
5.0212;-0.15935;-0.14784;-0.042788;-0.17262;-0.020641;-0.028111;-0.0066714;-0.13859;0.0095088;0.036214;-0.051593;0.15475
4.9119;-0.12871;-0.20306;0.10757;-0.010639;0.031778;-0.064733;0.01094;-0.19858;-0.019802;0.12279;-0.027378;0.0081365
4.6983;-0.03629;-0.063786;0.14432;-0.032846;-0.035734;-0.044198;-0.020409;-0.16837;-0.062197;0.017972;-0.021135;0.035217
4.9203;0.15043;0.14255;0.039936;-0.25656;-0.14079;-0.22127;-0.17715;-0.21656;0.0032756;0.07048;-0.12299;0.038166
5.8085;0.19034;-0.007736;-0.081936;-0.36026;-0.058788;-0.23695;-0.044419;-0.17056;-0.15602;0.0051904;-0.046937;0.040747
6.0539;0.20605;-0.13753;-0.16229;-0.39274;-0.041608;-0.20367;0.048856;-0.11521;-0.12015;-0.020888;-0.12178;-0.0026728
6.1261;0.23541;-0.20799;-0.22606;-0.36663;-0.054499;-0.19309;0.010148;-0.1342;-0.041758;0.038674;-0.14046;-0.011877
6.2101;0.20966;-0.18304;-0.2217;-0.39079;-0.045851;-0.206;-0.018657;-0.11493;-0.052736;0.086099;-0.13034;-0.013891
6.3299;0.14567;-0.18046;-0.18904;-0.42185;-0.057162;-0.21966;-0.0030701;-0.1116;-0.04382;0.081824;-0.11771;-0.00088503
6.2522;0.23937;-0.25046;-0.22378;-0.36222;-0.09123;-0.1859;-0.046206;-0.070301;-0.069636;0.082972;-0.1162;-0.015227
6.5191;0.10881;-0.21426;-0.40137;-0.26775;-0.15785;0.017936;-0.10408;-0.081487;0.0054962;-0.085238;-0.074518;-0.027976
6.6799;-0.0018297;-0.10172;-0.50998;-0.32035;-0.03177;-0.026427;-0.15912;0.041974;-0.032763;-0.095861;-0.040819;-0.014573
6.7465;-0.0348;-0.10302;-0.50144;-0.32059;-0.012206;-0.0016173;-0.24698;0.073956;-0.021742;-0.1415;0.016632;0.0098871
6.788;-0.052022;-0.10119;-0.56311;-0.2629;-0.03494;0.0047859;-0.22548;0.07142;-0.047449;-0.13102;0.019221;-0.012774
6.8662;-0.072367;-0.16154;-0.51918;-0.2912;-0.002531;0.016074;-0.23989;0.11566;-0.10291;-0.12339;0.037259;-0.071805
7.0016;-0.14827;-0.20547;-0.38286;-0.43597;0.056758;0.059395;-0.29674;0.15067;-0.079675;-0.14961;0.031186;-0.028909
7.0101;-0.16708;-0.19833;-0.29895;-0.51888;0.10825;0.029559;-0.31198;0.16737;-0.053739;-0.18007;0.035127;0.0084638
6.8664;-0.13146;-0.1874;-0.20683;-0.55004;0.1442;-0.0699;-0.26219;0.12789;-0.041024;-0.17402;0.0112;0.047598
6.5855;-0.070992;-0.057641;-0.27222;-0.41141;0.10018;-0.12682;-0.29389;0.16379;-0.11423;-0.13839;0.0072367;0.011436
6.2379;-0.057767;0.12926;-0.25959;-0.40623;0.19482;-0.16676;-0.29058;-0.032009;-0.054882;-0.057055;0.036631;0.045346
5.859;-0.051457;0.24512;-0.30331;-0.34581;0.17296;-0.11624;-0.30676;-0.032827;-0.067659;-0.12294;0.023871;0.074258
5.4983;-0.24085;0.2275;-0.21761;-0.064884;-0.044361;-0.22534;-0.1704;0.048117;-0.012991;-0.20185;-0.084317;0.062656
5.3841;-0.26626;0.29986;-0.40191;0.0043005;-0.091895;0.0024458;0.052218;0.036289;-0.034572;-0.25473;-0.043413;-0.0096887
4.9543;-0.13654;0.080441;-0.15796;-0.28181;0.009011;0.051053;-0.21134;0.18361;-0.057561;-0.23315;0.036516;-0.0077747
4.6585;-0.095361;0.086765;0.035737;-0.39256;-0.014825;0.17127;-0.11418;0.16433;-0.08777;-0.21024;-0.0205;-0.089353
4.4798;-0.04274;0.088185;-0.067603;-0.12957;-0.082123;0.11978;-0.050303;0.015466;-0.021661;-0.11265;-0.013969;-0.057554
4.4157;-0.12203;0.1161;0.027651;-0.019032;-0.012772;0.064876;-0.14233;-0.1181;-0.084213;-0.033584;0.076518;-0.0014617
5.2403;-0.24752;-0.048958;-0.36479;0.045854;-0.076841;0.095256;0.0035512;0.015666;0.044086;-0.11822;-0.010116;-0.11035
5.1443;-0.26589;0.096281;-0.38459;0.078328;-0.075313;0.058611;0.013598;0.046071;0.060934;-0.16894;-0.062151;-0.10405
5.1337;-0.57882;0.47881;-0.2554;0.084532;-0.055917;0.011788;-0.083044;-0.14921;0.13899;-0.16517;0.060396;0.068182
5.3532;-0.6577;0.48656;-0.41082;0.015253;-0.0015468;-0.042154;0.13581;-0.24719;0.057529;-0.06885;-0.017428;0.070578
5.3048;-0.67992;0.44237;-0.23632;-0.082458;0.068133;-0.11661;0.20044;-0.18229;0.0059403;-0.024417;-0.093991;0.052348
5.2416;-0.53481;0.42897;-0.13069;-0.39588;0.12593;0.014175;0.030002;-0.029788;0.052884;-0.10674;-0.19066;0.014366
5.6026;-0.13912;0.41191;-0.27495;-0.54678;-0.051316;-0.03215;-0.2112;-0.074851;-0.13124;-0.04711;-0.03983;0.0022027
6.1687;-0.033377;0.21731;-0.33598;-0.54694;-0.032185;-0.025759;-0.21193;0.069519;-0.16137;-0.073901;-0.074385;0.01622
6.1489;-0.052775;0.11304;-0.27154;-0.66679;0.0089623;0.031826;-0.16124;0.13053;-0.049025;-0.10687;-0.139;0.02274
5.7443;-0.088654;0.24022;-0.12685;-0.52216;-0.090616;0.13229;-0.31183;0.082747;-0.067656;-0.10738;-0.084939;-0.035272
5.3861;-0.26394;0.00011372;-0.13635;-0.018204;-0.29801;0.080646;-0.17378;0.038756;-0.098452;-0.097324;-0.042005;-0.1696
5.3176;-0.20215;-0.21937;0.051796;0.039059;-0.26279;0.10221;-0.1749;-0.13759;-0.033774;0.096184;-0.086805;-0.099123
5.2277;-0.14528;-0.37946;-0.0086318;0.13413;-0.30812;0.077455;0.10059;-0.044091;-0.21137;-0.094329;0.0054758;-0.029472
5.054;-0.17913;-0.33342;-0.1181;0.18903;-0.33094;0.054453;0.16468;0.034798;-0.1768;-0.13774;-0.0050534;-0.016771
5.0549;-0.18613;-0.26841;-0.0878;0.065619;-0.12342;0.11511;0.030198;0.03563;-0.091757;-0.10643;-0.088419;-0.069123
5.2264;-0.36287;-0.30636;-0.074758;0.24082;0.086629;-0.12102;-0.10686;0.039009;-0.038451;-0.083179;0.070314;-0.035914
5.3368;-0.43192;-0.25644;-0.11405;0.080838;-0.075461;-0.069072;0.11675;0.10239;-0.066255;-0.12757;-0.067109;-0.013353
5.5119;-0.4887;-0.31366;-0.088788;0.050904;-0.12941;0.15019;0.1088;-0.017735;-0.0022151;-0.13588;-0.092296;-0.036571
5.6122;-0.43755;-0.44252;0.087346;-0.10485;-0.3771;0.15401;0.35598;0.083053;0.0063406;-0.13304;-0.096924;-0.063132
5.447;-0.41802;-0.33345;0.089397;0.10122;-0.2334;0.14019;0.067739;-0.0059152;-0.088746;-0.091874;-0.097512;-0.074547
5.6694;0.047786;-0.28227;-0.31983;-0.019962;-0.25601;-0.062596;-0.11787;0.00058238;-0.16214;-0.10094;-0.0051622;-0.017718
6.5585;0.13572;-0.51472;-0.39061;-0.13128;-0.30622;0.029025;0.050846;0.0023261;-0.16574;-0.062049;-0.070691;-0.025217
6.5634;0.17153;-0.58299;-0.41082;-0.15636;-0.37333;0.046481;0.13269;-0.022857;-0.046811;-0.099521;0.01709;-0.10026
6.426;0.11989;-0.52951;-0.24363;-0.35257;-0.24344;-0.089147;0.10126;-0.011747;-0.072978;-0.051578;0.0075803;-0.065752
6.0468;-0.039299;-0.24163;-0.056294;-0.41358;-0.15853;-0.12071;0.11699;-0.057292;-0.063573;-0.065109;-0.05256;-0.028938
6.1667;0.065086;-0.31848;-0.28374;-0.23999;-0.13217;-0.12659;0.081317;-0.0653;0.0010601;-0.10546;-0.099875;-0.068127
6.4513;0.092685;-0.40409;-0.28318;-0.26889;-0.12935;-0.13848;0.058459;-0.04488;-0.11368;-0.0080206;-0.025925;-0.036924
6.4807;0.091948;-0.39147;-0.31162;-0.17303;-0.14681;-0.19659;0.030712;-0.036479;-0.13047;0.039716;-0.020609;-0.011167
6.4312;0.090714;-0.37446;-0.27418;-0.14659;-0.11258;-0.2273;-0.047334;-0.033168;-0.11328;0.071369;-0.027038;0.0016311
6.2678;0.15768;-0.33258;-0.29699;-0.19727;-0.044675;-0.18627;-0.09098;-0.036547;-0.10158;0.061056;-0.048567;-0.018987
6.1558;0.17448;-0.34531;-0.18893;-0.19471;-0.11125;-0.12629;-0.010268;-0.08067;-0.1556;0.028619;-0.054439;0.01891
5.8496;0.19993;-0.23026;-0.21636;-0.13111;-0.05389;-0.055943;-0.040343;-0.1806;-0.17413;-0.054824;0.011857;0.060711
5.637;0.18698;-0.057829;-0.087837;-0.16488;-0.056861;-0.070218;-0.16702;-0.32901;-0.012845;-0.0032965;0.0019059;0.1154
5.5664;0.21572;0.025619;-0.15763;-0.12039;-0.081816;-0.25347;-0.0042228;-0.28585;-0.042139;0.043324;-0.0059087;0.082254
5.3529;0.26809;0.10387;-0.14405;-0.16508;-0.12336;-0.22449;-0.044632;-0.23075;0.027708;-0.042955;-0.0086667;0.088275
5.2047;0.14477;0.015102;-0.16768;-0.081459;-0.12041;-0.17396;-0.093078;-0.20598;-0.044724;-0.024019;0.056452;0.04545
5.6575;-0.3669;0.1212;-0.1523;0.075741;-0.086311;-0.076955;-0.071003;-0.27128;0.050893;-0.050425;0.060773;0.05247
5.3199;-0.34709;0.14096;-0.18827;0.10226;-0.145;-0.11155;-0.055557;-0.27594;0.048357;-0.06457;0.090083;0.085227
4.9141;-0.31699;0.25556;-0.22377;0.13897;-0.021777;-0.13551;-0.006325;-0.12746;0.027801;-0.08012;0.029028;0.080704
5.5502;-0.3431;-0.01913;-0.33179;0.070674;-0.088207;-0.074755;0.19385;-0.23129;0.054248;0.048557;-0.13258;0.014932
5.0842;-0.45771;0.29087;-0.23577;0.23758;-0.19804;-0.10678;0.334;-0.35664;-0.051189;-0.019389;0.0061813;0.028316
5.2403;-0.52129;0.26512;-0.14454;0.26426;-0.12824;-0.0017593;0.17487;-0.53613;-0.071222;0.065073;0.14603;0.058564
5.147;-0.52388;0.23881;0.066594;0.10737;-0.020769;-0.1158;0.11733;-0.38302;-0.091459;0.16255;-0.014462;0.061082
5.1138;-0.48845;0.16663;0.19503;0.12119;-0.22442;-0.062501;0.22669;-0.3039;-0.15851;0.016026;0.087733;0.052403
5.0015;-0.20803;0.18507;0.010771;-0.13791;-0.24951;-0.093515;-0.0016951;-0.29354;-0.016685;0.075547;0.029913;0.010868
5.547;0.15308;0.07053;-0.20014;-0.29416;-0.30669;-0.19661;0.14697;-0.29444;-0.090008;0.053157;-0.13971;0.062843
6.0764;0.11457;-0.09168;-0.46561;-0.27132;-0.21366;-0.2173;0.35958;-0.20815;-0.087701;0.072978;-0.2128;0.065775
6.2895;0.024611;-0.081465;-0.57579;-0.15541;-0.27103;-0.21131;0.34111;-0.1969;-0.0063474;0.0055007;-0.1966;0.046482
6.2232;0.044544;0.0063375;-0.62868;-0.19323;-0.18952;-0.27179;0.3299;-0.18115;0.0019354;0.038919;-0.23583;0.066204
6.1682;0.010871;0.02307;-0.57348;-0.18726;-0.25873;-0.27548;0.37757;-0.17874;-0.019475;0.059319;-0.22477;0.046565
5.9607;0.078145;-0.027063;-0.46863;-0.18316;-0.29367;-0.27983;0.39816;-0.16066;-0.076052;0.054887;-0.20066;0.014901
5.763;0.0093512;0.080679;-0.3805;-0.12163;-0.36352;-0.1296;0.33427;-0.20323;-0.010808;-0.051094;-0.14617;0.010041
5.4373;-0.092776;0.11427;-0.16154;0.050448;-0.39206;-0.12193;0.21879;-0.2433;0.012843;-0.11481;-0.066033;0.013933
5.2825;-0.33402;0.074871;-0.17286;0.11954;-0.37387;-0.1641;0.19131;-0.30116;0.043691;0.051723;-0.011249;0.04274
5.4263;-0.47535;0.15378;0.056614;0.14733;-0.40856;-0.1101;0.28396;-0.30147;-0.06179;-0.1136;0.064558;0.13615
5.4883;-0.5818;0.10244;-0.048619;0.23954;-0.32667;-0.2692;0.32453;-0.0684;-0.033798;-0.26329;-0.0017712;0.15554
5.1882;-0.53119;0.12224;-0.022167;0.42834;-0.23888;-0.2274;0.14313;-0.21649;0.038541;-0.17098;0.10105;0.18555
4.8566;-0.27254;0.21619;-0.16836;0.35898;-0.36811;-0.090028;0.11415;-0.27309;0.14674;-0.11434;0.069125;0.10465
4.5415;-0.10616;0.18604;-0.095283;0.158;-0.33618;0.031882;0.13508;-0.21878;0.095259;-0.19258;0.0663;0.12804
4.389;-0.021574;0.12736;-0.029644;0.17288;-0.23605;-0.0036103;0.060912;-0.21898;0.098007;-0.16802;0.02827;0.077541
4.4867;0.011143;0.087735;-0.072539;0.062989;-0.23145;0.022244;0.013841;-0.17034;0.14646;-0.15114;0.042314;0.033222
4.5591;0.0097187;0.047749;-0.065259;-0.069422;-0.20368;-0.052991;0.11279;-0.16787;0.10884;-0.046358;-0.074634;0.090432
4.3737;-0.066349;0.32638;-0.097744;0.057032;-0.066256;-0.17505;0.14423;-0.24765;-0.019514;0.021938;-0.070649;0.11121
5.7072;-0.48884;0.15359;-0.32103;-0.16181;-0.040375;-0.21128;0.24731;-0.15528;-0.039636;0.0070512;-0.064227;0.13544
6.0272;-0.55686;0.12054;-0.43557;-0.27419;-0.018541;-0.28949;0.30731;-0.11338;-0.026383;0.031734;-0.14509;0.12557
5.2649;-0.54071;0.46573;-0.37;-0.1954;0.054996;-0.25017;0.19168;0.024696;0.038952;0.07358;-0.1281;-0.032836
5.0131;-0.44445;0.37888;-0.11276;-0.13375;0.036357;-0.16042;0.043749;0.036621;-0.14673;-0.035181;-0.005694;-0.032755
5.3384;-0.042016;0.33121;-0.37557;-0.43054;-0.095845;-0.29106;-0.088214;-0.0013839;-0.17993;0.056047;-0.023697;-0.051031
6.2067;-0.025308;0.18635;-0.35768;-0.77272;-0.0019482;-0.1223;-0.22347;0.13677;-0.041405;-0.029119;-0.049289;0.021289
6.4562;-0.086831;0.11013;-0.49689;-0.70294;-0.058644;-0.02494;-0.22396;0.20718;-0.032791;-0.059772;-0.049801;0.010542
6.4314;0.0032507;-0.0088931;-0.49308;-0.56483;-0.21445;-0.0013745;-0.22239;0.18074;-0.026295;-0.051714;-0.04788;-0.015471
6.4899;-0.01359;-0.058841;-0.51305;-0.46555;-0.33195;-0.01504;-0.17284;0.14461;-0.049127;-0.024334;-0.046299;-0.056201
6.4449;0.062359;-0.11866;-0.53408;-0.36228;-0.31568;-0.11379;-0.14856;0.21556;-0.086153;-0.018608;-0.034622;-0.065961
6.057;0.28064;-0.1861;-0.63957;-0.13188;-0.32702;-0.16639;-0.19815;0.26482;-0.02456;-0.065549;-0.011978;-0.07228
5.5688;0.3251;-0.10963;-0.27204;-0.18173;-0.21322;-0.1792;-0.2209;0.086256;-0.052356;-0.0149;-0.012216;0.0019557
5.1715;0.49437;0.041582;-0.34009;-0.3297;-0.16523;-0.13126;-0.20736;-0.07845;-0.012144;0.10333;-0.05352;0.034054
4.9812;0.56512;0.065798;-0.29064;-0.30725;-0.25193;-0.13133;-0.17709;-0.029106;0.02851;-0.019382;-0.030084;0.057237
4.862;0.58844;0.053884;-0.21422;-0.26739;-0.209;-0.13549;-0.25061;-0.038354;0.10599;-0.060479;-0.012555;0.033023
4.6885;0.60947;0.1199;-0.23287;-0.25831;-0.20831;-0.12582;-0.22629;-0.11554;0.13828;-0.064291;-0.01769;0.049966
4.6464;0.58482;0.11866;-0.14264;-0.20334;-0.26393;-0.16668;-0.096958;-0.17303;0.07764;-0.033646;-0.011346;0.017265
4.492;0.55958;0.23149;-0.030101;-0.21839;-0.24151;-0.14514;-0.11359;-0.14566;0.040716;-0.076221;-0.015433;0.065481
4.5258;0.58593;0.13441;-0.20088;-0.011127;-0.18395;-0.22262;-0.17834;-0.18493;0.087046;-0.026311;-0.011;-0.0025022
4.4647;0.55717;0.19053;-0.079746;-0.071653;-0.34364;-0.16125;-0.060238;-0.28025;0.11044;-0.024263;-0.055149;0.022067
4.674;0.43284;0.14661;0.068201;-0.14186;-0.37093;-0.040658;-0.19032;-0.22495;0.11635;-0.029278;-0.045406;0.040936
5.7695;0.1207;-0.30972;-0.0068152;0.024757;-0.13935;-0.079372;-0.26986;-0.24829;0.091503;0.055002;-0.046923;-0.049917
5.8596;0.28666;-0.24996;-0.47517;-0.1069;-0.3021;-0.004317;-0.080854;-0.10887;0.13651;-0.048861;-0.069712;-0.082316
5.9845;0.37428;-0.25438;-0.85183;0.098559;-0.3704;-0.10592;-0.0246;-0.055266;0.16555;-0.026396;-0.04707;-0.11282
6.104;0.37083;-0.23351;-0.99514;0.091343;-0.31006;-0.19149;0.048294;-0.028527;0.075051;0.04147;-0.061723;-0.085885
6.1806;0.39551;-0.29341;-1.0325;0.069099;-0.30794;-0.18399;0.075558;-0.056284;0.095271;0.04734;-0.064635;-0.083642
6.3094;0.37715;-0.36371;-1.0667;0.15485;-0.35331;-0.13911;0.063096;-0.093515;0.156;0.0020973;-0.044773;-0.10942
6.3658;0.36339;-0.44575;-1.0147;0.20148;-0.33785;-0.10846;0.014594;-0.084136;0.15383;-0.01906;-0.043949;-0.10218
6.4503;0.27145;-0.38284;-0.991;0.21895;-0.33121;-0.18317;0.072385;-0.061916;0.10486;-0.039637;-0.11795;-0.030058
6.4485;0.24233;-0.37044;-0.92241;0.25033;-0.3882;-0.239;0.038126;-0.065101;0.10343;-0.065241;-0.10691;0.022075
6.4256;0.23114;-0.35846;-0.85971;0.22223;-0.38884;-0.32793;0.0413;-0.065371;0.1064;-0.02722;-0.11475;0.061962
6.4564;0.18912;-0.29563;-0.86586;0.19786;-0.3957;-0.40327;0.04934;-0.049992;0.10862;0.022225;-0.11745;0.074885
6.3492;0.25416;-0.32665;-0.75997;0.053296;-0.28331;-0.53954;0.15606;-0.070498;0.096865;0.071817;-0.18599;0.14084
6.3684;0.22667;-0.28638;-0.77451;0.031986;-0.25352;-0.58505;0.18266;-0.082684;0.10753;0.080767;-0.19112;0.14349
6.377;0.21319;-0.28104;-0.79844;0.045374;-0.25712;-0.57827;0.19223;-0.1014;0.13019;0.069613;-0.17728;0.14674
6.3817;0.17662;-0.22825;-0.86892;0.037166;-0.2047;-0.59547;0.21864;-0.12793;0.1155;0.086963;-0.18237;0.17757
6.4501;0.11453;-0.13881;-0.95777;0.098118;-0.24418;-0.48429;0.21234;-0.15488;0.099532;0.049574;-0.091149;0.13843
6.4675;0.13762;-0.24686;-0.87094;0.083669;-0.25509;-0.4536;0.24654;-0.10243;0.051268;0.041242;-0.13171;0.17577
6.5416;0.16281;-0.36803;-0.81836;0.15578;-0.32335;-0.34588;0.20227;0.00062631;0.041905;-0.038594;-0.1716;0.10502
6.6287;0.16084;-0.42964;-0.82079;0.22669;-0.41061;-0.26728;0.13219;0.06792;0.093559;-0.10183;-0.17604;-0.0069037
6.4936;0.24676;-0.42764;-0.81876;0.20991;-0.43047;-0.24881;0.068655;0.065634;0.11919;-0.067521;-0.14622;-0.04883
6.2112;0.29369;-0.42344;-0.83014;0.26814;-0.46187;-0.20941;-0.078456;0.085811;0.14678;-0.01387;-0.11845;-0.11166
5.6202;0.36264;-0.3078;-0.76931;0.42381;-0.31687;-0.082411;-0.094762;0.039626;0.12736;-0.036366;-0.11065;-0.16103
4.9028;0.36515;-0.22174;-0.54053;0.3445;-0.19308;-0.33559;-0.15851;-0.048088;0.16006;0.06601;-0.026636;-0.068125
4.5921;0.38221;-0.08571;-0.57853;0.18922;-0.17362;-0.16367;0.0070576;0.085028;0.041301;-0.10326;-0.15471;-0.042211
4.3671;0.41632;-0.05828;-0.40004;0.19921;-0.15004;-0.13162;0.021665;0.076182;0.012606;-0.17188;-0.13792;-0.0029278
4.2179;0.3581;-0.18132;-0.40816;0.19515;-0.15354;-0.13425;0.0389;0.248;0.033455;-0.17631;-0.15857;-0.061921
4.0993;0.38201;-0.031739;-0.36936;-0.011574;-0.096376;0.032222;0.10694;0.11245;-0.03795;-0.15001;-0.15503;-0.047873
4.0655;0.33454;-0.046487;-0.15579;0.2205;-0.1679;-0.084592;-0.0098676;-0.034342;-0.00067406;-0.090076;-0.021957;-0.046112
5.2266;0.12707;-0.57115;-0.43404;0.38299;-0.34669;0.11578;-0.039711;0.10462;0.042522;-0.066004;-0.022197;-0.068285
5.3561;0.070471;-0.6325;-0.50945;0.32808;-0.47489;0.1162;-0.052848;0.13672;0.041259;-0.062809;0.001465;-0.073495
5.1138;0.1928;-0.54866;-0.18689;0.3417;-0.52956;0.17407;0.023918;0.16665;-0.079857;-0.14721;-0.042996;-0.1151
4.6122;0.13356;-0.3758;-0.020026;0.39015;-0.37592;0.10104;0.01685;-0.028272;-0.13239;-0.044466;0.036348;-0.031221
4.3453;0.10931;-0.31587;0.16298;0.28523;-0.42765;-0.014168;0.16889;0.0030517;-0.20082;-0.085246;0.0073936;0.042235
4.1467;0.24138;-0.24953;0.12985;0.17888;-0.3325;-0.0027855;0.14478;-0.021492;-0.18724;-0.1394;0.023109;0.031109
3.9496;0.28362;0.025034;-0.055751;-0.056011;-0.065863;0.032123;0.073552;-0.030357;-0.12212;-0.14933;0.0016285;0.032146
3.8067;0.27117;0.10217;0.087818;0.11217;-0.063016;-0.16756;-0.1569;-0.046623;-0.020292;8.0261e-005;0.059803;-0.02595
3.8145;0.29658;0.095019;0.014547;0.1381;0.033844;-0.21646;-0.16241;-0.016718;-0.024286;-0.022249;0.030255;0.017391
3.757;0.27873;0.22608;0.055237;0.09995;-0.10629;-0.13071;-0.13907;-0.078788;0.019754;-0.035255;0.025416;0.033471
3.6559;0.28901;0.2716;0.12109;-0.0090628;-0.11942;-0.1331;-0.11609;-0.052538;0.020063;-0.0086378;-0.075166;0.053537
3.6019;0.27815;0.3351;0.097541;-0.046193;-0.085784;-0.091067;-0.14265;-0.067722;-0.017101;0.0077793;0.030236;-0.019911
3.5822;0.29014;0.30585;0.08911;-0.071924;-0.01013;-0.072204;-0.25613;-0.032215;-0.0089427;0.023512;0.0014401;0.0026344
3.6048;0.27269;0.32325;0.068823;-0.053624;-0.040261;-0.064402;-0.26278;-0.10233;0.059223;0.048399;0.0087081;-0.032486
3.6971;0.34498;0.40456;0.083901;-0.25036;-0.17976;-0.13831;-0.14655;0.00092292;-0.06524;-0.083499;0.040288;0.038966
3.8979;0.51676;0.4489;-0.10384;-0.29855;-0.23871;-0.086165;-0.11439;-0.14333;-0.032272;-0.021413;-0.063975;0.075522
4.0329;0.56763;0.29745;-0.088487;-0.29781;-0.27686;-0.046584;-0.025205;-0.17232;-0.15185;-0.0087652;-0.02799;0.022957
4.192;0.56674;0.19778;0.049516;-0.32302;-0.43471;0.01423;0.082921;-0.25585;-0.20264;0.090822;0.00072682;-0.050746
4.1369;0.61297;0.32902;-0.078963;-0.29848;-0.34179;-0.071594;0.051025;-0.21807;-0.12123;0.070589;-0.0098463;0.0071013
4.2531;0.48427;0.40567;-0.10496;-0.28644;-0.28372;-0.082402;-0.092183;-0.099332;-0.072313;-0.025434;-0.0042171;0.030101
5.0863;-0.019097;0.28828;0.090475;-0.12185;-0.33479;-0.063311;-0.24539;-0.074324;-0.014577;-0.06947;-0.025457;-0.0095172
6.045;-0.22848;0.01823;-0.11029;-0.091394;-0.21431;0.042745;-0.20315;-0.074013;0.020671;-0.13717;-0.11676;-0.039557
6.1672;0.070852;-0.0063891;-0.44847;-0.40739;-0.19145;0.088159;-0.040345;-0.08767;0.086374;-0.064833;-0.18866;0.028104
6.4562;0.0468;0.0014868;-0.60283;-0.4246;-0.090209;0.013176;0.05225;-0.13829;0.0037571;0.052672;-0.19006;0.079803
6.6131;-0.020711;-0.091279;-0.48815;-0.39418;-0.072153;-0.078209;0.13011;-0.23173;-0.051134;0.13323;-0.18539;0.10231
6.7109;-0.018409;-0.18276;-0.50272;-0.30458;-0.099628;-0.052442;0.13873;-0.23114;-0.069205;0.12037;-0.17938;0.090922
6.6912;0.0017461;-0.17435;-0.53916;-0.24246;-0.18233;-0.011575;0.15056;-0.14629;-0.13897;0.10836;-0.13292;0.038017
6.4802;0.095493;-0.20944;-0.48751;-0.22757;-0.24935;-0.085181;0.14975;-0.03817;-0.15559;0.078549;-0.079455;0.016234
6.0785;0.21196;-0.19613;-0.53364;-0.061479;-0.29853;-0.16464;0.072434;0.062777;-0.11718;0.009935;-0.028787;-0.030463
5.8904;0.26611;-0.26404;-0.33838;-0.033601;-0.16524;-0.33778;0.1467;-0.033789;-0.08848;0.06211;-0.12768;0.075941
5.7473;0.35125;-0.35779;-0.27351;0.031727;-0.2837;-0.19802;0.066575;-0.035745;-0.0641;-0.020163;-0.087213;0.071777
5.7199;0.38513;-0.37884;-0.30358;0.01104;-0.2973;-0.20132;0.044304;0.014378;-0.068761;-0.010962;-0.089586;0.019401
5.8267;0.37262;-0.26852;-0.45957;0.043504;-0.36221;-0.22335;0.026937;0.13173;-0.078018;0.0099602;-0.1155;-0.0088887
6.0172;0.3507;-0.28995;-0.52751;-0.14697;-0.33614;-0.2304;0.087727;0.13699;-0.093894;0.050757;-0.13342;0.028376
6.2357;0.23946;-0.1988;-0.58891;-0.39297;-0.26289;-0.16648;0.088361;0.11458;-0.23895;0.1495;-0.086079;-0.083929
6.4937;0.067835;-0.1431;-0.48994;-0.49087;-0.27286;-0.096991;0.10057;0.0075233;-0.18856;0.18403;-0.14815;-0.071504
6.5005;-0.011646;0.023849;-0.51858;-0.54932;-0.18189;-0.086341;0.045756;0.017134;-0.26864;0.19493;-0.081277;-0.12935
6.5059;-0.10054;0.17191;-0.50611;-0.61735;-0.045922;-0.11441;-0.049949;0.08406;-0.22994;0.10937;-0.034908;-0.071629
6.3873;-0.077568;0.24044;-0.49924;-0.72152;0.10737;-0.11869;-0.18266;0.1506;-0.14852;-0.012649;-0.012822;-0.0077812
6.3507;-0.098263;0.28367;-0.44637;-0.73482;0.10821;-0.15563;-0.18687;0.12554;-0.13151;-0.024759;-0.0024312;0.045272
6.0967;-0.030079;0.25227;-0.38149;-0.7172;0.042798;-0.055933;-0.23324;0.10251;-0.098998;-0.075914;-0.01672;0.084903
5.3076;0.1471;0.21705;-0.21432;-0.56644;0.063202;-0.15945;-0.089145;0.0077773;-0.23272;-0.063296;-0.01115;0.065967
4.8208;0.21267;0.24248;-0.15351;-0.61972;-0.021386;-0.14042;-0.080439;-0.0066568;-0.18913;-0.06104;0.012409;0.03748
4.4444;0.14642;0.17383;-0.19344;-0.65749;0.046032;-0.038673;-0.052276;0.058317;-0.086102;-0.059064;0.019826;0.079229
4.0507;0.13307;0.2671;-0.16296;-0.51402;0.025771;-0.034249;0.07662;0.017373;-0.10526;0.09291;-0.028201;0.040691
3.8855;0.18095;0.26529;-0.1734;-0.28646;0.073708;-0.0037811;-0.024193;0.047318;-0.06261;-0.025121;-0.14506;-0.011289
3.8375;0.20934;0.18806;-0.072591;-0.21039;-0.042093;-0.010285;0.084696;0.059768;-0.12862;-0.095387;-0.057019;-0.011303
3.7084;0.12037;0.32155;0.046234;-0.18335;-0.1477;-0.14567;0.13647;-0.096859;-0.0076041;-0.001886;-0.075696;0.074997
4.2004;-0.16144;0.24728;0.066031;-0.41286;0.091648;0.077412;-0.069255;-0.10809;0.099192;-0.080565;-0.088007;0.050954
5.4242;-0.45079;0.035889;0.018933;-0.6741;-0.12782;0.17186;0.11138;-0.12494;0.13103;-0.11322;-0.17342;0.076014
5.182;-0.14843;0.28555;0.039544;-0.7415;-0.11873;0.037977;-0.15221;-0.108;-0.011803;-0.049063;-0.060989;0.071812
5.9443;-0.1275;0.591;-0.4165;-0.79714;0.079383;-0.13378;-0.35244;0.11076;-0.052697;-0.085447;0.0066023;-0.021849
6.1331;-0.13767;0.57611;-0.6117;-0.77595;0.091105;-0.10577;-0.30387;0.15951;-0.0042581;-0.066539;0.10302;0.00015452
5.9932;-0.060231;0.60795;-0.65926;-0.65877;0.076745;-0.16493;-0.23211;0.062129;0.0061632;-0.08406;0.071635;0.0090972
5.6312;0.013765;0.68021;-0.63712;-0.66038;0.12798;-0.17955;-0.24286;0.06884;0.026048;-0.12228;0.094314;-0.014725
5.0614;0.00020765;0.75089;-0.4384;-0.53701;0.10243;-0.12487;-0.25617;0.12445;-0.06999;-0.11726;0.099006;-0.094427
4.3585;0.04187;0.63525;-0.28758;-0.46919;-0.069355;-0.16601;-0.23038;0.064224;-0.074972;0.043305;0.082223;-0.075434
4.123;0.16488;0.60278;-0.2321;-0.48919;-0.031104;-0.096615;-0.15914;0.048043;-0.076561;0.014746;0.090591;-0.030179
3.8321;0.093234;0.44451;-0.20071;-0.48171;-0.012063;-0.032478;-0.13349;0.047196;-0.17137;0.00068739;0.034928;-0.012278
3.7765;0.046034;0.30453;-0.16829;-0.39472;-0.022504;0.0093342;0.07222;0.049175;-0.11207;-0.077502;-0.014683;0.0042793
3.6256;0.046726;0.12247;-0.23692;-0.37785;-0.15958;-0.0081959;0.12337;0.031438;-0.095094;0.024707;0.0064579;-0.03914
3.5439;-0.037179;0.17466;-0.25297;-0.14991;-0.22202;-0.12122;0.039136;0.049554;0.053984;-0.099306;-0.0303;0.10439
4.303;-0.21442;0.096546;-0.52751;-0.046027;-0.13687;-0.1003;0.11081;0.019989;0.10303;-0.065877;0.01372;-0.059824
5.2408;-0.46352;0.1587;-0.8516;-0.24749;-0.24204;-0.35226;0.088508;0.0038056;0.0088772;-0.0064973;-0.011159;0.0091575
4.8554;-0.81352;0.42322;-0.78354;-0.28241;-0.050305;-0.32668;0.0021142;-0.0049008;-0.015873;-0.036484;0.016122;0.069647
4.9405;-1.0426;0.6077;-0.37768;-0.11777;0.060646;-0.29382;0.085825;0.016747;0.014288;-0.03213;-0.14343;0.053214
5.0392;-1.0862;0.62087;-0.42206;-0.27665;0.24448;-0.17089;-0.024606;-0.084096;0.15984;0.05179;-0.22846;0.049267
5.1612;-0.99801;0.30603;-0.52957;-0.32002;0.32502;-0.063126;0.036737;-0.18586;0.1627;0.059016;-0.20606;0.062724
5.1754;-0.83876;0.26773;-0.41966;-0.25511;0.30575;0.059485;-0.11674;0.0091829;0.23996;-0.10413;-0.19559;0.0014409
5.1555;-0.69869;0.30048;-0.32507;-0.30338;0.34623;-0.11172;-0.089129;0.094927;0.26117;-0.14197;-0.29808;0.048941
5.0726;-0.60772;0.24244;-0.15701;-0.37094;0.40588;0.023569;-0.20079;-0.052596;0.17114;-0.073582;-0.14006;0.070978
5.4013;-0.44447;0.29577;-0.0038319;-0.59528;0.2296;-0.10259;-0.30312;0.052002;0.13346;-0.2221;-0.12865;0.067077
5.9737;-0.08645;0.060298;-0.38695;-0.61669;0.13248;-0.017737;-0.14835;0.046536;0.068065;-0.17567;-0.13577;0.086484
6.4407;-0.14827;-0.029635;-0.45834;-0.59764;0.07029;-0.0045935;-0.15055;0.066097;0.090647;-0.10727;-0.14677;0.10184
6.4492;-0.13633;-0.015821;-0.40166;-0.48884;-0.028467;0.1037;-0.25567;0.061088;0.055183;-0.13486;-0.035326;0.066864
6.4446;-0.10165;-0.02196;-0.49897;-0.39772;-0.040244;0.072072;-0.14316;-0.01486;0.006981;-0.10749;-0.058644;0.11913
6.5032;-0.092747;-0.057034;-0.57114;-0.41411;-0.015211;0.12517;-0.12092;-0.059625;-0.037467;-0.083388;-0.076253;0.095927
6.5829;-0.080288;-0.10062;-0.54122;-0.45816;0.089948;0.12305;-0.21915;0.039128;-0.056621;-0.12329;-0.039757;0.092455
6.6931;-0.093669;-0.15705;-0.47134;-0.51996;0.095201;0.17627;-0.23669;0.059559;-0.044047;-0.14769;-0.044421;0.06355
6.7029;-0.11556;-0.15677;-0.41467;-0.57458;0.12566;0.15326;-0.22257;0.028966;-0.006722;-0.15468;-0.077102;0.09703
6.7057;-0.11277;-0.11131;-0.44426;-0.51603;0.088593;0.16192;-0.1819;0.02167;-0.027265;-0.12991;-0.098769;0.093384
6.7068;-0.10227;-0.12846;-0.43509;-0.51541;0.064376;0.19143;-0.19148;0.026512;-0.024929;-0.14026;-0.088178;0.081785
6.7114;-0.12737;-0.11737;-0.44669;-0.48399;0.060864;0.21644;-0.25672;-0.0060059;0.0042439;-0.13305;-0.088715;0.079023
6.6469;-0.11205;-0.082488;-0.3819;-0.53697;0.068695;0.20785;-0.24749;-0.014808;-0.014387;-0.12273;-0.098232;0.11479
6.5784;-0.044196;-0.14898;-0.39896;-0.49613;0.075622;0.097935;-0.13052;-0.024392;-0.07087;-0.071301;-0.11883;0.10127
6.5927;-0.07849;-0.13974;-0.35364;-0.52194;0.056953;0.19532;-0.23881;-0.016761;0.0042875;-0.1152;-0.12114;0.09708
6.4692;-0.022814;-0.10349;-0.36694;-0.49238;0.079006;0.14378;-0.18524;-0.0022517;-0.065469;-0.082583;-0.12432;0.068682
6.4219;-0.023154;-0.10327;-0.34111;-0.44925;-0.0066666;0.25558;-0.28708;-0.045332;0.026571;-0.10757;-0.12343;0.047168
6.4009;-0.062708;-0.059762;-0.22339;-0.51749;-0.016301;0.27258;-0.2262;-0.15046;0.040203;-0.050304;-0.19494;0.043268
6.3252;-0.039031;-0.025545;-0.19657;-0.50518;-0.090846;0.36577;-0.24291;-0.20952;0.092373;-0.084803;-0.18417;0.035948
6.258;-0.028059;-0.035791;-0.14153;-0.53447;-0.11507;0.38847;-0.26705;-0.18047;0.07571;-0.10436;-0.15552;0.021118
6.0987;0.026356;0.029877;-0.19085;-0.44271;-0.093061;0.25184;-0.20315;-0.17184;0.031912;-0.096947;-0.097916;0.0029087
6.0645;-0.018117;0.046668;-0.098803;-0.42507;-0.2009;0.26764;-0.15265;-0.25218;0.051777;-0.040481;-0.16865;-0.013531
5.8517;0.061244;-0.052509;0.039453;-0.4759;-0.19445;0.34418;-0.18905;-0.29654;0.05976;-0.065726;-0.20451;0.0080368
5.5018;0.13638;0.0051312;0.14554;-0.46583;-0.25802;0.3747;-0.21176;-0.33073;0.040072;-0.06429;-0.16568;0.0077733
4.9199;0.23213;0.10615;0.22896;-0.33544;-0.27181;0.098375;-0.24806;-0.19789;0.050877;-0.028711;-0.14894;0.07578
4.6392;0.23021;0.11898;0.33072;-0.32392;-0.26787;0.014387;-0.28849;-0.20134;0.10076;0.029969;-0.20865;0.073584
4.3445;0.20514;0.24732;0.24808;-0.35729;-0.15554;-0.02942;-0.26143;-0.1405;-0.024743;0.043397;-0.096277;0.016575
4.0738;0.095686;0.17037;0.27482;-0.20484;-0.23885;-0.16104;-0.25182;-0.021598;0.063365;-0.074283;-0.16933;0.052996
3.8825;0.15248;0.14432;0.18915;-0.19743;-0.25202;0.089458;-0.18513;-0.21052;0.059185;-0.045553;-0.10907;0.09075
3.7156;0.1488;0.076667;0.14168;-0.092397;-0.15986;-0.013896;-0.12009;-0.16271;-0.058479;-0.030686;0.010786;0.032364
3.5767;0.099572;0.010959;-0.0062345;0.003736;0.040024;0.037301;-0.20068;-0.22015;0.024471;0.053185;0.015134;-0.026624
3.4376;0.0022888;0.16899;0.12294;0.031662;-0.14173;-0.022079;-0.18116;-0.10943;0.12625;-0.09366;-0.11413;0.088237
3.3244;-0.018095;0.20482;0.16119;0.016792;-0.14044;0.0039113;-0.097416;-0.24168;0.052764;0.038275;-0.074466;0.05787
3.2683;-0.004565;0.25139;0.11909;-0.036968;-0.056841;-0.041431;-0.16726;-0.11445;0.041965;-0.017367;-0.050392;0.038543
3.3319;0.052128;0.18238;0.115;-0.053128;0.086934;-0.0054796;-0.23347;-0.2184;0.058704;0.060499;-0.038638;0.063734
3.2244;0.030436;0.22524;0.055071;-0.053138;0.035341;0.028129;-0.18601;-0.22005;0.042565;-0.03085;0.0044695;0.10867
3.1381;0.0013995;0.20579;0.11033;-0.018547;-0.026784;-0.0047305;-0.16738;-0.1423;0.020347;-0.016351;-0.0074736;0.068961
3.0777;-0.070068;0.18529;0.061956;0.058337;-0.053872;-0.055215;-0.12044;-0.13;-0.053733;-0.014809;0.067975;0.048649
3.0413;-0.13578;0.0013992;-0.01002;0.047543;0.050179;-0.014483;-0.14617;-0.18421;0.0047274;0.0096228;-0.047463;0.0435
3.022;-0.070317;0.066389;0.050627;-0.042888;0.10074;0.024513;-0.19563;-0.15329;-0.015138;0.039532;0.0025609;-0.012248
3.1219;-0.0064801;0.11354;0.092201;0.016205;0.0091347;-0.0062702;-0.15245;-0.14511;-0.07555;0.044812;0.060471;0.010665
3.1507;-0.080049;0.14144;0.14163;-0.023153;0.019978;0.076147;-0.17323;-0.26045;-0.04275;0.089173;0.052967;0.025445
2.8822;-0.22222;-0.063769;-0.060691;0.042336;0.11505;-0.10575;-0.057866;-0.16511;-0.080678;0.054366;-0.015248;0.017225
2.9731;-0.17373;0.015333;0.026249;-0.074133;0.11481;0.035036;-0.094524;-0.1544;-0.077553;0.018476;-0.011707;0.037997
3.1127;-0.072227;0.08923;0.06817;0.04648;0.034675;-0.092675;-0.24891;-0.072315;0.013575;-0.053053;0.038488;0.036832
3.0836;-0.11037;0.067336;-0.015378;0.065948;-0.0072954;0.0075055;-0.13391;-0.12307;-0.067389;-0.059728;0.044386;0.076583
2.9668;-0.12329;0.058988;-0.01071;0.022976;0.0023708;0.042577;-0.11986;-0.12399;-0.093115;-0.098389;0.065996;0.027796
2.9366;-0.1495;0.14138;0.13049;0.045279;-0.016646;-0.019919;-0.20736;-0.15121;-0.05724;0.080586;0.046609;-0.036493
3.1982;-0.077036;0.11976;0.18425;-0.01574;-0.23466;0.040701;0.032821;-0.12485;-0.044946;-0.0058682;0.030518;-0.11587
3.2406;-0.12887;0.095751;0.032127;0.059127;-0.059466;0.0068655;-0.029719;-0.1509;-0.032547;0.026504;0.045303;-0.049951
3.0503;-0.28433;-0.056204;-0.082291;-0.12911;-0.10263;0.063656;-0.010241;0.0075056;-0.000846;-0.088227;-0.014198;-0.093742
3.1971;-0.15193;0.12025;0.059487;-0.066275;-0.029123;0.04098;-0.1017;-0.10784;0.084834;-0.04374;-0.057679;-0.032548
3.0955;-0.013764;0.20688;0.06322;0.038941;-0.07923;-0.052181;-0.075946;-0.064766;-0.039617;-0.025266;0.0024047;-0.027587
3.2255;-0.06396;0.17908;0.14498;0.036658;-0.074196;-0.020422;-0.057456;-0.21054;0.018161;0.049432;-0.025716;-0.0032726
3.1656;-0.067071;0.12673;0.14571;0.068959;-0.056119;-0.045462;0.026214;-0.20792;-0.086243;0.079947;0.0033431;0.019692
3.1137;-0.086305;0.11681;0.083652;-0.0037224;0.071191;-0.021891;-0.18799;-0.14009;-0.034332;0.066007;0.073856;0.013121
3.1331;-0.0491;0.2413;0.073093;-0.04385;0.091986;-0.011404;-0.21251;-0.096153;0.023465;-0.037178;0.024629;0.026796
3.1073;-0.1288;0.14664;0.044293;-0.00029171;0.060485;-0.091776;-0.11342;-0.048998;-0.012782;-0.060182;0.047884;-0.013546
2.9555;-0.21966;0.054835;-0.031632;-0.04953;-0.014123;0.016112;-0.081866;-0.0042952;-0.0075631;-0.039366;-0.026021;-0.035986
2.9168;-0.20322;-0.11002;-0.10219;-0.072348;0.00047875;0.018555;-0.12646;-0.13772;-0.0078992;-0.0016619;-0.10217;-0.060556
2.9536;-0.18042;0.033701;0.012015;-0.029334;0.015336;0.0131;-0.006507;-0.017031;-0.16268;-0.037132;-0.018234;-0.050077
2.9496;-0.21205;0.01432;-0.085128;0.0078861;-0.017476;-0.031568;-0.10586;-0.069212;0.031156;-0.031135;-0.098047;-0.020258
3.148;-0.094564;0.080497;0.074721;-0.012821;-0.17379;0.067882;-0.13288;-0.2654;-0.10041;0.051326;0.080051;-0.013592
3.2867;0.055916;0.17333;0.15973;-0.050098;-0.24002;-0.021686;-0.10039;-0.21441;-0.069262;-0.023093;0.025548;0.069026
3.1883;-0.011243;0.24567;0.13842;-0.047444;-0.10026;-0.15244;-0.15794;-0.11281;-0.047113;-0.019091;0.044073;0.012778
3.0979;-0.056233;0.17172;0.1058;-0.027092;-0.11521;0.047149;-0.16162;-0.19756;0.073509;-0.030699;-0.046861;0.015268
3.2839;-0.034349;0.21431;0.043681;0.047389;-0.092791;-0.049615;-0.15038;-0.24222;0.029944;0.014612;0.0043801;0.02291
3.2603;-0.090794;0.08019;0.027544;-0.045085;0.029668;0.085355;-0.2172;-0.19093;-0.082388;-0.046487;0.088954;0.051124
3.1721;-0.10522;0.084237;0.013534;0.016294;0.037197;-2.1035e-005;-0.10973;-0.20554;-0.081591;0.018143;0.10359;0.038083
3.2196;0.03747;0.22543;0.11106;-0.05361;-0.015941;0.0050799;-0.27246;-0.19158;0.078849;0.044591;-0.025569;0.0055778
3.2402;0.045978;0.28879;0.15451;-0.10567;-0.15648;0.021621;-0.098862;-0.23575;0.074921;-0.00027227;-0.085419;0.072402
3.2023;9.4701e-005;0.18223;0.052479;0.023564;0.0088532;-0.053327;-0.236;-0.16511;0.11968;0.043697;-0.05859;0.01367
3.107;-0.031967;0.14883;0.028751;0.089483;0.019331;-0.062406;-0.17823;-0.079499;-0.040047;-0.013259;0.050736;0.010457
3.0543;-0.08173;0.10115;0.10614;-0.060739;0.017806;0.014939;-0.14651;-0.15552;-0.03457;0.078426;-0.021404;-0.013916
2.932;-0.18226;0.067292;0.078384;0.017349;-0.022479;-0.047404;-0.21322;-0.2268;-0.0047777;0.078853;0.054677;0.001465
2.8225;-0.238;0.00013595;-0.042318;0.0057971;0.017218;-0.015087;-0.25655;-0.12955;-0.038139;-0.0035802;0.11781;0.011162
2.848;-0.25379;-0.042079;-0.046388;-0.12665;-0.035565;0.057187;-0.1341;-0.14377;0.0062762;0.053011;-0.026344;-0.038384
2.8451;-0.26726;-0.124;-0.15572;-0.10555;-0.069157;-0.03878;-0.091302;-0.11063;-0.10888;-0.014759;-0.044615;-0.046775
2.9583;-0.20095;0.0012709;0.056294;-0.095542;-0.0087387;0.051246;0.014303;-0.21701;-0.16499;0.12976;-0.033605;-0.076348
2.9842;-0.17196;0.088471;0.10277;-0.093443;0.0025536;0.037988;-0.22207;-0.23705;-0.08708;0.1575;0.018185;-0.0047834
2.8842;-0.26001;-0.022505;0.099206;-0.061704;-0.16662;0.12798;-0.052386;-0.17904;-0.07249;0.090819;0.00588;-0.075902
2.9347;-0.27743;-0.068146;0.13891;-0.0073573;-0.20637;0.010938;-0.077502;-0.20628;-0.046669;0.14447;0.098033;-0.029785
3.0428;-0.27996;-0.11656;0.035103;-0.02982;-0.080335;-0.038125;-0.073408;-0.19612;-0.058094;-0.00030069;0.13281;0.013835
2.9628;-0.30016;-0.10654;0.014158;-0.038814;-0.095343;-0.033112;-0.019538;-0.044736;0.012403;-0.039183;0.064031;-0.046348
3.0234;-0.19864;-0.02754;-0.13294;0.035053;0.018268;-0.0056625;-0.12094;-0.14783;0.080392;0.048107;0.055579;-0.037033
3.0087;-0.28899;-0.10511;0.023825;-0.16063;-0.19598;-0.042872;-0.08042;-0.23988;0.073051;0.19455;0.081693;0.0016943
3.1243;-0.25104;-0.068678;0.0035847;-0.20344;-0.17639;-0.01628;-0.099333;-0.26572;0.10118;0.26218;0.039179;-0.059456
3.0165;-0.29031;-0.068444;-0.012963;-0.26994;-0.1687;-0.1646;-0.17058;0.0053453;0.040593;0.17686;0.04761;0.055258
2.9695;-0.31113;-0.23689;-0.18249;-0.27677;-0.11102;-0.13782;-0.12036;-0.099407;-0.027958;0.12698;0.050654;0.069311
3.0714;-0.25508;-0.18116;-0.11439;-0.12543;-0.0088153;0.0093634;-0.19744;-0.15967;-0.045777;0.072479;0.099318;0.12968
3.0182;-0.22039;-0.015344;-0.079654;-0.20286;-0.11881;-0.01055;-0.16711;-0.10007;0.043064;0.074094;0.096726;0.083754
2.9405;-0.37222;-0.10691;-0.10734;-0.31776;-0.12405;-0.25888;-0.17075;-0.076016;-0.00092562;0.17139;0.022294;0.074228
2.9942;-0.31523;-0.068976;-0.029293;-0.13675;0.038917;0.0042031;-0.12738;-0.123;0.051564;0.16368;0.060218;0.041534
3.0133;-0.29271;-0.050231;-0.11262;-0.075618;0.14128;-0.071706;-0.081271;-0.065919;-0.061354;0.096151;-0.038821;-0.01557
2.9681;-0.34272;-0.19636;-0.06062;-0.035573;0.079458;-0.064514;-0.064384;-0.084093;0.052277;0.077556;-0.00097509;0.075134
3.0488;-0.29393;-0.20827;0.0012475;0.026374;0.035487;-0.070613;-0.092873;-0.040096;-0.01848;0.077512;-0.0085797;-0.023552
3.1291;-0.25479;-0.15935;-0.027509;-0.062406;0.052026;-0.025132;-0.07943;-0.02063;-0.014659;0.07107;-0.064262;-0.10148
2.9698;-0.29467;-0.1308;-0.037383;-0.10618;-0.037744;-0.068296;-0.016113;-0.031815;-0.049618;-0.0092824;-0.091809;-0.047153
3.0639;-0.30266;-0.11256;0.067925;-0.13653;-0.11486;-0.060316;0.095166;-0.082777;-0.085909;0.071679;-0.091828;-0.017662
3.0545;-0.25739;-0.057292;-0.11026;0.021947;0.06149;0.041845;-0.018795;-0.098473;-0.09266;0.067759;-0.067656;-0.0060602
2.9294;-0.32514;-0.12579;-0.06735;-0.031545;-0.062275;0.13976;-0.071258;-0.018981;-0.10024;-0.069257;-0.031786;0.038645
2.9458;-0.28443;-0.13619;0.040192;0.1213;0.0018768;0.074646;-0.13071;-0.13108;-0.05521;0.0021419;-0.047192;0.038608
3.044;-0.32076;-0.21109;-0.049093;0.029663;0.064319;0.020277;-0.15494;-0.03304;-0.036233;0.061101;0.023415;-0.070542
2.8995;-0.35514;-0.28847;-0.027;0.069947;0.0061205;-0.12843;-0.15048;-0.077288;0.051067;0.0808;0.011376;-0.037668
2.9418;-0.31138;-0.19708;-0.02745;0.046241;-0.069197;-0.068959;-0.086648;-0.11361;-0.036481;0.010521;0.099634;-0.063598
2.961;-0.29275;-0.13687;0.077988;0.021585;-0.039129;-0.054837;-0.10273;-0.035851;-0.089285;-0.086822;0.16073;0.066856
3.0057;-0.29897;-0.10892;-0.082367;0.011113;-0.0034562;-0.18543;-0.018656;-0.10432;-0.078811;0.044707;0.0097188;0.025379
2.8926;-0.33334;-0.20839;-0.073828;-0.042767;-0.17558;-0.23416;-0.03385;-0.032874;-0.10719;-0.057996;0.028483;0.14153
2.9305;-0.27421;-0.17624;-0.15374;0.039764;-0.04764;-0.045409;-0.076442;-0.093315;-0.050296;-0.069961;0.023628;0.049837
2.9537;-0.32062;-0.11705;-0.23358;-0.0091406;-0.03151;-0.13138;-0.13324;-0.0557;0.14268;0.077166;0.04262;0.026677
3.09;-0.26398;-0.10954;-0.20778;-0.072173;0.016148;-0.25355;-0.099128;-0.034153;0.062583;0.077903;-0.027277;0.082196
3.0599;-0.20028;0.0052071;-0.083474;-0.13038;-0.097198;-0.092134;-0.13966;-0.16712;-0.1126;-0.023994;0.082557;0.049081
3.0358;-0.23658;-0.11799;-0.12043;-0.04636;-0.038951;0.15311;0.018792;-0.319;-0.13847;0.0050072;0.029829;-0.0057108
3.0971;-0.1964;-0.10619;-0.097098;-0.0050702;-0.081439;-0.032159;0.12096;-0.22191;-0.14865;0.038633;-0.0043551;-0.018823
3.0268;-0.17857;-0.051688;-0.010366;-0.0036667;-0.11234;-0.073407;0.019927;-0.0085118;-0.040056;-0.078959;-0.055145;0.010604
3.0509;-0.24774;-0.081087;-0.12094;-0.072884;-0.049717;0.032863;0.041828;-0.13599;0.02729;-0.053303;-0.11789;0.078269
3.0431;-0.21665;-0.079589;-0.084336;-0.15026;-0.1162;-0.16866;-0.11644;-0.24643;0.052183;0.056368;-0.017073;0.14028
3.093;-0.21798;-0.11503;-0.25031;-0.15882;-0.17492;-0.040372;-0.046842;-0.23122;0.024144;0.099952;0.096526;0.039762
3.0411;-0.20075;-0.061968;-0.30658;-0.19965;-0.14619;-0.2301;-0.11678;-0.23271;-0.015414;0.092946;0.069046;0.0337
3.0771;-0.22529;-0.13012;-0.12934;-0.12585;-0.07397;-0.16886;-0.075387;-0.10506;-0.032817;0.10145;0.018361;-0.008774
3.003;-0.27998;-0.074467;-0.16451;-0.20547;-0.015593;-0.12092;-0.071628;-0.18786;-0.08444;0.081175;0.038439;0.12163
2.9847;-0.32563;-0.17925;-0.073129;-0.20531;0.045259;0.079236;0.047065;-0.13944;-0.055181;0.07127;-0.057001;0.020578
2.9257;-0.31235;-0.23783;-0.087632;-0.099165;-0.12621;-0.013469;-0.18635;-0.15338;0.06107;0.10796;0.02581;0.063519
2.9995;-0.3473;-0.33038;-0.18403;-0.16254;-0.077105;0.18105;-0.12276;-0.19792;0.053746;-0.016225;0.017575;0.072767
3.0612;-0.35116;-0.30459;-0.25227;-0.14725;-0.00091989;0.29292;-0.098172;-0.29734;-0.087371;-0.14307;-0.050848;0.055325
3.1029;-0.28544;-0.076781;-0.019265;-0.20995;-0.066684;0.14403;-0.15534;-0.2134;-0.0021151;-0.08039;0.018367;0.077902
3.0983;-0.28239;-0.026795;0.029765;-0.26513;-0.039049;-0.019488;-0.1392;-0.067432;-0.0097358;0.025589;-0.043613;0.049823
