1.764;-0.5288;-0.22138;-0.25769;-0.17385;-0.15635;-0.10155;-0.072445;-0.049254;-0.025028;-0.0024196;0.019966;0.0084218
2.2526;-0.20194;-0.076215;-0.27525;-0.21394;-0.14422;-0.079745;-0.088968;-0.0065056;0.033945;-0.0035258;0.020712;0.011511
3.3531;0.0054139;-0.1256;-0.32644;-0.35951;-0.16324;-0.046392;-0.10395;-0.10429;0.030778;-0.096256;-0.074314;0.084591
2.5574;-0.07473;-0.078209;-0.31058;-0.29115;-0.15778;-0.059459;-0.077981;-0.0496;0.0015099;-0.07239;-0.054172;0.036864
1.7749;-0.52371;-0.21495;-0.25855;-0.17493;-0.14579;-0.10083;-0.073834;-0.046182;-0.019637;-0.0051293;0.020079;0.01866
1.7554;-0.55029;-0.23742;-0.27498;-0.18869;-0.16587;-0.1097;-0.08059;-0.051959;-0.028516;-0.0068564;0.017717;0.028249
1.7516;-0.5469;-0.246;-0.29052;-0.18503;-0.16253;-0.11021;-0.079315;-0.048169;-0.019516;-0.0033916;0.025888;0.015387
1.7441;-0.54611;-0.23517;-0.27033;-0.17642;-0.15549;-0.10721;-0.076121;-0.051004;-0.020513;-0.0098509;0.014648;0.01781
1.7522;-0.54345;-0.24875;-0.27531;-0.18455;-0.15953;-0.10699;-0.087019;-0.052716;-0.021273;-0.020567;0.0082384;0.0221
1.7422;-0.54871;-0.23976;-0.2745;-0.18113;-0.15644;-0.10836;-0.079787;-0.049078;-0.020735;-0.0057623;0.014775;0.017676
1.7399;-0.54928;-0.24524;-0.28177;-0.19296;-0.15738;-0.10257;-0.075227;-0.044283;-0.021209;-0.013433;0.014468;0.0191
1.7458;-0.54462;-0.23778;-0.27206;-0.18276;-0.15806;-0.099175;-0.079315;-0.050369;-0.015904;-0.0005038;0.014577;0.014413
1.7485;-0.54405;-0.24352;-0.26897;-0.18183;-0.15801;-0.10997;-0.088576;-0.052803;-0.025789;-0.0025271;0.017206;0.013868
1.752;-0.54819;-0.24442;-0.28776;-0.19583;-0.17015;-0.10331;-0.064286;-0.041636;-0.013993;-0.010929;0.016896;0.015133
1.7518;-0.55207;-0.24506;-0.27414;-0.18829;-0.15705;-0.10275;-0.077167;-0.048278;-0.020905;-0.0037678;0.014744;0.011539
1.7533;-0.55511;-0.24717;-0.2676;-0.17605;-0.16262;-0.11555;-0.070301;-0.056149;-0.017579;-0.0078784;0.013193;0.022488
1.7629;-0.54439;-0.25155;-0.28168;-0.19349;-0.16728;-0.095816;-0.095893;-0.066398;-0.002828;0.0097323;0.017539;0.021175
1.7986;-0.51984;-0.24218;-0.27022;-0.17096;-0.15285;-0.13105;-0.087815;-0.048708;-0.03888;-0.0067593;0.032316;0.027807
1.8461;-0.48324;-0.19885;-0.25772;-0.16259;-0.14707;-0.14605;-0.1392;-0.096645;-0.035344;0.016753;0.030955;0.021379
1.8394;-0.51145;-0.24143;-0.28239;-0.18305;-0.15372;-0.11532;-0.14124;-0.067979;0.012941;0.01794;0.052627;0.040355
1.8301;-0.53178;-0.24514;-0.27365;-0.17786;-0.12386;-0.10017;-0.10991;-0.062702;-0.020297;0.0043876;0.023655;0.013723
1.8786;-0.51555;-0.24188;-0.25351;-0.097333;-0.10933;-0.13961;-0.091383;-0.013943;-0.00064391;-0.010103;-0.00084968;0.016423
1.9318;-0.47603;-0.20607;-0.21916;-0.13745;-0.16122;-0.063033;-0.12529;-0.1609;-0.01352;-0.0066008;-0.042805;-0.0058925
2.0405;-0.44638;-0.18883;-0.24212;-0.22323;-0.16673;-0.10591;-0.1467;-0.13627;-0.08749;0.0092406;0.024984;0.026401
2.0258;-0.45847;-0.19092;-0.24408;-0.20935;-0.18664;-0.10251;-0.18457;-0.097818;0.013011;0.020783;0.10719;0.028966
2.0912;-0.41751;-0.18641;-0.25525;-0.24982;-0.20315;-0.073058;-0.017396;0.00047937;-0.029824;0.0038094;0.022209;-0.00098375
2.2002;-0.40835;-0.28557;-0.32127;-0.23221;-0.23166;-0.2387;-0.18715;-0.095299;0.046965;0.053439;-0.0059576;0.040638
2.3367;-0.37912;-0.23748;-0.23369;-0.12773;-0.18818;-0.2179;-0.16226;-0.091949;-0.043797;-0.025948;0.034493;0.062244
2.3834;-0.39233;-0.2847;-0.28188;-0.13742;-0.059679;-0.10825;-0.1232;-0.13361;-0.033786;0.04735;0.09775;0.084095
2.4269;-0.38718;-0.17827;-0.25462;-0.33731;-0.15413;-0.05118;-0.11411;-0.081715;-0.11474;-0.027797;0.084895;0.039659
2.5391;-0.34595;-0.19771;-0.28626;-0.22486;-0.009144;-0.11806;-0.1993;-0.017009;0.039174;-0.06145;-0.036851;0.077575
2.5559;-0.4187;-0.30391;-0.32288;-0.1209;0.098265;-0.11726;-0.21765;-0.090219;0.017451;0.091545;0.028661;0.062421
2.7314;-0.38229;-0.28679;-0.32359;-0.17264;-0.1742;-0.096337;-0.10663;-0.093922;-0.14989;-0.025277;0.063586;0.04388
2.8261;-0.35083;-0.18056;-0.2224;-0.16606;-0.13167;-0.16745;-0.16647;-0.19833;-0.16525;0.025774;0.11182;0.032524
2.825;-0.38214;-0.10805;-0.19668;-0.323;-0.23507;-0.22946;-0.18917;-0.068508;-0.085861;0.078225;0.062519;0.018838
2.8042;-0.43794;-0.25345;-0.061577;-0.24627;-0.21143;-0.097669;-0.24814;-0.11364;-0.00053117;0.080262;0.078885;0.059234
3.0111;-0.38289;-0.26565;-0.16534;-0.21854;-0.26678;-0.26056;-0.29941;-0.23737;0.10545;-0.013428;0.00071725;0.092752
3.099;-0.37635;-0.17701;-0.21103;-0.19451;-0.19565;-0.11406;-0.2131;-0.13247;-0.0076448;-0.044449;-0.00081193;0.0091319
3.209;-0.38876;-0.19309;-0.16016;-0.36673;-0.23929;-0.051141;-0.28589;-0.10697;-0.0012827;-0.056698;-0.06851;0.0082169
3.2159;-0.39113;-0.23177;-0.05651;-0.23346;-0.33237;-0.2029;-0.29569;-0.19591;-0.036925;0.10121;0.054555;-0.0073821
3.3892;-0.34763;-0.18792;-0.11794;-0.1198;-0.17221;-0.24188;-0.31015;-0.1709;-0.040529;-0.02296;0.035361;0.009904
3.3634;-0.48353;-0.2941;-0.2467;-0.128;-0.30262;-0.11818;-0.14623;-0.16536;-0.12407;-0.11981;0.072964;0.079718
3.5054;-0.4492;-0.20421;-0.13003;-0.031422;-0.34635;-0.11461;-0.19945;-0.13174;-0.069888;-0.10913;0.10179;0.022121
3.5853;-0.46707;-0.27676;-0.28707;-0.07497;-0.27783;-0.024019;-0.12715;-0.092954;-0.025716;0.029915;0.071014;-0.0096374
3.6825;-0.45601;-0.33081;-0.32944;-0.16732;-0.23525;0.084365;-0.0069727;-0.18274;-0.038345;0.066556;0.034371;-0.036171
3.7849;-0.52405;-0.23181;-0.24212;-0.21307;-0.28512;-0.02283;-0.13697;-0.25454;-0.03987;-0.0028955;0.054084;-0.022547
3.9997;-0.55547;-0.39318;-0.16343;-0.094218;-0.24326;0.059591;-0.15596;-0.20898;-0.081321;-0.078455;-0.014983;0.012962
4.2279;-0.65689;-0.59355;-0.21729;-0.15184;-0.27358;-0.008093;-0.040027;-0.057842;-0.030209;-0.10222;-0.14214;-0.0046489
4.3792;-0.66086;-0.26736;-0.31633;-0.16135;-0.21;-0.1833;-0.19831;-0.075213;0.073269;-0.15059;-0.031441;0.10829
4.4746;-0.7028;-0.30647;-0.27476;-0.12872;-0.29741;0.00092953;0.11535;-0.12895;-0.076263;-0.096136;-0.038307;0.046187
4.5732;-0.76888;-0.33118;-0.42533;-0.23195;-0.26852;-0.17904;-0.14633;-0.18786;-0.06417;-0.11815;0.062137;0.1917
4.5707;-0.79964;-0.4269;-0.35614;-0.079764;-0.25943;-0.24305;-0.32038;-0.13922;-0.085289;-0.1518;0.088624;0.16168
4.6568;-0.69749;-0.40822;-0.39038;-0.16289;-0.37167;-0.28451;-0.16734;-0.1882;0.0024488;-0.015116;0.011815;0.042902
4.6106;-0.80683;-0.45808;-0.38707;-0.17538;-0.28537;-0.24333;-0.11886;0.0070881;0.16751;0.080209;0.0034886;-0.009152
4.7881;-0.72093;-0.37031;-0.31461;-0.17972;-0.30337;-0.18977;-0.06306;-0.12591;0.062246;0.061837;0.033795;0.02588
4.7912;-0.71699;-0.34264;-0.2157;-0.095202;-0.27817;-0.12305;-0.25429;-0.10928;0.048149;-0.035006;0.029262;0.020549
4.7048;-0.71777;-0.3468;-0.29157;-0.12445;-0.23991;-0.11477;-0.18255;-0.037122;0.12116;-0.017363;-0.034648;0.03586
4.7988;-0.64418;-0.27229;-0.43297;-0.1328;-0.34676;-0.045531;-0.071786;-0.028523;0.08187;-0.063913;-0.11716;-0.018009
4.8966;-0.69465;-0.27988;-0.43977;-0.27266;-0.19493;-0.011961;-0.11645;0.12954;0.10779;-0.067662;-0.11099;-0.015522
4.909;-0.73747;-0.16202;-0.37268;-0.20529;-0.21276;-0.020611;-0.10947;0.016692;0.077595;0.0065901;0.036881;-0.011942
4.9886;-0.80797;-0.15278;-0.3339;-0.37976;-0.18507;-0.0056526;0.22793;0.08161;-0.098127;-0.00063528;-0.05662;0.04328
4.8831;-0.73367;-0.057603;-0.41085;-0.35537;-0.18103;-0.15345;0.096205;0.078646;0.026715;0.056002;-0.030819;0.025767
4.8768;-0.56932;0.075695;-0.46261;-0.23398;-0.23583;-0.17441;-0.039295;-0.18894;0.0057794;0.11909;-0.032043;0.009714
5.283;-0.085112;0.42037;-0.4588;-0.21058;-0.34696;-0.34743;0.049;-0.11529;-0.076387;-0.12182;0.025294;0.050089
5.7427;0.05249;0.41255;-0.46784;-0.39484;-0.20205;-0.22331;-0.025644;-0.011398;-0.06582;-0.13987;0.044074;-0.011691
5.8691;0.045195;0.37627;-0.48379;-0.30374;-0.28336;-0.23854;-0.086315;0.055834;0.01339;-0.18386;0.093565;0.011381
5.946;0.068841;0.28085;-0.43551;-0.32443;-0.30418;-0.20952;-0.090452;0.066962;0.078157;-0.18679;0.093841;0.019847
6.1474;-0.048139;0.39935;-0.46031;-0.39082;-0.30872;-0.14235;-0.12923;0.057277;0.045495;-0.16347;0.11601;0.00036399
6.2277;-0.048331;0.36372;-0.48072;-0.38344;-0.34443;-0.1621;-0.044145;0.0088824;0.038476;-0.10908;0.10064;0.011995
6.2453;-0.014155;0.31441;-0.49906;-0.48803;-0.22;-0.21116;-0.072979;0.073359;0.0036663;-0.061622;0.09825;0.013435
6.3566;-0.0080374;0.23728;-0.54183;-0.4327;-0.21386;-0.25949;-0.041923;0.094648;-0.030956;-0.025394;0.048688;0.050499
6.5525;-0.083694;0.19883;-0.52722;-0.44258;-0.24592;-0.23541;-0.021177;0.067887;-0.0020668;-0.029188;0.049356;0.084591
6.5969;-0.048911;0.055778;-0.38708;-0.5945;-0.21881;-0.14227;-0.13294;0.13299;0.0032963;-0.068093;0.11168;0.053532
6.7218;-0.11094;0.064255;-0.41438;-0.55295;-0.23983;-0.12562;-0.12332;0.063052;0.029413;-0.040882;0.04741;0.072199
6.8426;-0.18089;0.059519;-0.44413;-0.50083;-0.25934;-0.078711;-0.14896;-0.00232;0.080811;-0.04371;-0.040386;0.11617
6.8457;-0.18762;-0.02594;-0.3844;-0.48347;-0.19151;-0.11866;-0.095;-0.0807;0.045061;-0.032472;-0.089381;0.15696
6.6901;-0.15558;-0.051553;-0.33104;-0.42195;-0.20661;-0.048403;-0.092117;-0.20773;-0.01546;0.011477;-0.07056;0.11527
6.5255;-0.17299;-0.0072123;-0.32942;-0.27589;-0.32154;-0.0095113;-0.12256;-0.18312;0.017586;-0.05228;-0.082259;0.084846
6.1126;-0.29017;0.13486;-0.40295;-0.067487;-0.31996;-0.10487;-0.052961;-0.22612;0.072743;-0.12653;-0.1386;0.066737
5.9301;-0.54465;0.2337;-0.41976;0.0066785;-0.30897;-0.14769;-0.063624;-0.27769;0.15633;0.021356;-0.09945;0.024183
5.9261;-0.68058;0.385;-0.43757;-0.11243;-0.44709;-0.11829;0.097867;-0.31182;-0.027727;-0.048317;-0.059567;0.057974
5.8961;-0.68662;0.25158;-0.59796;-0.0024112;-0.46402;-0.29435;0.1289;-0.16582;0.061776;-0.032755;-0.069655;-0.0026178
5.7639;-0.8305;0.17333;-0.32056;-0.028757;-0.50037;-0.20662;-0.029078;-0.16513;0.39183;0.04299;-0.18406;0.040085
5.704;-0.87595;0.30444;-0.35412;-0.027324;-0.46014;-0.11818;-0.0028598;-0.26072;0.25984;0.077672;-0.13182;-0.00211
5.6114;-0.92487;0.2699;-0.18016;-0.094206;-0.42322;0.065897;-0.086102;-0.39014;0.22384;-0.098737;-0.143;0.090076
5.539;-0.95844;0.20765;-0.23896;-0.096204;-0.27187;0.060726;0.018753;-0.24242;0.17969;-0.061128;0.032374;0.079058
5.4547;-0.97065;0.1561;-0.32393;-0.16424;-0.10367;0.13718;0.067165;-0.094319;0.22847;-0.16135;-0.014864;0.084017
5.4953;-0.89362;0.16667;-0.30901;-0.059748;0.0039712;0.19001;-0.18797;-0.098422;0.24926;-0.26413;0.022794;0.064661
5.2186;-0.91112;0.29294;-0.28058;-0.028268;-0.10158;0.018774;-0.21374;-0.19827;0.1811;-0.059221;-0.023981;0.0076704
5.1333;-0.75828;0.26878;-0.26012;-0.19371;-0.016524;0.051561;-0.15156;-0.22707;0.0086543;-0.0074324;0.011105;0.035573
4.9704;-0.71506;0.20704;-0.18399;-0.20856;-0.14499;-0.16671;-0.058938;-0.10408;-0.0083488;-0.037823;-0.076222;0.028162
5.2952;-0.27243;0.44613;-0.1693;-0.41066;-0.24315;-0.2969;-0.088401;-0.14059;-0.081988;-0.0024842;-0.073619;0.088575
5.8579;0.019661;0.35;-0.38009;-0.54106;-0.11805;-0.25635;-0.014923;-0.12247;-0.045595;-0.058213;-0.1312;0.088088
6.1043;-0.061925;0.43981;-0.42305;-0.62004;-0.074132;-0.2392;-0.14905;0.0063253;0.061444;-0.06066;-0.074016;0.071331
6.0666;-0.073211;0.38723;-0.39889;-0.56722;-0.10166;-0.26521;-0.1014;0.086791;-0.0063802;-0.031194;-0.0016992;0.040089
6.0784;-0.12581;0.41199;-0.36984;-0.56059;-0.070089;-0.25311;-0.088081;0.0038399;0.047109;-0.082255;-0.045716;0.13528
6.0656;-0.15406;0.44078;-0.30493;-0.52036;-0.014078;-0.28525;-0.07534;-0.033341;0.0036301;-0.11807;-0.083045;0.17795
5.8512;-0.12998;0.46517;-0.32395;-0.43275;-0.05359;-0.33679;-0.054446;-0.0051565;-0.010196;-0.09009;-0.054737;0.12037
5.7403;-0.20793;0.55862;-0.36611;-0.46095;-0.068936;-0.34604;0.074072;-0.14097;-0.054027;0.074851;-0.14111;0.090995
5.6476;-0.44243;0.61695;-0.36843;-0.43705;0.054162;-0.32635;0.062653;-0.066946;-0.040082;0.05378;-0.19892;0.041022
5.575;-0.63093;0.54522;-0.29914;-0.2224;0.13088;-0.3746;-0.12635;-0.18022;-0.075167;0.086584;-0.067963;0.079321
5.8003;-0.71144;0.16049;-0.59195;-0.34728;0.18236;-0.21575;-0.12694;-0.085858;-0.029966;-0.056952;0.00073673;0.13124
5.8981;-0.73423;0.33266;-0.29797;-0.29869;0.087532;-0.20138;-0.20292;-0.10801;-0.021375;-0.073925;0.0064355;0.11587
5.7908;-0.76355;0.3348;-0.28801;-0.21081;0.1164;-0.3009;-0.0042934;-0.26218;-0.10949;0.091915;-0.079377;0.098666
5.6957;-0.76761;0.3223;-0.30799;-0.22391;0.089892;-0.26988;-0.052589;-0.24268;-0.034528;-0.0083301;-0.10248;0.097511
5.624;-0.86178;0.34309;-0.34051;-0.23136;0.22477;-0.31639;-0.15515;-0.10957;-0.058862;0.0098377;-0.11921;0.02869
5.5038;-0.85227;0.36824;-0.20865;-0.16751;0.11191;-0.39597;-0.024248;-0.19193;-0.084194;0.097805;-0.1408;0.076717
5.5263;-0.88925;0.2842;-0.31209;-0.35613;0.031621;-0.30127;0.086446;-0.10537;-0.096355;-0.012236;-0.084805;0.097592
5.4756;-0.93077;0.13952;-0.2455;-0.30242;0.19656;-0.10235;-0.15858;-0.11566;0.010677;-0.095927;-0.094248;0.12068
5.4591;-0.88701;0.14912;-0.36558;-0.22227;0.0039282;-0.50237;-0.18139;-0.042934;0.086745;-0.012507;-0.11237;0.13158
5.4926;-0.82685;0.11214;-0.45293;-0.42023;0.004155;-0.25135;0.087838;0.14296;0.083035;-0.033077;-0.12488;0.066037
5.4553;-0.79983;0.019812;-0.44307;-0.36935;0.12433;-0.21381;-0.060351;0.097707;-0.014789;-0.08548;-0.067319;0.14178
5.269;-0.78342;0.13574;-0.39617;-0.48626;0.11302;-0.17898;0.0007497;-0.025406;0.011061;0.1263;-0.034221;0.11217
5.1269;-0.57678;0.06211;-0.15608;-0.35582;0.051073;-0.23962;-0.18613;0.046457;-0.049868;-0.10955;-0.077692;0.1138
5.4837;-0.050723;0.18966;-0.26857;-0.45267;-0.13701;-0.24834;-0.070652;-0.13053;-0.066185;-0.0083605;-0.058647;0.044447
6.2115;-0.051682;0.13618;-0.29935;-0.68925;-0.12831;-0.079641;-0.22565;0.053601;0.05227;-0.08315;-0.023654;0.009303
6.364;-0.095708;0.10001;-0.29813;-0.63718;-0.16672;-0.058766;-0.16032;0.010664;0.01986;-0.056263;-0.0021825;0.06543
6.3305;-0.071449;0.022026;-0.34165;-0.53347;-0.21744;-0.037252;-0.12142;0.038123;-0.033701;-0.02367;0.013541;0.055516
6.4103;-0.084509;0.010135;-0.319;-0.55901;-0.20863;-0.0077044;-0.11372;0.029213;-0.060885;-0.055991;-0.0041025;0.064362
6.4775;-0.10637;-0.00090032;-0.28682;-0.60857;-0.16214;0.0014083;-0.12211;0.055098;-0.074551;-0.061397;-0.013015;0.0657
6.484;-0.097649;-0.016794;-0.28143;-0.64936;-0.13895;-0.012336;-0.085379;0.046709;-0.11257;-0.014029;-0.019959;0.030406
6.4811;-0.09449;-0.014438;-0.30607;-0.64249;-0.11402;-0.04681;-0.065005;0.065614;-0.1235;-0.012059;-0.017207;0.022026
6.4565;-0.094473;0.034399;-0.35976;-0.65322;-0.1033;-0.041494;-0.09447;0.08127;-0.11244;-0.019343;-0.0054577;0.016556
6.4307;-0.080489;0.028415;-0.35043;-0.68062;-0.090087;-0.058071;-0.082454;0.084567;-0.092206;-0.025149;0.0035653;0.045756
6.4524;-0.096751;0.043321;-0.3889;-0.63407;-0.11664;-0.073642;-0.085605;0.086845;-0.093741;-0.023525;0.0059634;0.044986
6.4446;-0.1158;0.078337;-0.39365;-0.64534;-0.12215;-0.085884;-0.048096;0.056193;-0.083572;-0.0064314;-0.0083688;0.068523
6.3962;-0.1094;0.13424;-0.42414;-0.63083;-0.10572;-0.058296;-0.1383;0.06715;-0.01688;-0.068195;0.0064487;0.074475
6.3062;-0.099462;0.19767;-0.45588;-0.57682;-0.15848;-0.043789;-0.11048;0.0069667;0.028868;-0.086493;0.011308;0.088308
6.0522;-0.045187;0.23999;-0.44302;-0.5064;-0.21727;-0.076989;0.034747;-0.1206;0.0024647;-0.0069067;-0.070086;0.10564
5.6466;-0.026138;0.22596;-0.33478;-0.4046;-0.16525;-0.021437;-0.074647;-0.003809;0.0014565;-0.14511;-0.075121;0.069356
5.1258;0.059195;0.20951;-0.19471;-0.28528;-0.20149;-0.11352;-0.233;0.05731;-0.0024295;-0.11149;0.019275;-0.0022842
4.9022;-0.16977;0.33577;-0.3521;-0.1405;-0.36136;-0.036442;-0.28986;-0.039957;0.16894;-0.070333;-0.012153;-0.06768
4.8609;-0.14352;0.194;-0.20321;-0.39993;-0.37155;0.015791;-0.23164;-0.036688;0.061783;0.023336;-0.041065;-0.018102
4.766;-0.010559;0.17609;-0.10198;-0.30459;-0.3021;0.01692;-0.163;-0.10106;-0.010855;-0.029195;-0.048209;0.0017865
4.6458;-0.080929;0.038203;-0.093084;-0.22074;-0.28101;-0.00020148;-0.089463;-0.22085;0.029384;-0.10447;-0.029204;0.020343
4.6082;-0.23276;0.14973;-0.092051;-0.15185;-0.34533;0.027021;-0.19283;-0.24231;-0.032296;-0.03934;0.088683;-0.017358
4.7661;-0.42014;0.16329;-0.17588;-0.054905;-0.33609;-0.009741;-0.17928;-0.14164;-0.048275;-0.071597;0.044027;-0.0068806
5.0006;-0.54267;0.26401;-0.41128;0.1078;-0.1333;-0.2387;-0.11838;-0.13243;-0.095323;0.030053;-0.033279;-0.022938
5;-0.69242;0.33876;-0.43415;-0.031844;-0.13828;-0.23735;-0.078559;-0.087452;0.009763;0.083307;-0.090014;0.00033252
5.0815;-0.57682;0.31761;-0.49609;-0.14251;-0.19515;-0.067223;-0.02972;-0.080334;-0.021442;-0.12114;-0.16292;-0.015861
4.9803;-0.58275;0.24939;-0.51551;-0.14265;-0.10647;-0.1245;-0.19969;-0.092171;0.099823;0.077244;-0.15114;-0.072515
5.4968;-0.25599;0.45097;-0.2765;-0.48287;-0.20252;-0.17355;-0.21484;-0.081867;0.030224;-0.044694;-0.12068;0.08978
5.9718;0.028114;0.24726;-0.46674;-0.57339;-0.17916;-0.017777;-0.19643;0.087695;0.01791;-0.12751;-0.017213;0.023443
6.0391;-0.0062197;0.14253;-0.45978;-0.51869;-0.08862;0.02989;-0.17664;0.12704;-0.087734;-0.14161;-0.041115;0.017197
5.9163;-0.02069;0.18059;-0.42788;-0.49795;-0.099783;0.02638;-0.10337;0.092792;-0.11406;-0.12286;-0.055615;-0.057588
5.603;-0.08428;0.145;-0.10399;-0.4917;-0.1515;0.042505;-0.16247;0.014492;-0.034248;-0.11259;-0.089873;-0.026367
5.6866;-0.24123;-0.13594;-0.36583;-0.35189;0.014022;0.073302;0.034841;-0.086451;0.061697;-0.046022;-0.10051;0.016475
5.7311;-0.23838;-0.25052;-0.35915;-0.35065;-0.24228;0.054234;0.11955;0.033204;0.037155;0.039306;0.0011774;-0.032584
5.4879;-0.24686;-0.15268;-0.098095;-0.0039903;-0.16825;-0.22403;-0.079617;-0.011015;-0.03088;-0.078888;-0.1371;-0.047844
5.376;-0.27691;-0.13509;-0.21766;0.068477;-0.13739;-0.16395;-0.20248;0.0044019;-0.092045;-0.15171;-0.0014147;-0.050339
5.1512;-0.4463;-0.11128;-0.16208;0.027243;-0.21359;-0.21008;-0.169;-0.00050938;-0.098248;-0.12036;-0.026639;-0.061905
5.0939;-0.43177;-0.058254;-0.073121;0.056456;-0.20177;-0.20485;-0.25008;-0.016352;-0.030869;-0.093777;-0.044953;-0.00044067
4.983;-0.41135;-0.066482;-0.037508;-0.084335;-0.11066;-0.21349;-0.13769;-0.066155;-0.19724;0.0035178;0.079265;0.025433
4.7502;-0.36148;-0.079543;-0.053255;0.0027824;-0.0077012;-0.34987;-0.235;-0.012483;-0.11122;-0.055199;-0.014536;-0.010063
4.662;-0.24812;-0.16027;-0.044802;-0.043299;-0.09441;-0.29172;-0.29791;-0.02796;0.0039006;-0.071746;-0.039791;-0.0039459
4.991;0.080671;0.020231;0.061661;-0.085859;-0.33636;-0.28123;-0.14034;-0.14138;-0.023074;-0.014882;-0.083326;0.030557
5.4408;0.27047;0.015716;-0.019097;-0.25392;-0.31889;-0.28288;-0.057053;-0.0074382;-0.18982;-0.01022;-0.027116;-0.032975
5.7782;0.24758;-0.15366;-0.02654;-0.24222;-0.30585;-0.30326;0.00053023;0.039496;-0.19596;0.0023583;-0.044642;0.012526
5.8968;0.20085;-0.22244;0.028607;-0.28435;-0.3439;-0.22928;0.083199;0.021771;-0.25631;0.027261;-0.024472;-0.0022734
5.9579;0.20943;-0.24075;0.075956;-0.31425;-0.42678;-0.17749;0.14576;-0.053928;-0.26215;0.028082;0.009187;0.014889
6.1009;0.15641;-0.25605;0.020069;-0.28039;-0.48974;-0.12808;0.11436;-0.019135;-0.24357;0.033516;0.039433;-0.012791
6.1017;0.1602;-0.27327;0.017734;-0.35014;-0.46449;-0.13495;0.11482;0.011303;-0.24219;0.056472;0.043729;0.01472
6.0941;0.17433;-0.28157;-0.025066;-0.33541;-0.45886;-0.14865;0.10625;0.0021507;-0.17292;0.017243;0.023711;0.051656
6.4343;-0.016158;-0.195;-0.19895;-0.35075;-0.30564;-0.093676;-0.062363;-0.02898;-0.026227;-0.052451;0.060443;0.02856
6.6202;-0.12386;-0.11666;-0.34841;-0.47281;-0.091281;-0.043423;-0.1722;0.072891;0.040596;-0.15419;0.050684;0.066695
6.6267;-0.1327;-0.079752;-0.40805;-0.49556;-0.021326;-0.076449;-0.19991;0.10472;0.03514;-0.15226;0.025236;0.081133
6.7077;-0.17731;-0.093824;-0.38496;-0.48998;0.010056;-0.11878;-0.17431;0.07748;0.026225;-0.12671;0.022956;0.08292
6.7411;-0.16083;-0.1681;-0.35068;-0.4523;-0.035611;-0.079928;-0.21547;0.10839;0.0048381;-0.14487;0.044082;0.059836
6.8184;-0.19448;-0.15046;-0.39865;-0.41419;-0.032881;-0.10607;-0.14271;0.088989;-0.0085435;-0.12926;0.010329;0.057393
6.8098;-0.21888;-0.092965;-0.43157;-0.37931;-0.016835;-0.12538;-0.13057;0.11777;-0.06841;-0.15056;0.019786;0.052499
6.7699;-0.21708;-0.084297;-0.36887;-0.39677;0.019611;-0.13813;-0.14733;0.088902;-0.046035;-0.18899;0.039933;0.12
6.5987;-0.17232;-0.065617;-0.33593;-0.33233;0.028508;-0.25146;-0.053144;0.047557;-0.085552;-0.17727;0.051144;0.084139
6.4489;-0.23783;0.14399;-0.39952;-0.32582;0.1039;-0.29868;-0.089531;-0.01667;-0.011021;-0.13568;-0.051779;0.11055
5.9459;-0.18031;0.20883;-0.39504;-0.21401;0.011725;-0.30986;-0.020889;-0.044515;0.023312;-0.14209;-0.10558;0.081936
5.3324;-0.28275;0.105;-0.21188;-0.10369;-0.21804;-0.11823;-0.11496;0.11749;0.030942;-0.18374;0.036009;0.043429
5.0852;-0.23853;-0.083199;-0.076151;-0.090767;-0.22652;-0.16859;-0.19561;0.063403;0.01544;-0.13367;0.0364;0.045704
4.9901;-0.10031;-0.12774;-0.18016;-0.26627;-0.22855;-0.18929;-0.1719;0.17092;0.085417;-0.16502;-0.084516;-0.019287
4.9179;-0.034543;-0.031389;-0.11025;-0.32059;-0.29473;-0.18852;-0.12984;0.12623;0.062742;-0.18102;-0.041031;0.024026
4.839;-0.067268;-0.055123;-0.19647;-0.28442;-0.23792;-0.12614;-0.064868;0.0032565;0.0712;-0.11836;-0.067025;-0.041174
4.6723;-0.21716;-0.16751;-0.31305;-0.23975;-0.23077;-0.21075;-0.068624;0.067185;-0.016219;0.052023;0.083961;-0.069383
4.8788;-0.32124;-0.084063;-0.16291;-0.01685;-0.29134;-0.21894;-0.098292;-0.045818;0.0018503;-0.039359;0.049091;-0.020692
5.0723;-0.44057;-0.14146;-0.29921;0.052096;-0.2912;-0.19961;-0.082002;-0.1394;-0.0081027;-0.072681;0.1018;0.0020071
4.8436;-0.57635;0.062155;-0.31685;0.10359;-0.16499;-0.1401;-0.061898;-0.13229;0.10453;-0.15242;0.11883;0.087036
4.8757;-0.69828;0.087725;-0.45014;-0.071702;-0.1843;-0.037574;0.16269;-0.19514;0.051706;0.029044;-0.051274;0.01855
4.8939;-0.68016;0.14747;-0.49473;-0.19535;-0.118;-0.23614;0.0028569;-0.03504;0.11304;0.011232;-0.032479;0.090008
5.0705;-0.57067;0.23135;-0.41412;-0.19821;0.13734;-0.24568;-0.20702;-0.17545;-0.044573;-0.014092;-0.012834;0.13259
5.5635;-0.050203;0.38105;-0.35121;-0.58863;-0.014446;-0.13544;-0.3191;0.035318;-0.020461;-0.098082;0.011352;-0.025149
6.1013;-0.030665;0.22044;-0.41853;-0.54706;-0.11468;-0.1156;-0.19837;0.20254;-0.094871;-0.10013;0.058054;-0.060194
6.0708;-0.055027;0.13367;-0.38539;-0.57657;-0.066206;0.03404;-0.15927;0.16719;-0.15753;-0.10506;-0.021906;-0.056474
5.9025;-0.020839;0.10663;-0.22818;-0.60344;-0.079825;0.049507;-0.12875;0.082404;-0.16406;-0.036897;-0.14362;-0.063993
5.5046;-0.067603;0.1128;-0.14149;-0.35353;-0.19107;0.023606;-0.15678;0.02469;-0.053563;-0.063949;-0.11256;-0.04939
5.4241;-0.19838;-0.082219;-0.084915;-0.02599;-0.33733;-0.059994;-0.027371;-0.020967;-0.11921;-0.10233;0.02889;0.014237
5.4115;-0.25696;-0.28159;-0.21803;-0.10738;-0.34954;0.036723;0.086193;0.00064679;-0.032995;-0.15064;-0.045846;0.015593
5.2854;-0.22731;-0.22515;-0.0063932;0.054506;-0.31552;-0.072354;-0.15047;-0.1129;-0.029156;-0.072834;-0.031989;-0.026208
5.4567;-0.19235;-0.46287;-0.11317;0.11237;-0.33752;-0.089821;-0.053371;-0.052384;-0.040578;-0.19505;-0.0093073;0.012417
5.4336;-0.18945;-0.59804;-0.35481;0.16045;-0.3612;-0.067902;0.03013;0.025222;-0.030503;-0.13732;-0.024703;-0.042816
5.1835;-0.24329;-0.52677;-0.23502;0.15552;-0.246;-0.1253;0.014414;-0.13084;-0.12171;-0.08876;0.0039931;-0.0045356
5.1737;-0.33455;-0.43771;-0.22064;0.050253;-0.036594;-0.17591;-0.044427;-0.056984;-0.010147;-0.02863;0.012863;-0.048649
5.1408;-0.4491;-0.43526;-0.23071;-0.15337;-0.2661;-0.22393;-0.0054537;0.1368;0.053278;-0.032212;-0.013259;-0.022736
5.1758;-0.51615;-0.43695;-0.11657;-0.010019;-0.17748;-0.18222;-0.0029256;0.068928;-0.036442;-0.2201;-0.050422;0.076745
5.1831;-0.55289;-0.54838;-0.20558;-0.04377;-0.26297;-0.2077;0.065348;0.27099;0.0081985;-0.15399;-0.080088;-0.051356
5.09;-0.61576;-0.53183;-0.1464;0.008799;-0.24004;-0.10295;0.22738;0.011251;-0.042263;-0.00081164;-0.048323;-0.03117
5.045;-0.57175;-0.4369;-0.2536;-0.046592;-0.25906;0.079049;0.28231;-0.065853;-0.06849;-0.022258;-0.038569;-0.045693
5.099;-0.5483;-0.33277;-0.24503;-0.11013;-0.32228;-0.0026011;0.05446;0.17782;-0.056478;-0.21837;-0.024066;0.011486
5.3097;-0.3449;-0.34351;-0.22614;-0.037718;-0.32608;-0.26876;0.10187;-0.075762;-0.062943;-0.055246;0.0098488;0.039745
5.7325;-0.2166;-0.3996;-0.13433;-0.064737;-0.33833;-0.23538;0.18428;-0.043386;-0.024444;0.0089205;-0.068269;0.0037301
5.8917;-0.52086;-0.5169;-0.085945;-0.2017;-0.14826;-0.12408;0.02429;-0.1212;0.01027;-0.018692;0.12021;-0.0069787
5.8775;-0.60517;-0.45152;0.004553;-0.077465;-0.02377;-0.1367;-0.050221;-0.091278;0.14793;0.047541;0.14432;-0.036663
5.9689;0.017026;-0.3862;-0.080095;-0.19325;-0.40153;-0.1777;0.025608;-0.11007;-0.13567;-0.059635;0.023701;-0.054474
6.4107;0.12787;-0.55131;-0.21808;-0.13017;-0.33766;-0.097051;0.097468;-0.18112;-0.056086;-0.017335;0.0021903;-0.025268
6.4909;0.07279;-0.55208;-0.26512;-0.034261;-0.38244;-0.043239;0.096872;-0.18548;-0.061882;0.0050006;0.032276;-0.073385
6.4674;0.11734;-0.51775;-0.34579;0.0027585;-0.32441;-0.053726;0.03296;-0.10156;-0.060368;-0.0032425;-0.024706;-0.059943
6.4558;0.13576;-0.49881;-0.36638;0.011427;-0.31023;-0.10354;0.074441;-0.10229;-0.035748;-0.019504;-0.029232;-0.09279
6.4509;0.11672;-0.47877;-0.38915;0.026871;-0.3037;-0.15428;0.13727;-0.080491;-0.058094;0.0085788;-0.059789;-0.089892
6.4286;0.15543;-0.56248;-0.25999;-0.0025799;-0.35262;-0.14208;0.15879;-0.046142;-0.071555;-0.046307;-0.051501;-0.082777
6.4031;0.13512;-0.51262;-0.19343;-0.05478;-0.29139;-0.29552;0.30748;-0.078467;-0.047512;-0.083587;-0.12578;-0.029504
6.2222;0.16448;-0.37739;-0.19892;-0.040572;-0.32946;-0.30733;0.29198;-0.076899;-0.056239;-0.12858;-0.13055;-0.011673
6.1425;0.15081;-0.28619;-0.14822;-0.091618;-0.29474;-0.34457;0.3059;-0.097669;-0.11577;-0.10403;-0.12491;0.041925
5.972;0.22729;-0.28916;-0.11569;-0.10308;-0.32409;-0.27553;0.23503;-0.046095;-0.10091;-0.19073;-0.070077;0.041851
5.7952;0.21738;-0.15337;-0.15808;-0.080527;-0.29516;-0.33813;0.30354;-0.097267;-0.09098;-0.17854;-0.13701;0.10016
5.4615;0.19211;-0.053136;-0.031596;-0.083302;-0.30238;-0.34561;0.1763;-0.1313;-0.0025364;-0.16049;-0.11805;0.085327
5.0559;0.097446;-0.11276;-0.13211;0.011072;-0.39136;-0.1776;-0.081413;-0.039914;0.0012377;-0.12215;-0.06441;0.002931
4.9825;-0.0070941;0.084642;-0.17215;0.30588;-0.47053;-0.1698;-0.20057;-0.013348;0.0047984;-0.19208;-0.02076;0.039816
5.0593;-0.082149;0.22901;-0.26875;0.3471;-0.49166;-0.1074;-0.25245;-0.058352;0.03867;-0.2039;0.01931;0.028503
4.9563;-0.14651;0.20126;-0.26207;0.2807;-0.44877;-0.13998;-0.2624;-0.045924;0.078966;-0.24255;-0.026029;0.032361
5.0725;-0.35789;0.16394;-0.25396;0.26031;-0.31798;-0.30099;-0.044055;-0.25981;0.046975;-0.046208;-0.19696;0.040731
4.9456;-0.31297;0.33729;-0.28727;0.25023;-0.41249;-0.23942;-0.051366;-0.16712;-0.075574;-0.060126;-0.045418;-0.0054841
4.9074;-0.33834;0.22171;-0.24368;0.25983;-0.42099;-0.20071;-0.03361;-0.14731;-0.11489;-0.010605;0.032159;-0.080547
5.1902;-0.45602;-0.044966;-0.25206;0.18301;-0.47663;-0.16874;0.1023;-0.3142;-0.10839;0.13811;0.032888;-0.057387
5.068;-0.39084;0.028891;-0.16977;0.089805;-0.49678;-0.13753;0.20375;-0.28388;-0.22844;0.019145;-0.024163;0.04336
5.5149;0.081263;0.11618;-0.41474;-0.11275;-0.54688;-0.10561;0.046034;-0.2449;-0.054151;0.010859;-0.086991;-0.0040891
5.706;0.2776;0.030003;-0.6179;-0.14921;-0.44349;-0.13062;0.17044;-0.16094;-0.074748;0.066;-0.074303;0.023138
5.8078;0.24208;-0.055932;-0.6087;-0.15908;-0.38353;-0.2109;0.2814;-0.24106;-0.049681;0.1088;-0.11678;0.09938
5.8502;0.2237;-0.0833;-0.53766;-0.20603;-0.36786;-0.19054;0.34206;-0.25231;-0.095372;0.11541;-0.11351;0.053898
5.9286;0.18723;-0.13447;-0.51368;-0.16236;-0.3301;-0.27117;0.38617;-0.19742;-0.098606;0.089266;-0.16049;0.081381
5.9635;0.093955;-0.1931;-0.45721;-0.025013;-0.42615;-0.25515;0.39992;-0.090159;-0.12779;0.0063203;-0.14257;0.066521
5.8246;0.0049083;-0.083493;-0.41932;0.07176;-0.4619;-0.20453;0.36936;-0.12326;-0.10409;-0.052875;-0.18924;0.00010219
5.5024;-0.026218;0.023976;-0.34958;0.19909;-0.51411;-0.18201;0.15518;-0.21005;0.0079856;-0.043522;0.015015;-0.041083
5.2608;-0.28818;0.22157;-0.30039;0.16319;-0.47974;-0.10827;0.081484;-0.38956;0.0089567;0.039221;0.042027;0.02616
5.2139;-0.42215;0.15927;-0.31856;0.1481;-0.58718;-0.21724;0.25979;-0.18306;-0.067867;-0.097041;0.02915;0.074266
5.3606;-0.44708;0.1749;-0.061635;0.20925;-0.65631;-0.22184;0.28248;-0.28598;-0.075821;-0.06705;0.0013933;0.045165
5.1515;-0.43487;0.1943;-0.22487;0.24975;-0.41987;-0.25189;0.12889;-0.26045;-0.11465;-0.077784;0.011416;0.054056
5.417;-0.48054;-0.12376;-0.39137;0.24063;-0.48196;-0.039822;0.19453;-0.19525;-0.03525;-0.12616;-0.077315;-0.020372
5.1093;-0.39352;-0.10353;-0.24926;0.29323;-0.60612;-0.019215;0.1072;-0.23589;-0.066294;-0.14306;-0.014097;-0.011767
4.5113;-0.26469;-0.04139;-0.10498;0.30444;-0.36851;-0.18095;-0.026089;-0.3179;0.014169;-0.018191;0.013056;0.03155
4.7477;-0.40362;-0.26154;-0.38821;0.21751;-0.22151;-0.24468;-0.075297;-0.20455;0.019802;-0.023746;-0.16175;0.021467
4.8805;-0.4759;-0.12219;-0.49738;0.11831;-0.31157;-0.25548;0.097831;-0.06942;0.019287;0.00053662;-0.091836;0.056837
5.0671;-0.52782;-0.16256;-0.68166;-0.066797;-0.21064;-0.41894;0.0037742;-0.16337;-0.077106;0.1571;-0.045347;0.038351
5.2901;-0.58831;-0.10574;-0.74058;-0.18625;-0.16094;-0.48547;0.077543;-0.17765;-0.19144;0.15063;-0.0050497;0.10034
5.3745;-0.67974;0.008034;-0.64053;-0.11928;-0.11213;-0.53976;0.19694;-0.042974;-0.15839;-0.00063956;-0.21127;0.11246
5.0667;-0.58637;0.18765;-0.5378;-0.030363;-0.058174;-0.49659;0.1922;-0.094578;-0.20134;0.05574;-0.095851;0.038608
5.0171;-0.67805;0.11931;-0.44528;-0.21544;-0.0045488;-0.3637;0.063984;-0.020366;-0.01798;0.12503;-0.10364;0.031073
5.2949;-0.3445;0.35867;-0.16204;-0.27023;-0.15797;-0.28788;-0.096684;-0.082168;-0.17248;-0.035347;0.023652;0.085313
5.7835;0.0021519;0.29463;-0.3773;-0.57363;-0.13259;-0.101;-0.16726;0.09782;-0.10105;-0.093413;0.032222;0.028029
5.9179;0.080643;0.18215;-0.52778;-0.61119;-0.18895;0.034702;-0.17406;0.053048;-0.067403;0.0044977;0.029093;-0.014937
5.9948;0.11063;0.043146;-0.48826;-0.62012;-0.19154;0.096639;-0.19334;0.072611;-0.025899;-0.028226;-0.036603;-0.0076426
5.9857;0.16258;-0.029289;-0.527;-0.50896;-0.27644;0.084374;-0.13938;0.095508;-0.044237;-0.050703;-0.024367;-0.038904
6.0385;0.15912;-0.10859;-0.46375;-0.5213;-0.20874;-0.099918;-0.0012069;0.17015;-0.1879;0.024077;-0.01055;-0.072044
5.9489;0.21648;-0.13517;-0.43531;-0.48456;-0.30072;0.0020528;-0.054981;0.13614;-0.11566;0.024937;-0.02344;-0.070521
5.6514;0.35849;-0.25395;-0.47513;-0.23492;-0.36789;-0.12327;-0.024143;0.17024;-0.055393;-0.064748;-0.016344;-0.037082
5.3765;0.34612;-0.17983;-0.29109;-0.33098;-0.36458;-0.14144;-0.0014323;-0.00014619;0.05267;-0.083767;-0.035756;0.021125
5.0879;0.39868;-0.078277;-0.25194;-0.36318;-0.30992;-0.090747;-0.10034;-0.036339;0.055779;-0.087157;0.012611;0.051211
4.9269;0.43279;-0.1073;-0.19335;-0.26111;-0.4652;-0.04471;-0.03957;-0.0425;-0.040084;-0.057443;0.065939;0.01197
4.8423;0.44738;-0.045831;-0.18554;-0.23298;-0.45234;-0.084316;0.05623;-0.14317;-0.049766;-0.022892;0.043305;-0.0040235
4.7979;0.43655;0.0054768;-0.081684;-0.23405;-0.49394;-0.050604;0.040504;-0.1319;-0.10113;0.0012192;0.043092;-0.0049045
4.7937;0.46504;-0.040716;-0.11106;-0.13496;-0.35862;-0.2339;0.012088;-0.075002;-0.073114;-0.024951;0.027524;0.023495
4.7518;0.44602;0.050025;-0.11202;-0.21376;-0.38406;-0.24722;0.09147;-0.1367;-0.029726;0.015529;-0.05863;0.062925
4.6538;0.47965;0.089064;-0.12879;-0.21239;-0.39779;-0.19125;0.055852;-0.13702;-0.05331;0.023274;-0.040128;0.0424
4.6424;0.47627;-0.010576;-0.081858;-0.16909;-0.36355;-0.15443;-0.093375;-0.12278;0.0070729;0.022668;-0.058555;0.018135
4.7291;0.41678;-0.14661;0.054419;-0.14125;-0.36041;-0.17245;-0.1105;-0.11033;-0.033893;0.038825;-0.039267;4.8471e-005
5.6815;0.098206;-0.51972;-0.025596;0.036754;-0.20559;-0.2093;-0.15259;-0.044038;-0.050647;0.011824;-0.023941;-0.015596
5.9752;0.12388;-0.54346;-0.1441;-0.086828;-0.30648;-0.18659;-0.13957;0.077949;-0.010276;0.022695;-0.054913;-0.096726
5.8173;0.39185;-0.4276;-0.55075;-0.10697;-0.33637;-0.060009;-0.12342;0.14565;0.0094384;-0.13798;-0.0071827;-0.048149
5.8175;0.46058;-0.38487;-0.7159;-0.073476;-0.3974;0.04116;-0.16106;0.064552;0.060459;-0.09797;0.0062069;-0.09646
5.8206;0.49655;-0.43981;-0.75001;-0.065112;-0.32248;-0.02744;-0.16724;0.0803;0.059169;-0.092126;-0.0001971;-0.091036
5.8972;0.49253;-0.40741;-0.8283;0.02373;-0.35528;-0.087478;-0.10419;0.047997;0.067721;-0.091705;-0.0016516;-0.057594
5.9284;0.50458;-0.42548;-0.81461;0.044358;-0.31217;-0.15468;-0.060208;0.004213;0.064785;-0.020432;-0.045522;-0.020638
5.9784;0.46671;-0.3609;-0.86056;0.094816;-0.3143;-0.21486;-0.014114;-0.063453;0.10191;0.014756;-0.054474;0.011131
5.9757;0.48127;-0.43353;-0.77428;0.062242;-0.30791;-0.28937;0.0059146;-0.055231;0.091897;0.049757;-0.073332;0.045615
5.9745;0.43919;-0.44117;-0.741;0.031353;-0.28999;-0.43206;0.044491;-0.089579;0.14557;0.106;-0.086187;0.061158
6.0568;0.35502;-0.30791;-0.73448;-0.027542;-0.18924;-0.63259;0.18729;-0.11353;0.14461;0.16769;-0.19161;0.13435
6.0657;0.36302;-0.22447;-0.72295;-0.049861;-0.19411;-0.68512;0.22943;-0.10177;0.16859;0.13625;-0.20698;0.13111
6.0934;0.36204;-0.25883;-0.75448;-0.00062966;-0.30664;-0.63386;0.18846;-0.063256;0.20041;0.11337;-0.18185;0.098979
6.1201;0.31009;-0.28318;-0.80099;0.048153;-0.40432;-0.57977;0.13506;-0.014332;0.21183;0.087673;-0.16733;0.075208
6.1368;0.28736;-0.28874;-0.81711;0.11444;-0.49729;-0.52397;0.086905;0.013327;0.24779;0.036622;-0.13882;0.032572
6.1627;0.26534;-0.26468;-0.83608;0.10244;-0.47436;-0.54331;0.11807;0.0059002;0.24353;0.048861;-0.15118;0.051763
6.0755;0.29607;-0.26926;-0.82861;0.037718;-0.42491;-0.56032;0.1557;-0.008636;0.21378;0.089435;-0.16032;0.098554
5.9567;0.35327;-0.31348;-0.78923;-0.059078;-0.33783;-0.55708;0.20862;-0.046069;0.1556;0.13083;-0.15652;0.1505
5.8994;0.3979;-0.38784;-0.73541;0.030746;-0.50026;-0.32926;0.10978;0.0010921;0.10124;0.012363;-0.018942;0.11253
5.9451;0.38827;-0.49296;-0.63915;0.1198;-0.5316;-0.2407;0.02469;0.047682;0.07222;-0.081368;-0.020422;0.090687
5.8144;0.43476;-0.5167;-0.63628;0.24461;-0.59837;-0.084538;-0.088115;0.095136;0.079346;-0.22021;-0.043322;0.0087695
5.4146;0.52696;-0.4296;-0.59726;0.12994;-0.53747;-0.12953;-0.01682;0.10741;0.031323;-0.18607;-0.053228;0.030662
4.8387;0.44695;-0.24203;-0.4818;0.039178;-0.34583;-0.14085;-0.013976;0.14907;-0.063907;-0.19243;-0.055709;-0.020753
4.5826;0.28871;-0.26333;-0.42061;0.052344;-0.36207;-0.4159;0.02319;0.20808;0.19426;-0.037166;-0.092184;0.036618
4.2991;0.31204;-0.28421;-0.46927;-0.14349;-0.36251;-0.42485;-0.033335;0.23721;0.13186;-0.021064;-0.034101;0.075374
4.0391;0.2817;-0.091288;-0.37905;-0.051066;-0.24479;-0.36494;-0.039631;0.10869;0.025631;-0.095086;-0.081555;0.073985
3.9902;0.2473;-0.04629;-0.25209;-0.066581;-0.27172;-0.28864;-0.073704;0.031046;-0.009735;-0.18615;-0.036904;0.097051
4.2076;0.13599;-0.2913;-0.28104;-0.0068424;-0.22342;-0.24603;-0.053086;0.053346;-0.011959;-0.18314;-0.18063;0.0073612
4.9176;-0.093832;-0.68896;-0.48272;0.088017;-0.43778;-0.13042;0.078735;0.1875;0.0080027;-0.054862;-0.1162;-0.031334
5.7215;-0.22285;-0.87675;-0.53992;-0.1735;-0.68145;-0.080804;0.13732;0.18604;0.032665;0.06613;-0.0070446;-0.017218
5.2471;-0.17027;-0.73843;-0.23061;-0.2904;-0.69798;0.08014;0.3567;0.09391;-0.077374;0.0065688;0.0071074;-0.059076
4.4742;-0.15171;-0.68964;-0.05323;-0.041954;-0.45991;-0.12051;-0.049309;0.041035;-0.00065559;0.022338;0.0060443;-0.06881
4.2437;-0.067225;-0.5552;0.040402;0.036621;-0.34212;0.054876;0.083293;0.11246;-0.075787;-0.015061;-0.015321;-0.073869
4.1572;-0.051797;-0.31672;-0.0010075;0.13101;-0.12273;-0.20282;-0.15079;0.063783;0.018315;-0.020567;-0.056968;0.052366
4.5092;-0.0042266;-0.067429;-0.094658;-0.10484;-0.30046;-0.16287;-0.21732;-0.15433;-0.026445;0.12905;-0.089771;0.05005
4.716;0.21052;0.002005;-0.093617;-0.10749;-0.30856;-0.32068;-0.09607;-0.013222;-0.098021;0.070655;-0.14064;0.096159
4.559;0.38852;0.050497;-0.15912;-0.085893;-0.22078;-0.37655;-0.11355;0.12199;-0.18374;0.013851;-0.09403;0.03476
4.6093;0.47814;0.074067;-0.29655;-0.2204;-0.092848;-0.21816;-0.1271;0.052482;-0.16244;-0.047089;-0.073317;0.017904
4.5604;0.59467;0.0756;-0.34876;-0.2646;-0.13715;-0.17675;-0.083702;-0.0096797;-0.10614;-0.06386;-0.036505;0.041533
4.6458;0.62993;0.035975;-0.34851;-0.21557;-0.18985;-0.24038;0.016505;-0.054907;-0.094641;-0.095113;0.0086718;0.059839
4.6186;0.62297;0.088245;-0.39063;-0.19331;-0.18175;-0.2135;0.0075186;-0.10357;-0.061873;-0.037203;-0.022977;0.065534
4.4588;0.59448;0.14487;-0.37142;-0.2492;-0.12532;-0.16397;-0.13567;-0.079912;-0.028722;-0.034028;-0.021517;0.032182
4.3438;0.48711;0.21839;-0.27365;-0.25723;-0.098356;-0.17485;-0.15234;-0.12555;0.055293;-0.011297;-0.057465;0.054378
4.595;0.25101;0.19684;-0.21894;-0.29983;-0.16025;-0.12948;-0.13831;-0.10721;-0.0077611;0.020578;0.045745;0.01655
5.7388;-0.21124;0.065827;-0.31697;-0.36465;-0.071792;0.051136;-0.057753;-0.28189;0.072951;-0.014113;-0.12356;0.082205
5.799;-0.07709;0.0059383;-0.37164;-0.43302;-0.18166;-0.026749;-0.028681;-0.24535;0.077918;-0.030732;-0.1781;0.096729
6.1541;0.057923;-0.098037;-0.43639;-0.4609;-0.23191;0.15089;0.035355;-0.18637;0.039045;0.0061248;-0.17387;0.061676
6.3455;-0.020834;-0.13269;-0.35648;-0.49636;-0.24302;0.12605;0.096016;-0.24365;-0.006008;0.12524;-0.18357;0.010696
6.2354;0.071085;-0.22865;-0.40426;-0.38979;-0.26817;0.1211;0.13993;-0.28245;-0.043113;0.13366;-0.13858;-0.017451
6.2698;0.034585;-0.26539;-0.3573;-0.37305;-0.34146;0.17565;0.12451;-0.26658;-0.074291;0.14696;-0.099692;-0.056454
6.1723;0.10796;-0.29883;-0.31767;-0.27609;-0.45111;0.15775;0.12917;-0.22225;-0.11698;0.14104;-0.065237;-0.064391
6.0657;0.16125;-0.28899;-0.34944;-0.23353;-0.46305;0.10894;0.12603;-0.14307;-0.095044;0.098023;-0.071472;-0.042847
5.9438;0.2231;-0.20794;-0.55383;-0.10444;-0.45914;-0.034957;0.14811;-0.021905;-0.054915;0.046731;-0.079151;-0.013552
5.8005;0.31652;-0.26106;-0.5758;-0.14427;-0.43434;-0.14244;0.14198;0.072767;-0.054348;0.04947;-0.083372;0.016208
5.7317;0.3624;-0.3415;-0.58014;-0.13042;-0.60706;0.018747;0.059967;0.084141;-0.014071;-0.02147;0.0063765;-0.041617
5.7139;0.41416;-0.41681;-0.53907;-0.14395;-0.62247;0.045906;0.058396;0.11002;-0.03478;-0.03149;0.00021445;-0.027609
5.9203;0.30736;-0.36996;-0.56422;-0.085498;-0.5898;-0.070342;0.11771;0.14098;-0.07949;-0.004077;-0.036412;-0.011214
6.0824;0.19858;-0.21991;-0.66657;-0.12711;-0.51608;-0.0942;0.11019;0.12943;-0.12593;0.028975;-0.058257;-0.032998
6.1602;0.15847;-0.16327;-0.66616;-0.22296;-0.4294;-0.081889;0.077802;0.1622;-0.18351;0.023283;-0.026058;-0.053362
6.2129;0.1082;-0.094869;-0.5717;-0.43979;-0.36496;0.04189;0.013276;0.054372;-0.18407;0.10153;-0.069273;-0.082793
6.1449;0.14412;-0.012842;-0.54801;-0.59961;-0.13276;-0.095933;0.028716;0.038426;-0.19343;0.13985;-0.095109;-0.019074
6.1842;0.068188;0.18779;-0.65054;-0.5465;-0.064042;-0.20267;-0.027176;0.10189;-0.20191;0.090086;-0.031012;0.018788
6.1551;0.028541;0.28767;-0.58976;-0.58387;-0.075337;-0.11144;-0.24106;0.20104;-0.10055;-0.026487;0.08046;0.02603
6.1281;0.016587;0.34402;-0.6002;-0.61913;-0.05276;-0.10675;-0.33789;0.26977;-0.0634;-0.064913;0.12616;-0.005774
6.1115;-0.0052003;0.37774;-0.61246;-0.67052;0.027287;-0.24138;-0.30682;0.29859;-0.073018;-0.00877;0.066512;0.019157
5.6726;0.10445;0.25313;-0.483;-0.56317;-0.017769;-0.32571;-0.26475;0.27747;-0.07948;-0.027555;0.039062;0.065915
4.887;0.18746;0.27423;-0.29714;-0.50202;0.018534;-0.29938;-0.27943;0.21808;-0.11092;-0.070346;-0.0021848;-0.019346
4.5477;0.13918;0.19601;-0.31782;-0.59616;-0.0045293;-0.24771;-0.34341;0.11338;-0.10988;-0.042631;-0.0056693;-0.0051512
4.2677;0.11907;0.29651;-0.34643;-0.513;-0.19483;-0.1573;-0.17573;-0.04262;-0.075234;0.063518;-0.02084;-0.012721
4.166;0.16294;0.17061;-0.27812;-0.56222;-0.18132;-0.18863;-0.2366;0.14918;-0.051342;0.028043;0.014879;-0.025561
4.0975;0.15973;0.26478;-0.1643;-0.54334;-0.2727;-0.15625;-0.17053;0.13785;-0.14836;0.0079283;0.089269;-0.062212
3.9615;0.14576;0.233;-0.078811;-0.30971;-0.33416;-0.16772;-0.1648;-0.00073732;-0.044577;-0.061649;-0.0025877;0.034691
4.2659;-0.051011;-0.022503;-0.1183;-0.38008;-0.24424;-0.15768;-0.032195;0.019532;-0.018178;-0.043157;0.0076522;0.098883
5.1208;-0.43803;-0.3197;-0.14385;-0.52632;-0.32599;-0.09459;0.033721;0.092232;0.044077;0.012556;0.040023;0.02088
5.3612;-0.46172;-0.10768;-0.056983;-0.63767;-0.22074;-0.032497;-0.073531;0.11602;0.0014328;-0.10414;0.010563;0.069525
5.5088;-0.049662;0.23693;-0.1337;-0.73071;-0.14763;-0.096052;-0.30198;-0.0014194;-0.016594;-0.17042;-0.01679;0.13163
5.9319;0.056684;0.35715;-0.5075;-0.67271;-0.13216;-0.14062;-0.24591;0.15248;0.054701;-0.09735;0.053319;0.041441
5.9662;0.016484;0.45915;-0.64424;-0.65177;-0.14955;-0.1315;-0.30872;0.16062;0.11166;-0.10783;0.12411;0.057427
5.8944;0.0030849;0.53449;-0.69371;-0.57913;-0.12914;-0.12964;-0.23494;0.059108;0.093627;-0.093803;0.094521;0.06772
5.7613;-0.068109;0.67301;-0.67636;-0.59284;-0.04232;-0.080268;-0.23964;0.0089306;0.14029;-0.16998;0.076965;0.071918
5.3299;-0.03984;0.59234;-0.55903;-0.39903;-0.027604;-0.065912;-0.1503;0.040256;0.032007;-0.24755;0.018921;0.0071239
4.8423;0.027278;0.61095;-0.4421;-0.2167;-0.2406;-0.021095;-0.27484;0.078681;-0.067929;-0.20077;0.10878;-0.0008882
4.5249;0.095189;0.43932;-0.46307;-0.4493;-0.35073;-0.029886;-0.15182;-0.027288;0.018444;0.031136;0.048864;0.027845
4.2942;0.21749;0.46655;-0.25611;-0.333;-0.23027;-0.031629;-0.076039;-0.062922;-0.036148;-0.043698;0.00070898;0.012358
4.0641;0.12589;0.37498;-0.096653;-0.41924;-0.28791;-0.077107;-0.037362;-0.026315;-0.039186;-0.084813;0.054409;0.0086776
3.9925;0.081583;0.3604;-0.15348;-0.20088;-0.25012;-0.16176;-0.022818;0.052768;-0.07655;-0.076137;-0.041552;0.059894
4.336;-0.13238;0.40292;-0.27153;0.12814;-0.25829;-0.29786;-0.11182;0.080847;-0.035119;-0.15296;-0.017999;-0.028264
4.4043;-0.25814;0.64585;-0.32637;0.18332;-0.26043;-0.35449;-0.070394;0.057769;-0.0024074;-0.14284;-0.003333;0.014659
4.5444;-0.56253;0.93489;-0.47695;-0.036109;-0.1718;-0.36804;0.10084;-0.043125;-0.07346;0.080181;-0.070081;-0.017718
4.7799;-0.6366;0.96736;-0.35806;-0.1293;0.0041305;-0.26865;0.040752;0.098616;-0.027952;-0.021427;-0.024409;-0.022806
4.913;-0.77941;0.94433;-0.32708;-0.08428;0.098224;-0.29892;-0.11658;0.10531;0.091682;-0.051599;-0.14444;-0.046531
5.2676;-0.92405;0.86275;-0.34038;-0.14368;0.10616;-0.2288;-0.049592;0.055681;0.17348;-0.0055779;-0.17735;-0.0068304
5.3081;-0.86618;0.77489;-0.44579;-0.17312;0.048592;-0.45486;-0.10913;0.19689;0.15184;0.022244;-0.1963;-0.018642
5.3382;-0.89227;0.72525;-0.18389;-0.38676;0.14548;-0.19356;-0.11948;0.1144;0.24253;-0.1113;-0.27008;0.030556
5.2412;-0.90707;0.69852;-0.2337;-0.46256;0.23355;-0.2088;0.011822;0.082653;0.18024;-0.09484;-0.36159;0.042617
5.1634;-0.61658;0.57947;-0.29023;-0.61544;0.066976;-0.1462;-0.072093;-0.016527;0.22849;0.011434;-0.18618;0.10223
5.8748;-0.27307;0.31934;-0.26458;-0.72638;-0.039341;0.040227;-0.15976;-0.1199;0.044152;-0.12038;-0.14612;0.1067
6.2716;-0.1418;0.16152;-0.51511;-0.6073;-0.063802;0.030665;-0.06933;-0.006963;0.042992;-0.076193;-0.13881;0.09162
6.4072;-0.14244;0.015646;-0.49967;-0.55371;-0.10829;0.0097357;-0.036509;0.10216;0.014243;-0.091776;-0.092915;0.057551
6.4043;-0.13508;-0.033445;-0.39055;-0.53675;-0.11927;-0.0032821;-0.094119;0.11125;0.021506;-0.12235;-0.057724;0.078883
6.3539;-0.096849;-0.098846;-0.39307;-0.48418;-0.12638;0.097048;-0.18099;0.10085;-0.0039939;-0.085779;-0.025656;0.016557
6.4042;-0.11557;-0.098298;-0.35869;-0.49281;-0.051008;0.052884;-0.15539;0.01437;-0.0072801;-0.032425;-0.0945;0.071197
6.4209;-0.11666;-0.19684;-0.24309;-0.5466;-0.057621;0.18047;-0.26023;-0.028484;0.044408;-0.054407;-0.11096;0.10189
6.4263;-0.11938;-0.22735;-0.26169;-0.55921;-0.0069879;0.16179;-0.23354;-0.048619;0.056841;-0.072699;-0.09781;0.10728
6.3761;-0.13766;-0.20552;-0.32385;-0.52923;-0.016899;0.12506;-0.17631;-0.091427;0.042253;-0.02244;-0.12163;0.098562
6.3412;-0.12066;-0.15653;-0.38712;-0.49154;-0.031584;0.13973;-0.2033;-0.073063;0.030835;-0.012648;-0.11397;0.073076
6.3956;-0.16228;-0.13662;-0.34486;-0.58704;0.0042653;0.22052;-0.31347;-0.041183;0.082938;-0.054004;-0.1058;0.096373
6.2738;-0.076244;-0.17435;-0.3291;-0.61637;0.070819;0.087116;-0.21063;-0.03327;0.07226;-0.030961;-0.11429;0.12321
6.1907;-0.020963;-0.15161;-0.33335;-0.6196;0.042907;0.097504;-0.20899;0.011529;0.047203;-0.03945;-0.088454;0.088387
6.2067;-0.055386;-0.098921;-0.30163;-0.62386;-0.015166;0.10576;-0.1425;-0.06424;0.069991;0.016096;-0.15599;0.088275
6.1888;-0.052144;-0.12755;-0.2274;-0.61542;-0.046616;0.098329;-0.19223;-0.0032396;0.083048;-0.032248;-0.14555;0.10571
6.2233;-0.056102;-0.16128;-0.24641;-0.47128;-0.10673;0.067451;-0.20401;0.028229;0.10078;-0.019816;-0.18278;0.060729
6.0898;-0.013103;-0.10082;-0.28596;-0.48071;-0.11651;0.094593;-0.18907;0.0019655;0.090151;0.020126;-0.2166;0.036213
6.1041;-0.020184;-0.15729;-0.19091;-0.52257;-0.031754;-0.026166;-0.17309;0.039667;0.11032;0.010172;-0.2903;0.046227
6.049;-0.025933;-0.12376;-0.22254;-0.40795;-0.087368;0.03412;-0.24859;0.042345;0.14536;-0.035633;-0.28525;0.026068
5.9696;-0.0044725;-0.15164;-0.23059;-0.32529;-0.052952;-0.0017646;-0.25355;0.032049;0.08563;-0.00014089;-0.26678;-0.00033395
5.8881;-0.043732;-0.13292;-0.1488;-0.25955;-0.0051109;-0.05208;-0.23496;-0.059981;0.040496;0.0031148;-0.22508;0.059382
5.6103;-0.017145;-0.022118;-0.17416;-0.15296;0.082856;-0.097969;-0.32785;-0.16345;-0.0089196;0.067216;-0.11512;0.083361
5.2788;0.086863;-0.0034317;-0.098259;-0.15945;0.019244;-0.15242;-0.39377;-0.025623;0.083855;-0.034373;-0.20464;0.046465
4.9895;0.14038;-0.034436;0.10274;-0.25157;-0.10157;-0.037036;-0.33945;-0.14135;0.17831;-0.0079766;-0.28836;0.052457
4.8059;0.11311;0.030515;0.15115;-0.27284;-0.017455;-0.16198;-0.28125;-0.15918;0.098495;0.057962;-0.27897;0.078729
4.613;0.077814;0.024688;0.34463;-0.29551;-0.1756;-0.059698;-0.3314;-0.22761;0.14401;0.086696;-0.28245;0.073741
4.3243;0.045092;-0.087469;0.16803;-0.097873;-0.10949;0.033607;-0.45759;-0.28218;0.20102;0.047779;-0.19085;0.044614
4.1195;-0.10286;-0.17414;0.17034;0.046302;0.0087689;-0.029994;-0.51584;-0.33264;0.24981;0.1424;-0.14033;0.067033
3.8833;-0.087684;-0.20628;-0.06539;0.0084639;0.028446;0.025392;-0.33721;-0.17001;0.22654;0.049881;-0.084755;-0.018313
3.6086;-0.13818;-0.21655;-0.087804;0.057668;0.078615;-0.11961;-0.33297;-0.11082;0.16314;0.11963;-0.035184;0.013557
3.4946;-0.15071;-0.15373;-0.014238;-0.093067;-0.091649;-0.079385;-0.27284;-0.15792;0.12651;0.10966;-0.12484;0.0075682
3.3299;-0.18855;-0.087868;-0.033954;0.026776;0.038957;-0.088959;-0.28012;-0.15837;0.066204;0.10517;-0.038635;-0.022525
3.2979;-0.24288;-0.078093;0.014899;-0.16325;0.0016396;-0.086077;-0.36671;-0.11835;0.18893;0.12518;0.024535;0.025119
3.2737;-0.29644;-0.11029;-0.10654;-0.027382;-0.035637;-0.083376;-0.12443;0.033089;0.045389;0.018266;-0.046732;-0.052823
3.1335;-0.29347;-0.23377;-0.17262;-0.076619;-0.177;-0.17619;-0.23483;-0.21707;-0.014722;0.11807;0.075428;-0.0034431
3.158;-0.29167;-0.14992;-0.18253;-0.096967;-0.14057;-0.16081;-0.15911;-0.043598;-0.021133;-0.036432;0.078242;0.043481
3.2176;-0.23593;-0.077515;0.05738;0.026858;-0.11988;0.062164;-0.06175;-0.12077;0.075219;-0.057813;-0.092258;0.0077967
3.3047;-0.2187;-0.04467;0.062479;0.037112;-0.083071;-0.0832;-0.15269;-0.20816;0.13345;0.13983;-0.026343;-0.050141
3.2644;-0.2147;-0.040057;-0.030533;-0.050072;-0.027612;0.044005;-0.070779;-0.13882;0.052405;0.056965;-0.011075;-0.0078109
3.1214;-0.26426;-0.0031503;-0.065379;-0.059191;0.0050044;-0.043125;0.0023371;-0.056214;-0.082078;-0.055184;-0.025395;0.054551
3.1288;-0.23963;0.027295;-0.019244;-0.083675;-0.090824;-0.057678;-0.018581;-0.028798;0.056152;0.087907;-0.0064781;-0.017334
3.1181;-0.2382;-0.083048;0.031037;-0.0078441;-0.060312;-0.07523;-0.10397;0.0038237;0.11302;-0.017322;-0.082832;0.031513
3.2038;-0.25969;0.035643;0.066323;-0.02941;-0.04157;-0.041541;-0.035853;-0.089603;0.10093;0.0095597;-0.061743;0.021607
3.2204;-0.2838;-0.1077;0.024301;-0.098402;-0.12872;-0.029282;-0.13144;-0.069103;0.082116;-0.0053196;0.0039243;0.06176
3.2911;-0.23786;-0.088147;-0.030807;-0.013067;0.04553;0.023832;-0.032638;-0.025906;0.044083;0.012811;-0.14454;-0.05732
3.2412;-0.27312;-0.021589;-0.10195;-0.092585;-0.10701;0.058871;-0.071113;-0.10374;0.0057027;-0.043957;-0.032158;0.056413
3.1136;-0.21035;0.029692;0.0077313;-0.013855;-0.070686;0.026034;-0.060259;-0.10407;-0.042396;-0.016781;0.052564;0.0018165
3.1467;-0.25427;-0.12675;-0.022491;-0.088477;-0.1306;0.011074;0.0022868;0.014061;0.0024673;-0.10181;-0.05843;-0.025032
3.1637;-0.22052;-0.048074;-0.14954;-0.043366;0.071623;-0.084871;-0.019181;-0.079499;0.016364;-0.0047809;-0.0019675;-0.00812
3.0521;-0.3115;-0.063816;-0.0012547;0.029984;-0.0019902;-0.1091;-0.16851;-0.12471;0.049174;0.017218;-0.030336;0.026287
3.1853;-0.30763;-0.128;0.048771;-0.062588;-0.14853;-0.0064975;-0.095232;-0.20377;0.018977;0.04695;-0.042348;-0.010964
3.2297;-0.24522;-0.12178;-0.12321;-0.10301;-0.055455;-0.039223;-0.1205;-0.12376;0.047014;-0.014871;-0.10261;0.037761
3.064;-0.30524;-0.091935;-0.16965;-0.10544;-0.053073;-0.050512;-0.11951;0.019625;0.10071;0.057338;-0.039954;-0.058599
3.1596;-0.31182;-0.14499;-0.15562;-0.11765;0.043688;0.025922;-0.14884;0.0044653;-0.052058;0.02283;0.012688;-0.040283
3.1617;-0.35354;-0.20574;0.016749;-0.03348;-0.15774;0.037113;-0.12499;-0.14406;0.051127;0.041369;-0.080723;-0.029549
3.0684;-0.32948;-0.1913;-0.035303;-0.092881;-0.15834;0.10476;-0.032391;-0.13066;0.034694;-0.040304;-0.068545;0.013463
2.9211;-0.4037;-0.16392;-0.13563;-0.15971;-0.15631;-0.18063;0.070572;0.14336;0.047603;0.033227;-0.063811;-0.037374
3.0423;-0.37311;-0.1113;-0.21884;-0.31943;-0.28379;-0.17652;-0.13915;-0.057482;-0.092284;0.023064;0.0596;-0.017945
3.1478;-0.40354;-0.27718;-0.254;-0.26482;-0.11769;0.065205;-0.16556;-0.10507;-0.03032;-0.0022797;0.046302;-0.0032509
3.1188;-0.40694;-0.19431;-0.12107;-0.17288;-0.047609;0.040551;-0.05163;-0.14579;-0.22205;-0.057816;0.13684;0.0046237
3.2275;-0.28008;-0.16899;-0.20054;-0.22259;-0.035368;-0.074389;-0.10194;-0.019762;-0.010981;-0.11225;0.054663;0.092334
3.0384;-0.31056;-0.22413;-0.2608;-0.18093;-0.13173;-0.036136;-0.19227;-0.057538;0.029489;0.032164;0.0089585;0.041536
3.038;-0.32146;-0.12426;-0.040381;-0.090481;-0.24937;-0.064115;-0.06637;-0.14535;0.0039889;0.0091662;0.025722;0.063784
3.0714;-0.35166;-0.14638;-0.21672;-0.0538;-0.14984;-0.053036;-0.14407;-0.094092;-0.10695;-0.050756;0.10114;0.067205
3.0284;-0.33544;-0.10316;-0.066431;-0.18302;-0.23158;-0.12518;-0.17835;-0.074216;0.025988;-0.078515;0.076108;0.056732
3.0304;-0.36691;-0.17038;-0.084556;-0.18495;-0.21138;-0.04702;-0.1249;-0.12572;0.039922;0.020718;0.028605;-0.070264
2.9903;-0.35519;-0.06058;0.05803;-0.024579;-0.099168;-0.11651;-0.024407;-0.053822;-0.12708;-0.042096;0.044759;0.0070449
3.1018;-0.33865;-0.1175;-0.018663;-0.026013;-0.22599;-0.15812;-0.0048308;-0.048299;0.06302;-0.017699;0.0086006;0.058608
3.0489;-0.32387;-0.19135;-0.12201;-0.1513;-0.13642;-0.10098;-0.0098577;0.072534;0.06724;0.007781;0.012878;0.019958
3.0519;-0.37673;-0.23812;-0.17232;-0.16329;-0.21098;-0.10241;-0.028973;-0.13538;0.073033;-0.033324;0.019482;0.092193
3.0714;-0.3414;-0.12978;-0.060119;-0.0073725;-0.19733;-0.08624;-0.020172;-0.13839;0.024842;0.069111;0.069056;-0.032448
3.1262;-0.2981;-0.09434;-0.13;-0.15174;-0.2965;-0.26116;-0.26108;-0.013754;0.083166;0.05231;-0.03932;0.024375
3.1341;-0.32027;-0.089765;-0.14761;0.0072729;-0.14019;-0.3539;-0.17833;0.040533;0.055265;0.059432;-0.052386;-0.01811
3.0515;-0.35173;-0.28125;-0.12819;-0.04624;-0.030511;-0.18761;-0.21986;-0.020358;-0.0076441;-0.063634;-0.030727;0.025587
3.2401;-0.29263;-0.12389;-0.12276;0.0029753;-0.11302;-0.21843;-0.28475;-0.01711;0.12913;0.010545;-0.041596;-0.039921
3.1335;-0.33788;-0.15325;-0.15508;-0.037497;-0.30697;-0.087197;-0.15333;-0.19041;0.099861;0.0018163;-0.035958;-0.012326
3.1958;-0.36284;-0.37133;-0.21161;-0.015193;-0.17743;-0.094249;-0.31773;-0.1466;0.11161;0.092854;-0.016554;-0.05474
3.1682;-0.36853;-0.17837;-0.10495;-0.19449;-0.13513;-0.080371;-0.18267;-0.10949;0.098201;0.048186;-0.03452;0.022375
3.131;-0.37831;-0.24428;-0.11117;-0.33078;-0.062503;-0.10009;-0.32152;0.0029702;-0.0056414;-0.12213;0.070491;0.06432
3.2232;-0.31831;-0.11393;-0.37336;-0.42806;-0.40508;-0.35556;-0.36877;-0.065855;0.17118;-0.089689;0.1578;0.073222
3.2454;-0.22453;-0.16916;-0.31527;-0.40156;-0.44087;-0.38104;-0.45448;-0.0023945;0.18111;-0.066698;0.047659;0.040262
3.3079;-0.30954;-0.2285;-0.17044;-0.28285;-0.29598;-0.20471;-0.27793;0.0083063;0.18047;0.033088;0.02063;0.0731
3.2984;-0.33718;-0.21079;-0.11616;-0.32059;-0.40545;-0.31665;-0.31679;-0.0097134;0.23307;0.02664;-0.071303;0.046562
3.2614;-0.34783;-0.13837;-0.087629;-0.32697;-0.31279;-0.20859;-0.35896;-0.089934;0.1909;0.022462;-0.030043;0.087171
3.3443;-0.26763;-0.11285;-0.052296;-0.34916;-0.4159;-0.26503;-0.24398;-0.13715;0.0058111;0.039706;0.029594;0.11314
3.1652;-0.3416;-0.18903;-0.099369;-0.23231;-0.36442;-0.2954;-0.24562;-0.032157;0.084913;0.044106;0.0081863;0.072274
3.2542;-0.32329;-0.2293;-0.037369;-0.091796;-0.18106;-0.19738;-0.09302;-0.11679;0.017141;0.098092;0.082166;0.010999
3.3432;-0.31961;-0.17357;-0.051521;-0.14658;-0.078664;-0.073905;-0.069309;-0.033576;-0.030004;-0.020615;-0.035053;0.040603
3.3481;-0.26313;-0.014179;0.033104;-0.13338;-0.019731;-0.047251;-0.17485;-0.047258;0.049642;0.077101;0.059656;0.015185
3.3398;-0.28337;-0.025676;-0.0053653;-0.0567;-0.11586;-0.028385;-0.13226;-0.08084;0.1408;0.063195;0.086009;0.050386
3.2511;-0.25093;-0.0029518;0.19463;0.1014;-0.12982;-0.21849;-0.065909;0.093658;0.060787;-0.11053;-0.0061435;0.030283
3.2362;-0.22141;-0.046244;0.11273;0.093591;0.0039741;-0.089201;-0.1409;-0.098411;0.047661;0.045161;-0.015548;-0.0040927
3.2688;-0.29455;-0.027627;0.13562;-0.014985;-0.053022;-0.063821;-0.1329;-0.036239;0.05902;0.046297;0.0054486;-0.0027266
3.1928;-0.30836;-0.077583;0.076168;0.010476;-0.14829;0.0055259;-0.077698;-0.0090455;-0.057468;0.10086;0.13623;-0.11107
3.2746;-0.29677;0.032542;0.081908;-0.01118;-0.18514;-0.026126;-0.072296;0.019236;-0.085948;-0.008481;0.19824;-0.017637
3.1199;-0.37474;-0.031518;-0.067647;-0.044036;-0.15597;-0.0031254;-0.097681;-0.16685;0.10973;-0.099071;-0.064789;0.011731
3.2957;-0.22794;-0.069343;0.025129;-0.020173;-0.058208;0.011689;-0.23161;-0.17963;0.22678;0.073172;-0.0043084;0.011536
3.1621;-0.34139;-0.071614;0.027565;0.010783;-0.12108;-0.15696;-0.080107;-0.042297;0.047702;-0.020547;-0.012795;0.028729
3.1473;-0.28969;-0.077037;-0.015457;-0.026993;-0.12952;-0.13661;-0.041484;0.036711;-0.041676;0.033127;0.029198;0.012608
3.1427;-0.34192;-0.14202;-0.1161;-0.054404;-0.10168;-0.14655;-0.1221;-0.11774;0.1056;0.05393;0.025345;0.090589
3.1877;-0.3385;-0.23297;-0.1541;0.033754;-0.10901;-0.16;-0.068056;0.011864;0.11763;0.10568;0.19513;0.045503
3.1225;-0.36519;-0.24478;-0.050386;-0.062304;-0.14907;0.018326;-0.15296;-0.032575;0.024121;0.079528;0.11785;-0.057524
3.1714;-0.31698;-0.20646;-0.018057;-0.037497;-0.1591;-0.00014981;-0.093829;-0.0070953;-0.059881;-0.17779;-0.00085051;0.10381
3.2246;-0.3084;-0.21441;-0.10388;-0.14024;-0.21182;-0.097724;-0.12167;-0.046987;-0.070496;-0.049363;0.091505;0.13775
3.193;-0.36841;-0.34308;-0.22149;-0.14429;-0.18484;-0.12044;-0.10862;-0.18411;-0.059753;-0.041515;0.051017;0.16846
3.2837;-0.37154;-0.32065;-0.17425;-0.29416;-0.03651;-0.12128;-0.1674;-0.044433;0.046525;-0.013851;0.086888;0.17724
3.2224;-0.34531;-0.31733;-0.30813;-0.40894;-0.28249;-0.34643;-0.11185;-0.0019582;-0.054845;0.035849;0.0058077;0.13549
3.1547;-0.35489;-0.29497;-0.29189;-0.24972;-0.24677;-0.35805;-0.06622;0.087954;0.04765;-0.043998;0.11319;0.11769
3.1018;-0.42023;-0.25417;-0.10824;-0.13081;-0.17447;-0.35439;-0.17268;-0.039802;0.076664;-0.026583;0.013224;0.070576
3.226;-0.36423;-0.30868;-0.16792;-0.11973;-0.023877;-0.18028;-0.243;-0.086403;0.011497;-0.08269;-0.061554;0.041105
3.2575;-0.39469;-0.3197;-0.29812;-0.22576;-0.053994;-0.14999;-0.23304;-0.079531;-0.0083406;-0.087198;0.069122;0.039138
3.2471;-0.35934;-0.26196;-0.11742;-0.061689;0.14138;-0.18585;-0.3058;-0.11825;-0.08383;-0.011589;0.082185;0.067625
3.2854;-0.39023;-0.26081;-0.20553;-0.1448;-0.0077847;-0.17942;-0.18554;-0.22909;-0.15973;-0.16347;0.060204;0.22486
3.1708;-0.43663;-0.24746;-0.2093;-0.28239;-0.17971;-0.23457;-0.0869;-0.07547;-0.074002;-0.045571;-0.0080219;0.041533
3.2586;-0.37179;-0.2377;-0.13525;-0.25787;-0.068752;-0.15189;-0.054189;-0.02386;-0.21939;0.012789;0.00093977;-0.0057345
3.2478;-0.35437;-0.30543;-0.2597;-0.093556;-0.016651;-0.16884;-0.055681;0.0037816;-0.17668;-0.041484;0.046285;-0.0024565
3.2428;-0.29392;-0.34617;-0.29942;-0.10371;-0.01016;-0.12958;-0.09738;-0.027171;-0.09044;-0.16507;-0.079598;0.077257
3.2461;-0.23024;-0.28802;-0.15546;-0.12983;-0.12006;-0.15847;0.029499;0.1213;-0.11548;-0.1373;-0.026685;0.072177
3.2243;-0.24267;-0.25928;-0.072736;-0.075858;-0.19131;-0.30445;-0.063601;0.038531;-0.12461;-0.10691;-0.0098417;0.09647
3.2952;-0.29528;-0.18393;-0.16415;-0.18192;-0.10007;-0.1282;-0.12229;-0.14721;0.17754;0.24209;0.0083685;-0.015092
3.4009;-0.26764;-0.24861;-0.12387;-0.047359;-0.074808;-0.051072;-0.13821;-0.34519;0.066266;0.1843;0.052296;0.060603
3.3768;-0.16723;-0.31305;-0.27584;-0.13301;-0.063266;-0.097632;-0.16089;-0.17751;0.031106;0.19813;0.065242;-0.05065
3.3111;-0.26428;-0.34449;-0.27489;-0.22213;-0.061128;-0.19596;-0.37382;-0.13124;0.079237;0.13174;0.11491;0.037896
3.2308;-0.35948;-0.36745;-0.21615;0.0013132;0.10532;-0.13213;-0.21503;-0.1177;0.0040076;0.12061;0.13101;0.080081
3.2314;-0.36926;-0.35773;-0.12681;-0.069769;-0.067319;-0.13748;-0.28027;-0.20428;-0.04183;-0.0060871;0.15025;0.14678
3.2291;-0.30141;-0.25123;-0.1738;-0.13324;-0.13283;-0.083764;-0.12866;-0.15293;-0.00033261;-0.048953;0.020186;-0.0041634
3.29;-0.32319;-0.2609;-0.14796;0.03327;0.117;0.0032594;-0.12154;-0.23084;-0.039237;0.0025868;-0.067543;-0.038681
3.3053;-0.34761;-0.15963;-0.018808;0.071494;0.093068;0.047872;-0.071497;-0.21545;0.072625;0.0068573;0.0054136;-0.032881
3.3517;-0.28612;-0.094816;0.033844;0.11698;-0.040063;-0.081095;-0.093936;-0.11801;0.11978;-0.0022516;-0.072681;0.025146
3.3564;-0.25112;-0.1388;-0.018989;-0.035691;-0.084277;-0.13858;-0.15046;-0.043901;0.051718;-0.10413;-0.15336;0.012117
3.3281;-0.28219;-0.13925;0.081381;0.040857;-0.035636;-0.034054;-0.12748;-0.024694;0.0047166;-0.068575;0.012095;0.030771
3.1522;-0.21039;-0.069375;0.086237;-0.0086394;-0.088985;-0.039315;-0.11687;-0.087913;-0.021614;0.057942;0.040954;0.05809
