1.749;-0.54235;-0.23478;-0.26711;-0.1772;-0.15758;-0.10561;-0.077087;-0.056511;-0.03178;-0.0048212;0.021396;0.013121
1.7817;-0.54177;-0.26862;-0.30361;-0.18239;-0.12484;-0.092448;-0.098021;-0.063465;-0.014573;0.031108;0.040847;-0.0020408
2.6531;-0.3863;-0.45139;-0.28733;-0.13591;-0.078831;-0.072794;-0.10137;-0.13074;-0.065479;0.059884;-0.0022235;-0.033473
2.0272;-0.43445;-0.26227;-0.27029;-0.14176;-0.090153;-0.075488;-0.16881;-0.1493;-0.018694;0.05615;0.025144;-0.022179
1.7469;-0.54877;-0.23859;-0.27522;-0.18416;-0.15258;-0.10541;-0.07396;-0.045149;-0.025015;-0.0068342;0.020841;0.018439
1.752;-0.55377;-0.24148;-0.28014;-0.18976;-0.16277;-0.098568;-0.07174;-0.048543;-0.023212;-0.011826;0.010015;0.022888
1.7514;-0.54686;-0.2456;-0.28986;-0.18493;-0.16189;-0.10984;-0.07991;-0.048263;-0.018969;-0.002985;0.025637;0.01558
1.743;-0.54592;-0.23457;-0.26937;-0.17655;-0.15428;-0.10666;-0.077457;-0.051482;-0.020636;-0.010289;0.014241;0.019382
1.7542;-0.54182;-0.24652;-0.27712;-0.18519;-0.16038;-0.10879;-0.085582;-0.052181;-0.023966;-0.023004;0.0081462;0.020974
1.7402;-0.54918;-0.23893;-0.2717;-0.18324;-0.15589;-0.10767;-0.079296;-0.047298;-0.020613;-0.0050746;0.014292;0.016458
1.7387;-0.54949;-0.24578;-0.28267;-0.19164;-0.16086;-0.10442;-0.073903;-0.042752;-0.021498;-0.012171;0.0135;0.018353
1.7427;-0.54478;-0.23749;-0.27783;-0.18438;-0.15952;-0.10246;-0.077964;-0.050298;-0.023769;-0.0059754;0.0193;0.01463
1.75;-0.54194;-0.23715;-0.27471;-0.18954;-0.16033;-0.11693;-0.090511;-0.050293;-0.019157;0.002635;0.01607;0.015187
1.7521;-0.54243;-0.2376;-0.28927;-0.20269;-0.17215;-0.11212;-0.078246;-0.04759;-0.017813;-0.0060769;0.026323;0.021554
1.7662;-0.54176;-0.24274;-0.27052;-0.18441;-0.16215;-0.12473;-0.087041;-0.031082;-0.01113;-0.011845;0.016927;0.023359
1.7716;-0.54778;-0.25429;-0.27892;-0.18463;-0.14186;-0.092935;-0.091899;-0.059877;-0.023707;0.0039347;0.032412;0.01702
1.7948;-0.53639;-0.279;-0.31174;-0.1798;-0.11803;-0.085817;-0.10853;-0.07675;-0.017947;0.010256;0.012264;0.010929
1.8395;-0.51815;-0.23939;-0.27322;-0.17665;-0.13731;-0.11815;-0.14791;-0.083908;-0.015161;-0.054173;-0.011375;0.031032
1.9193;-0.48288;-0.26956;-0.30143;-0.13183;-0.074329;-0.089404;-0.15123;-0.11855;-0.037409;0.0053344;0.035809;0.01659
1.9287;-0.50048;-0.30046;-0.32604;-0.147;-0.078476;-0.10291;-0.18728;-0.11544;-0.0102;0.025817;-1.3609e-005;0.01046
1.9967;-0.47811;-0.27637;-0.31065;-0.21419;-0.15529;-0.10177;-0.076389;-0.10578;-0.062411;0.017444;0.020252;0.045966
2.0755;-0.47126;-0.31581;-0.33102;-0.20276;-0.16422;-0.16632;-0.090719;-0.075359;-0.13794;0.043548;0.10236;-0.0072505
2.1249;-0.43185;-0.19905;-0.27427;-0.18476;-0.10155;-0.11377;-0.14739;-0.11407;-0.097724;-0.042823;0.066006;0.025097
2.2102;-0.41865;-0.32669;-0.42147;-0.27472;-0.074297;-0.075265;-0.081654;-0.15533;-0.11206;0.033484;0.042529;0.006681
2.3147;-0.39141;-0.28916;-0.3318;-0.15208;-0.053253;-0.10278;-0.24583;-0.22013;-0.079783;-0.012026;0.026605;0.037836
2.3959;-0.42396;-0.37987;-0.34662;-0.1859;-0.093671;-0.099847;-0.10296;-0.047109;-0.053209;-0.031694;-0.053758;-0.019724
2.4297;-0.36626;-0.31893;-0.32238;-0.15374;-0.13208;-0.1032;-0.14028;-0.15734;-0.043676;0.0094737;0.024724;0.028272
2.489;-0.38621;-0.30728;-0.29119;-0.1539;-0.1526;-0.059958;-0.12581;-0.13176;0.022919;0.052539;0.044898;0.0043895
2.622;-0.4462;-0.24219;-0.24117;-0.12036;-0.10092;-0.10627;-0.28454;-0.10496;-0.012667;-0.082176;-0.040783;0.021529
2.7496;-0.40384;-0.22284;-0.20935;-0.18388;-0.074965;0.13973;-0.19468;-0.042186;-0.1334;-0.055233;0.10719;-0.031409
2.8976;-0.45425;-0.35823;-0.40684;-0.19288;-0.13705;0.012798;-0.20878;-0.12293;0.031894;0.068111;0.055268;-0.068684
3.0398;-0.44038;-0.30328;-0.31784;-0.10139;-0.05293;-0.074178;0.0075713;-0.045628;-0.0033399;0.013891;-0.090298;-0.0019392
3.061;-0.43036;-0.32729;-0.22013;-0.118;-0.089306;-0.082735;-0.20702;-0.093809;-0.033087;-0.011674;-0.1187;0.0043146
3.0961;-0.55937;-0.48925;-0.3831;-0.2127;-0.16202;0.0057877;-0.053223;-0.062657;0.1512;0.082387;-0.14387;-0.058672
3.2479;-0.52544;-0.43179;-0.42121;-0.20885;-0.12336;-0.079423;-0.084765;-0.18196;-0.022437;-0.059529;-0.052386;0.097525
3.2129;-0.53466;-0.44758;-0.47975;-0.24167;-0.086555;-0.019046;-0.099741;-0.080686;-0.14169;-0.09372;-0.017908;0.025463
3.4001;-0.37268;-0.28389;-0.30636;-0.21085;-0.15905;-0.11348;-0.13225;-0.13982;-0.076619;0.038941;0.086679;-0.010805
3.467;-0.39969;-0.30517;-0.18809;-0.18381;-0.040776;-0.061408;-0.27478;-0.20213;-0.084338;-0.0050539;0.11248;0.062339
3.4776;-0.40035;-0.19153;-0.15016;-0.15049;-0.18405;-0.047924;-0.099042;-0.098294;0.05179;-0.030629;-0.034642;-0.034224
3.5087;-0.45076;-0.28549;-0.2621;-0.12508;-0.023318;-0.0733;-0.19289;0.05948;0.056846;-0.083056;0.022408;0.00027154
3.5804;-0.43456;-0.23685;-0.14252;-0.088398;-0.08827;-0.12675;-0.11789;-0.126;-0.1513;-0.042777;0.053636;0.032484
3.7211;-0.42605;-0.25028;-0.10983;-0.073086;-0.023559;-0.063533;-0.159;-0.030149;-0.027662;-0.099548;-0.067179;-0.0027771
3.7318;-0.41319;-0.19307;-0.182;-0.12668;-0.085356;-0.10464;-0.13919;-0.033569;0.023531;-0.054166;-0.082611;0.0095226
3.8109;-0.38357;-0.22382;-0.33285;-0.19716;-0.0095756;-0.040615;-0.13078;0.04379;-0.095696;-0.065158;0.046608;0.039538
4.0548;-0.42873;-0.27831;-0.29943;-0.070033;-0.065398;0.062541;-0.17972;0.034149;-0.059554;-0.081391;0.066651;-0.036318
4.1415;-0.37738;-0.25216;-0.27974;-0.22317;-0.16299;0.16405;-0.1055;-0.064258;-0.11922;-0.057229;0.066839;-0.0066543
4.2285;-0.47673;-0.45454;-0.36807;-0.1237;-0.069636;-0.0030834;0.0017909;0.0097204;-0.096727;-0.11593;-0.011632;0.054925
4.3748;-0.42462;-0.34427;-0.26509;-0.12063;-0.006549;-0.033132;-0.11174;-0.039693;-0.074908;-0.045519;-0.08007;-0.013324
4.3419;-0.43653;-0.21855;-0.084071;-0.084131;-0.086857;-0.064546;-0.19726;-0.10638;0.17137;0.084824;-0.044563;0.020059
4.4453;-0.4889;-0.28376;-0.31855;-0.21096;-0.068728;-0.074195;-0.11482;-0.031773;0.018528;-0.046127;-0.035962;0.02075
4.5142;-0.41498;-0.29332;-0.29355;-0.25745;-0.22384;-0.25604;-0.14942;0.0273;0.11408;0.078281;-0.078958;0.0011528
4.6197;-0.37751;-0.17963;-0.24236;-0.21319;-0.14102;-0.087192;-0.13591;-0.02917;0.00023681;0.16833;0.050625;-0.10499
4.5156;-0.40561;-0.2523;-0.2759;-0.23441;-0.070484;0.029712;-0.21701;-0.20396;0.06264;0.16764;0.01374;-0.045113
4.4055;-0.40886;-0.14922;-0.15048;-0.043564;-0.10225;-0.14445;-0.28171;-0.14671;-0.071253;0.06167;0.015351;-0.067604
4.5108;-0.42861;-0.21269;-0.17049;-0.038014;-0.1638;-0.17888;-0.1464;-0.16206;-0.086119;0.093285;-0.0019395;-0.087087
4.5272;-0.38225;-0.17879;-0.17241;-0.079167;-0.14627;-0.15811;-0.22724;-0.063815;-0.0075445;-0.004862;-0.049993;-0.022896
4.468;-0.3977;-0.18402;-0.2517;-0.15278;-0.096946;-0.15269;-0.19621;-0.10184;0.011422;-0.022584;0.054843;0.044549
4.5344;-0.41933;-0.24274;-0.22567;-0.22327;-0.031776;-0.14826;-0.20572;-0.060792;-0.0936;0.056335;0.018828;-0.11033
4.5058;-0.35682;-0.20192;-0.29724;-0.13327;-0.093197;-0.31838;-0.2106;-0.21818;-0.014682;0.076742;0.023026;0.024366
4.5212;-0.35877;-0.21079;-0.17537;-0.22387;-0.13725;-0.16881;-0.059774;-0.1171;0.004926;-0.039834;-0.11673;0.048908
4.4882;-0.42762;-0.30477;-0.17382;-0.0053801;-0.14428;-0.29482;-0.15207;-0.053995;0.038393;0.027579;-0.010181;0.049992
4.5582;-0.4943;-0.40753;-0.21807;-0.25732;-0.16524;-0.019262;-0.11496;-0.12031;0.1059;0.0077065;-0.025091;0.067185
4.6088;-0.39349;-0.37259;-0.29509;-0.18767;-0.12209;-0.15409;-0.050792;-0.056786;0.17948;0.13064;-0.021212;-0.029954
4.502;-0.43493;-0.2671;-0.1436;-0.064418;-0.11031;-0.098945;-0.12104;-0.10872;-0.1542;0.045337;0.04351;-0.10164
4.6005;-0.38191;-0.27896;-0.26496;-0.12861;-0.061205;-0.27886;-0.2315;-0.026219;0.10162;0.11883;0.045682;-0.074457
4.525;-0.42953;-0.40414;-0.31419;-0.13285;-0.20235;-0.10435;-0.09952;-0.10622;0.17056;0.03021;-0.016345;0.024064
4.501;-0.40167;-0.39335;-0.2841;-0.13038;0.028386;-0.024656;-0.050657;-0.1092;-0.044106;-0.12091;-0.15529;0.048914
4.6069;-0.42738;-0.38127;-0.14398;-0.12427;-0.11845;-0.22224;-0.18156;-0.013765;0.14216;-0.089869;-0.11565;0.026728
4.6025;-0.48321;-0.38537;-0.2268;-0.083608;-0.19038;-0.1681;-0.29696;0.05931;0.075529;-0.065573;-0.040724;-0.0029771
4.6626;-0.4489;-0.2931;-0.40922;-0.2151;-0.19491;-0.15653;-0.18136;0.0085066;0.11792;0.041796;0.0066549;-0.094619
4.7502;-0.53413;-0.42492;-0.33765;-0.14801;-0.052831;-0.26352;-0.25775;0.18052;0.18138;-0.017554;-0.022496;-0.052299
4.685;-0.49436;-0.3239;-0.408;-0.29011;-0.038685;-0.12185;-0.22794;-0.0064949;0.079321;0.10337;-0.0089432;-0.062926
4.6437;-0.53951;-0.4537;-0.38677;-0.10123;-0.15275;-0.14904;-0.24344;-0.016894;0.096343;-0.028313;0.050489;0.020562
4.787;-0.55434;-0.46378;-0.32581;-0.19468;-0.18876;-0.11487;-0.29809;-0.058274;-0.0014841;0.018337;0.12065;0.10876
4.8646;-0.49064;-0.35823;-0.44519;-0.22047;-0.15944;0.011605;-0.23163;-0.062529;0.0047508;0.0029515;0.04345;-0.066574
4.8577;-0.53987;-0.34912;-0.27973;-0.20466;-0.11779;-0.020078;-0.15941;-0.093626;0.03416;-0.03489;0.10429;-0.0017197
4.8356;-0.61242;-0.28338;-0.076792;-0.18742;-0.19727;0.14883;-0.16173;-0.030051;0.11241;-0.12303;0.0054019;0.03751
4.9375;-0.64265;-0.26272;-0.12202;-0.20873;-0.080723;0.061924;-0.26051;-0.062451;0.12187;0.050753;0.17743;0.073017
4.8125;-0.5561;-0.21279;-0.21112;-0.041282;0.058295;0.011231;-0.33624;-0.17164;0.00071545;0.010867;0.085676;0.029555
4.7718;-0.49244;-0.089345;-0.077746;-0.082326;-0.11097;-0.2853;-0.26759;-0.11927;-0.012034;-0.028451;0.10681;0.057654
5.2969;-0.06045;0.2956;-0.22389;-0.21484;-0.22187;-0.41635;-0.11047;-0.10617;-0.0012839;-0.060415;-0.033123;0.0057023
5.6904;0.10564;0.28271;-0.23468;-0.33123;-0.38919;-0.12724;-0.089718;-0.076872;-0.056561;-0.12013;0.057654;-0.04944
5.7853;0.10796;0.33866;-0.45915;-0.18238;-0.46576;-0.12772;-0.063306;-0.043891;0.051145;-0.16256;0.053559;0.020705
5.9371;0.028506;0.39429;-0.56198;-0.21351;-0.30585;-0.2834;-0.0097258;0.0076312;0.05753;-0.13875;0.051369;0.028496
5.9363;0.0013439;0.55169;-0.58874;-0.34588;-0.27723;-0.21258;0.0093791;-0.051484;-0.02368;-0.072126;0.089004;-0.012031
5.9142;0.03793;0.43932;-0.47991;-0.44512;-0.29505;-0.061343;-0.17381;0.038507;-0.0164;-0.066714;0.10981;-0.051777
5.9019;0.031842;0.4524;-0.5676;-0.40789;-0.26488;-0.17087;-0.038434;4.5159e-005;-0.0063205;-0.046431;0.09004;0.015017
6.0208;-0.0028541;0.41341;-0.62334;-0.39616;-0.22581;-0.24189;-0.016266;0.019859;-0.02675;-0.025501;0.087374;-0.00054118
5.9978;0.023576;0.38136;-0.62499;-0.54214;-0.15562;-0.18341;-0.095808;0.071492;-0.0315;-0.025902;0.1467;-0.027121
6.0765;0.017652;0.35009;-0.64265;-0.54676;-0.17542;-0.11496;-0.11089;0.051828;-0.036749;-0.013716;0.12208;-0.011712
6.12;0.073057;0.22186;-0.669;-0.47027;-0.21361;-0.10202;-0.11672;0.072598;-0.048799;-0.022218;0.094724;0.016226
6.2449;0.026554;0.15605;-0.63316;-0.50846;-0.21574;-0.039843;-0.14692;0.070999;-0.027796;-0.043384;0.089274;0.03943
6.3107;0.00071919;0.11275;-0.64559;-0.44967;-0.21793;-0.006293;-0.15425;0.045215;-0.0043211;-0.086135;0.053392;0.071259
6.4371;-0.01292;0.01267;-0.5788;-0.40998;-0.26154;0.094287;-0.18701;-0.0029454;0.031305;-0.16155;0.053157;0.041085
6.5787;-0.08391;0.047169;-0.53447;-0.44409;-0.2165;0.053405;-0.12367;-0.091625;0.025886;-0.11502;0.00052583;0.083376
6.6171;-0.11394;0.017762;-0.42819;-0.46933;-0.20959;0.025162;-0.061369;-0.14975;-0.019662;-0.068623;-0.037933;0.090661
6.4578;-0.10904;-0.011539;-0.32003;-0.38213;-0.27574;0.081206;-0.081195;-0.26179;0.013714;-0.12517;-0.048675;0.12177
6.2388;-0.11627;-0.0029606;-0.40108;-0.17013;-0.34386;-0.00063537;-0.089408;-0.21861;0.074723;-0.17195;-0.11016;0.061018
6.0141;-0.39601;0.23702;-0.42093;-0.0543;-0.33361;-0.021443;-0.064433;-0.28433;0.15928;-0.14787;-0.12495;0.071499
5.7363;-0.64141;0.30046;-0.38226;0.042798;-0.34004;-0.092639;0.025895;-0.39033;0.030013;-0.050548;-0.052449;0.018291
5.8341;-0.71803;0.40722;-0.47525;0.060669;-0.29655;-0.12289;0.025313;-0.35359;0.022542;-0.02327;-0.076064;-0.014204
5.8729;-0.7775;0.35237;-0.50311;-0.045225;-0.28004;-0.17063;-0.081641;-0.31473;0.16028;0.051423;-0.13172;-0.0084218
5.7325;-0.76918;0.43604;-0.64871;0.050252;-0.25431;-0.14221;0.087113;-0.34212;0.22478;0.089036;-0.044165;-0.015198
5.6505;-0.78103;0.34282;-0.45216;0.0099061;-0.16576;-0.061232;0.017798;-0.24326;0.18554;-0.019017;-0.16743;-0.014955
5.6727;-0.78748;0.30129;-0.43899;0.12468;-0.13122;0.037697;0.029244;-0.37595;0.19957;-0.17363;-0.18698;0.066544
5.5846;-0.80583;0.3742;-0.43425;0.13931;-0.060108;-0.12764;-0.041262;-0.25123;0.21454;-0.18329;-0.12598;0.041039
5.5062;-0.84437;0.25837;-0.33806;0.12148;-0.048249;0.0056927;-0.062106;-0.064089;0.20382;-0.16657;-0.11751;-0.0018687
5.5223;-0.81472;0.25865;-0.39714;-0.024811;-0.011602;0.086056;-0.15213;0.085426;0.23918;-0.30199;0.051795;0.026352
5.3259;-0.75165;0.21067;-0.25993;-0.061384;-0.057477;0.10098;-0.23635;0.024394;0.15968;-0.096916;0.10437;-0.037089
5.2671;-0.59993;0.064928;-0.10157;-0.21531;-0.093498;-0.086028;-0.26819;0.062395;0.12031;0.015338;0.085147;-0.053193
5.4315;-0.2762;0.29455;-0.22098;-0.22911;-0.26151;-0.24527;-0.22773;-0.058009;0.016949;-0.068471;-0.046847;0.002952
5.8228;0.024134;0.35694;-0.38282;-0.52508;-0.21707;-0.17673;-0.061922;-0.091572;-0.1168;-0.0029718;-0.056348;-0.048518
5.9132;0.01325;0.41966;-0.43744;-0.57756;-0.24797;-0.093794;-0.057645;-0.074089;-0.080069;0.056963;0.010096;-0.039763
5.9033;0.0063083;0.39027;-0.51792;-0.47335;-0.31772;-0.096666;-0.027778;-0.10986;0.03636;0.050338;0.0051384;0.026977
5.9095;0.015312;0.40468;-0.51439;-0.37143;-0.31418;-0.16514;-0.041404;-0.038513;0.0017257;-0.03904;0.048287;0.007211
5.9555;-0.028864;0.45725;-0.48611;-0.4882;-0.21382;-0.16901;-0.065419;0.00033055;-0.10403;0.035271;0.062681;-0.045925
5.9608;-0.078019;0.43423;-0.40082;-0.60467;-0.09905;-0.15501;-0.099299;0.043626;-0.062656;-0.019675;0.044466;0.029961
5.9482;-0.16288;0.4671;-0.34609;-0.5644;0.019113;-0.24406;-0.12804;0.11195;-0.088674;-0.10095;0.024595;0.052757
5.8377;-0.28813;0.48122;-0.21405;-0.4572;0.034124;-0.35328;-0.088914;0.086584;-0.047501;-0.15771;-0.0054433;0.075948
5.7736;-0.44713;0.59154;-0.22039;-0.42223;0.020227;-0.38975;0.083586;-0.10203;-0.053133;0.013877;-0.13309;0.065583
5.6466;-0.64948;0.48618;-0.23738;-0.37222;-0.012102;-0.17214;0.0087145;-0.17841;-0.076118;0.027361;-0.046041;0.059283
5.6222;-0.70048;0.42321;-0.1533;-0.23391;0.15733;-0.2865;-0.23571;-0.20838;0.025236;0.013615;-0.085458;0.12222
5.7219;-0.7202;0.49794;-0.2006;-0.19215;0.15614;-0.42132;-0.11833;-0.21478;0.009485;0.081644;-0.15078;0.084948
5.6183;-0.8173;0.45558;-0.13309;-0.24131;0.0075459;-0.26228;-0.15098;-0.23782;0.06727;0.066774;-0.11379;0.060699
5.6064;-0.89397;0.34413;-0.2382;-0.21283;0.096375;-0.35629;-0.20299;-0.18748;0.044582;0.0047226;-0.16432;0.086604
5.6671;-0.91569;0.41765;-0.16311;-0.12233;0.19688;-0.42375;-0.14762;-0.22978;-0.018887;0.123;-0.10904;0.08785
5.5499;-0.91899;0.38912;-0.23511;-0.22292;0.059041;-0.32563;-0.13011;-0.14715;0.024585;-0.050776;-0.09612;0.094899
5.4755;-1.0022;0.28582;-0.36201;-0.33653;-0.016728;-0.12537;-0.12278;-0.087241;0.12457;-0.1962;-0.17297;0.097037
5.5295;-0.89683;0.31525;-0.25544;-0.37883;0.079813;-0.0074309;-0.12243;-0.12522;0.041713;-0.16789;-0.043046;0.07637
5.5381;-1.0041;0.23916;-0.14018;-0.43084;0.19129;0.014828;-0.076831;0.022052;0.053595;-0.12502;-0.092528;0.062321
5.5588;-1.0112;0.1979;-0.20287;-0.60662;0.027759;0.095995;-0.07987;-0.043323;0.0011029;-0.028553;-0.065531;0.043886
5.6614;-0.91289;0.015548;-0.32601;-0.62156;-0.0071146;0.10844;-0.0069849;0.02729;0.078843;-0.077288;-0.053044;0.073596
5.4282;-0.77717;0.091666;-0.25688;-0.53976;-0.071402;0.12632;-0.11695;0.13245;0.052004;-0.20329;-0.0042306;-0.024273
5.1811;-0.63961;-0.0058176;-0.26364;-0.43075;0.069017;-0.0084389;-0.16709;-0.076087;0.029281;-0.02;-0.063874;0.0039828
5.6073;-0.17607;0.22765;-0.1619;-0.43841;-0.21975;-0.084798;-0.20063;-0.14032;-0.029449;-0.098548;0.034785;0.046855
6.3808;-0.14966;0.18923;-0.25881;-0.70522;-0.17202;0.048373;-0.24697;0.0095144;0.032158;-0.14518;0.022499;0.058735
6.5454;-0.16917;0.093893;-0.27679;-0.73138;-0.10094;0.033216;-0.27845;0.067141;0.02791;-0.1023;-0.0080275;0.086281
6.5174;-0.14189;0.0080676;-0.26351;-0.80829;-0.098422;0.10886;-0.21466;0.060624;-0.0010102;-0.068698;-0.010654;0.081524
6.5043;-0.085915;0.029134;-0.33655;-0.71003;-0.11738;0.10966;-0.17271;0.02108;-0.030618;-0.076395;-0.033261;0.020339
6.4501;-0.046225;-0.0079232;-0.37299;-0.76166;-0.070953;0.059312;-0.15495;0.054133;-0.015438;-0.05399;-0.043494;0.047535
6.42;-0.022041;0.0028531;-0.44178;-0.75341;-0.089203;0.14398;-0.22631;0.066607;0.033636;-0.067377;-0.07456;0.057854
6.4304;-0.032306;0.00014311;-0.43533;-0.79701;-0.08637;0.14345;-0.23839;0.08625;-0.0089286;-0.03294;-0.069005;0.052686
6.4277;-0.032041;-0.032816;-0.43845;-0.76088;-0.13848;0.13954;-0.20727;0.072383;0.015079;-0.052267;-0.042894;0.049459
6.3322;0.017264;-0.012966;-0.47509;-0.71098;-0.1721;0.19474;-0.25862;0.09862;-0.01168;-0.078936;-0.0098245;0.0061997
6.3255;0.015171;0.031432;-0.58331;-0.60423;-0.17117;0.12266;-0.23648;0.12404;0.040963;-0.15063;0.055209;0.0026183
6.3309;0.048668;-0.0046354;-0.48038;-0.54925;-0.21365;0.13376;-0.20115;0.12047;-0.042756;-0.12988;0.052175;-0.038005
6.287;0.0066727;0.1159;-0.57963;-0.57076;-0.19353;0.17425;-0.24126;0.1182;0.012263;-0.15899;0.06755;-0.04397
6.2515;-0.02595;0.16541;-0.59555;-0.60644;-0.1511;0.13714;-0.242;0.11467;-0.010739;-0.14305;0.058425;-0.064292
6.1599;0.015969;0.13704;-0.53093;-0.56345;-0.16186;0.087654;-0.18187;0.1077;-0.031278;-0.13624;0.054772;-0.055837
6.0512;0.025157;0.17902;-0.5195;-0.5211;-0.21354;0.10529;-0.17154;0.052955;-0.035469;-0.11649;0.031349;-0.057065
5.9443;0.0074178;0.20848;-0.41044;-0.46515;-0.22114;0.037805;-0.11677;-0.011247;0.0097985;-0.14896;0.0078023;0.022328
5.5887;0.025216;0.18273;-0.25797;-0.35417;-0.19153;-0.027067;-0.058797;-0.028018;-0.045527;-0.12857;-0.027788;-0.014833
5.2922;0.034523;0.13881;-0.16702;-0.25958;-0.17921;-0.067557;-0.08927;-0.10764;-0.026233;-0.14142;-0.038584;0.063854
5.1339;-0.056911;-0.035034;-0.23477;-0.30147;-0.29127;-0.11523;-0.13169;-0.096477;-0.0019008;-0.051568;-0.055458;0.029485
5.0547;-0.10299;0.036958;-0.24403;-0.24888;-0.16303;-0.043472;-0.1578;0.015408;-0.035875;-0.13496;0.0013699;-0.11031
5.0123;-0.10083;0.011622;-0.09595;-0.1252;-0.14304;-0.13668;-0.24334;-0.049312;-0.015119;-0.094877;-0.034187;-0.048328
5.0005;-0.159;-0.0018861;-0.13534;-0.055309;-0.24821;-0.14851;-0.17934;-0.057151;-0.013818;-0.13736;0.039397;0.027164
4.9057;-0.23773;-0.0578;-0.17051;-0.055931;-0.19196;0.029906;-0.41047;-0.080101;0.048957;-0.11566;9.7141e-005;-0.042832
4.9353;-0.33971;0.074556;-0.21233;0.017343;-0.24431;-0.090164;-0.34584;-0.116;0.18105;-0.12419;-0.033735;-0.023774
4.9014;-0.40688;0.016488;-0.31065;0.12399;-0.081686;-0.15896;-0.3974;-0.056721;0.020981;0.023643;0.13702;-0.061776
4.9499;-0.48715;-0.017759;-0.50492;0.12578;0.032712;-0.15052;-0.26105;-0.29035;0.011657;0.14836;0.1205;0.00071228
5.0872;-0.55496;0.08638;-0.55625;-0.03228;0.0088446;-0.18021;-0.34336;-0.1555;-0.041009;0.095502;0.16071;0.04191
4.9781;-0.60632;0.20549;-0.51161;-0.21942;-0.086684;-0.209;-0.17337;-0.15112;-0.027853;0.035281;0.12248;0.10809
4.9936;-0.67437;0.20616;-0.57043;-0.22904;-0.025017;-0.35039;-0.067104;-0.1416;-0.061655;0.074674;-0.012848;0.1207
5.0857;-0.54068;0.16593;-0.30774;-0.2065;-0.014579;-0.15215;-0.10801;-0.15384;-0.08808;0.0061673;-0.035024;0.079335
5.5077;-0.14398;0.38524;-0.14854;-0.52365;-0.15089;-0.12634;-0.28844;-0.019315;-0.050805;-0.061922;0.0094376;-0.027559
5.8786;-0.039668;0.27887;-0.23718;-0.69514;-0.11637;0.062541;-0.19836;0.07875;-0.15555;-0.057295;0.017717;-0.047331
5.8929;-0.13482;0.27848;-0.25234;-0.65503;-0.035853;0.1179;-0.24223;0.1631;-0.15376;-0.14256;-0.025412;-0.064361
5.713;-0.15093;0.18885;-0.17735;-0.37309;-0.20822;0.14532;-0.19726;0.044361;-0.22269;-0.11251;0.048003;-0.12364
5.5972;-0.27441;-0.023098;-0.020758;-0.33888;-0.23444;0.078578;-0.12897;0.060374;-0.056674;-0.016314;-0.062247;-0.14857
5.3941;-0.39398;-0.040948;-0.067512;-0.29884;-0.075779;-0.079116;-0.12306;0.17553;-0.081119;-0.18807;-0.023845;0.004915
5.4148;-0.36999;-0.055946;-0.045455;-0.21213;-0.1558;0.06827;-0.13615;0.057498;-0.15866;-0.16115;-0.046236;-0.073156
5.3036;-0.41855;-0.022617;0.0028044;-0.072667;-0.13155;-0.082524;-0.3285;-0.019807;-0.1246;-0.13283;0.022074;-0.027543
5.2674;-0.47663;-0.15729;-0.12635;-0.14559;-0.13911;-0.1129;-0.22654;0.031758;-0.15649;0.00010608;0.041512;-0.083437
5.2081;-0.46661;-0.10301;-0.23559;-0.19346;-0.094204;-0.083525;-0.26661;0.06607;-0.070367;-0.070393;0.056001;-0.040036
5.2327;-0.43209;-0.090902;-0.10703;-0.36005;-0.081362;-0.081299;-0.27241;0.1085;-0.087788;-0.075607;0.035104;-0.065271
5.183;-0.44382;-0.12756;-0.045821;-0.31209;-0.069287;-0.088337;-0.2535;0.2647;0.043175;-0.1947;-0.021937;-0.04565
4.9855;-0.37516;-0.26557;-0.11381;-0.12622;-0.22954;-0.29153;-0.1087;0.10843;-0.081489;-0.21939;-0.046524;0.059478
4.8051;-0.36993;-0.35366;-0.11709;-0.096621;-0.20488;-0.26721;-0.10286;-0.040238;-0.11965;-0.0078951;0.031278;0.09577
4.9339;-0.34345;-0.31476;-0.22691;-0.1032;-0.15162;-0.1609;0.0064271;-0.019257;-0.19197;-0.058755;-0.018407;0.0075158
4.844;-0.32041;-0.33417;-0.25275;-0.1585;-0.14324;-0.20636;-0.28962;-0.15849;-0.10375;0.10744;0.012942;-0.015851
5.0626;-0.12365;-0.12261;-0.17553;-0.079836;-0.1653;-0.076149;-0.2233;-0.11623;-0.17984;-0.074773;0.0050014;-0.011757
5.348;0.1709;0.053632;-0.11351;-0.13493;-0.28228;-0.25771;-0.20742;0.013761;-0.16558;-0.041158;0.049952;-0.059894
5.7337;0.2528;-0.096429;-0.069436;-0.27886;-0.35117;-0.24235;0.043297;-0.0015425;-0.21925;-0.023662;0.0031212;-0.03587
5.8795;0.20026;-0.22382;0.014219;-0.32163;-0.37136;-0.19206;0.14816;0.0037947;-0.2857;0.00099357;0.024994;-0.0078448
5.902;0.21554;-0.16849;-0.079067;-0.3555;-0.32426;-0.18454;0.16573;-0.012976;-0.28819;-0.001023;0.042171;-0.025459
5.9337;0.23447;-0.18499;-0.18675;-0.30919;-0.35614;-0.18736;0.15443;0.034855;-0.26456;-0.00055042;0.052516;-0.0078344
6.2369;0.052692;-0.057311;-0.39939;-0.43263;-0.19438;-0.0038407;-0.031185;0.028225;-0.083513;-0.10346;0.02853;-0.0090191
6.4577;-0.069544;0.030304;-0.52178;-0.43613;-0.1353;0.056493;-0.14709;0.11692;-0.017113;-0.213;0.083223;-0.026308
6.567;-0.085219;-0.04375;-0.49828;-0.45885;-0.08788;0.023032;-0.14251;0.10881;-0.030384;-0.15206;0.037977;0.0039034
6.5409;-0.035816;-0.13927;-0.47263;-0.48323;0.0055479;-0.056113;-0.10542;0.10892;-0.067499;-0.12017;0.017554;0.025484
6.5133;-0.024081;-0.15651;-0.48119;-0.50587;0.0012334;-0.039016;-0.12246;0.091534;-0.019906;-0.14288;0.036644;0.050229
6.5166;-0.017867;-0.17904;-0.4776;-0.49755;0.011126;-0.045668;-0.12271;0.10289;-0.045784;-0.13726;0.05578;0.034256
6.5888;-0.087832;-0.11935;-0.50228;-0.49134;-0.0017504;-0.082225;-0.095053;0.129;-0.097717;-0.10452;0.047608;0.011129
6.5981;-0.12324;-0.046551;-0.53915;-0.48559;-0.04922;-0.083189;-0.043582;0.088577;-0.051908;-0.1142;-0.0035291;0.030114
6.6193;-0.16323;0.022583;-0.51994;-0.58464;0.0047824;-0.061063;-0.051189;0.097139;0.020721;-0.16902;-0.02915;0.049053
6.5531;-0.187;0.09949;-0.51592;-0.63976;-0.0020594;0.0077346;-0.10779;0.10421;0.077387;-0.22254;-0.035519;0.061789
6.1181;-0.1235;0.16532;-0.54572;-0.54979;-0.05842;0.0072265;-0.060197;0.06807;0.08835;-0.23216;-0.047855;0.032539
5.4993;-0.14742;0.044616;-0.31602;-0.29935;-0.27165;0.035737;-0.16145;0.23266;0.011879;-0.20887;0.0088435;-0.01213
5.0876;-0.1454;-0.073715;-0.23468;-0.34329;-0.12427;-0.057341;-0.11509;0.097407;0.058365;-0.14764;-0.06156;0.016465
4.9643;-0.12013;-0.10304;-0.24343;-0.24057;-0.18327;-0.10524;-0.1139;-0.14867;0.0027605;0.057014;0.06169;-0.014014
5.0315;-0.086619;-0.045576;-0.15732;-0.16531;-0.1362;-0.18735;-0.22979;-0.04983;0.0001104;-0.044897;0.013049;-0.0090629
5.0439;-0.19515;0.021938;-0.22064;-0.12223;-0.29257;-0.10932;-0.15568;-0.0099931;-0.023975;-0.16805;0.023912;0.0075974
5.2475;-0.41522;-0.052071;-0.49518;0.0145;-0.14584;-0.061117;-0.08629;-0.25182;-0.089076;-0.077364;0.11003;0.03657
5.2378;-0.37636;-0.013543;-0.48829;-0.04519;-0.24748;-0.10369;0.015166;-0.090683;0.023364;-0.053466;-0.023543;-0.023574
5.13;-0.60485;0.085885;-0.40659;0.073245;-0.15764;-0.18291;-0.11871;-0.099246;-0.037441;-0.21332;0.071229;0.053271
5.1572;-0.75419;0.099;-0.43958;-0.16126;-0.14864;-0.11507;0.060175;-0.03975;-0.10065;-0.067446;-0.048528;0.042592
5.074;-0.68317;0.01596;-0.29296;-0.15102;-0.11349;-0.055583;-0.076302;-0.19528;-0.055709;0.021745;-0.056291;0.048543
5.2499;-0.2806;0.18421;-0.075125;-0.26468;-0.12474;-0.31568;-0.10379;-0.058983;-0.12565;-0.017911;-0.032382;0.011322
5.673;-0.028611;0.28187;-0.23693;-0.47757;-0.11354;-0.12092;-0.20548;0.069541;-0.13322;-0.11732;-0.0075639;0.052193
5.7525;-0.038855;0.20006;-0.27604;-0.46688;-0.12109;0.010729;-0.16313;0.081185;-0.15681;-0.12542;-0.0017469;-0.054727
5.5156;0.0282;0.19297;-0.29231;-0.32586;-0.17649;-0.060999;-0.083743;0.014127;-0.14637;-0.062763;-0.066601;-0.10464
5.3981;-0.036937;0.071064;-0.15172;-0.13407;-0.27087;-0.17552;-0.12918;0.054589;0.011133;-0.14767;-0.05386;-0.027277
5.3526;-0.14367;-0.21542;-0.1584;0.03928;-0.3475;-0.07438;-0.072869;-0.057228;-0.019089;-0.053215;-0.070133;-0.080104
5.3206;-0.31023;-0.45827;-0.13747;-0.053101;-0.40555;-0.024991;0.012577;-0.11105;-0.057978;0.016644;-0.095169;-0.12321
5.364;-0.2699;-0.46125;0.1278;0.28094;-0.33365;-0.16917;-0.079358;-0.12482;-0.09125;0.0057576;-0.085864;-0.073652
5.3018;-0.19784;-0.45975;0.028634;0.24303;-0.21932;-0.21778;-0.12825;-0.1028;-0.13114;-0.13141;0.0036486;0.027417
5.1217;-0.34134;-0.53766;-0.078639;0.20718;-0.075122;-0.30618;-0.27108;-0.054543;-0.022526;-0.10219;0.035959;0.043163
5.0882;-0.41154;-0.58478;-0.20248;0.25767;-0.10093;-0.407;-0.25414;0.066949;0.1082;-0.098368;-0.00019826;-0.038033
5.2151;-0.42257;-0.47524;-0.17167;0.23359;-0.12362;-0.33713;-0.18079;-0.02849;0.060595;-0.14168;-0.081381;-0.0039761
5.0994;-0.48;-0.4122;-0.096359;0.20447;-0.16392;-0.26061;-0.061797;-0.1007;-0.12698;-0.14473;-0.0073692;0.018051
5.0223;-0.59043;-0.5084;-0.32383;-0.017263;-0.10744;-0.24495;0.036479;-0.017733;-0.055492;-0.0171;0.0094253;0.039235
4.9955;-0.5574;-0.35417;-0.062949;0.10385;-0.37072;-0.20763;0.036274;-0.21263;-0.24964;-0.08689;0.077114;0.070149
4.9807;-0.65013;-0.38105;-0.15749;0.17084;-0.51919;-0.26658;-0.0063786;-0.25598;-0.12905;-0.14135;0.12868;0.089386
5.1066;-0.41776;-0.22871;-0.14882;0.043179;-0.2717;-0.15311;0.035824;-0.24952;-0.046141;0.049715;0.073603;-0.0020045
5.7137;-0.48422;-0.39532;-0.055535;-0.055377;-0.26752;-0.096418;-0.029048;-0.27708;-0.020712;0.00018378;0.10186;0.044304
5.5624;-0.56336;-0.42631;-0.13229;-0.34401;-0.32052;-0.074093;0.0062391;-0.12459;0.096359;0.01797;0.051299;-0.005036
5.6659;-0.54017;-0.44299;-0.25157;-0.46484;-0.2789;-0.019915;0.074046;-0.0025332;0.0035669;-0.010859;0.106;-0.1185
5.55;-0.0049401;-0.18755;-0.093435;-0.15494;-0.28222;-0.19657;-0.085479;-0.1104;-0.11234;-0.10373;0.048884;-0.031766
5.9752;0.22557;-0.33819;-0.31485;-0.092566;-0.25523;-0.10082;0.061477;-0.17205;-0.10142;-0.078424;0.013518;-0.033162
5.9193;0.20601;-0.31449;-0.30001;-0.25225;-0.26772;0.039835;0.076319;-0.098181;-0.087086;-0.12454;0.0030613;-0.082653
5.8959;0.25258;-0.27239;-0.4189;-0.12098;-0.28474;-0.048175;0.15028;-0.14924;-0.051324;-0.075835;-0.08727;-0.075484
5.8205;0.29824;-0.26539;-0.42695;-0.074179;-0.36233;0.055763;0.069759;-0.10343;-0.0029602;-0.099467;-0.10063;-0.091314
5.8843;0.26998;-0.30651;-0.35837;-0.045105;-0.4113;-0.0065177;0.1176;-0.066337;-0.019903;-0.11875;-0.087508;-0.077339
5.8629;0.28134;-0.36626;-0.23556;-0.097443;-0.34418;-0.12022;0.16186;-0.046586;-0.047756;-0.085684;-0.12936;-0.07117
5.688;0.3015;-0.24986;-0.24745;-0.037957;-0.35019;-0.14863;0.15223;-0.10321;-0.039606;-0.049163;-0.16306;-0.043981
5.5517;0.25963;-0.15515;-0.19053;-0.037206;-0.27862;-0.29807;0.17894;-0.11295;-0.02871;-0.099239;-0.16608;0.036378
5.4039;0.26055;-0.1015;-0.17149;-0.092279;-0.23523;-0.33665;0.25062;-0.089394;-0.078607;-0.1781;-0.093868;0.084478
5.2346;0.25026;-0.093907;-0.13776;-0.078009;-0.30746;-0.29897;0.22825;-0.078523;-0.082124;-0.18003;-0.086988;0.10989
4.9656;0.18964;-0.22022;-0.19368;0.0075634;-0.2893;-0.26056;0.0089608;0.011295;0.030462;-0.11401;-0.083209;-0.076952
4.8884;0.034787;-0.16047;-0.24542;0.29094;-0.39622;0.017889;-0.27566;-0.093883;0.0081247;-0.040028;-0.0098167;-0.13083
4.8749;-0.014706;0.048419;-0.34427;0.34961;-0.38063;0.034646;-0.13184;-0.23288;-0.13954;-0.10891;0.12378;0.0010699
4.7598;-0.1295;0.13561;-0.44821;0.35083;-0.56192;-0.052103;0.099342;-0.19737;-0.023927;-0.2919;0.0381;0.067349
4.6828;-0.34512;0.0068202;-0.68568;0.27565;-0.63686;-0.15839;0.24435;-0.069084;0.14702;-0.29819;-0.034058;0.0677
4.7239;-0.33576;0.16761;-0.45399;0.3775;-0.426;-0.076504;-0.0022967;-0.33291;0.18835;-0.21844;-0.071362;0.051808
4.8153;-0.33601;0.2453;-0.58124;0.4595;-0.39171;-0.028352;0.03551;-0.48584;0.13017;-0.15939;0.035579;0.068335
4.7491;-0.46272;0.012807;-0.54473;0.35548;-0.59389;-0.080127;0.26107;-0.29352;0.092305;-0.15232;0.0061649;0.012799
4.7654;-0.50006;0.0051539;-0.48084;0.31702;-0.47518;-0.15227;0.41909;-0.29751;0.088813;-0.15268;-0.11783;-0.021285
4.5532;-0.43781;-0.088879;-0.36718;0.30284;-0.62838;-0.12563;0.24953;-0.26769;0.081466;-0.044195;0.07967;-0.009517
4.8748;0.017425;0.11547;-0.28656;0.22631;-0.69795;-0.21753;0.048976;-0.23008;0.046806;-0.11919;0.013339;-0.028387
5.3514;0.35848;-0.011529;-0.42188;-0.032874;-0.60873;-0.056292;0.10584;-0.2027;-0.038657;-0.088637;0.013592;-0.045248
5.4245;0.40914;-0.058002;-0.54324;-0.084067;-0.58775;0.031213;0.18865;-0.2651;-0.0046598;-0.080701;0.057158;-0.03061
5.4296;0.42171;-0.13387;-0.56227;-0.095238;-0.55754;0.057685;0.18054;-0.23497;-0.0025138;-0.06169;0.054762;-0.060905
5.4432;0.40514;-0.011169;-0.64029;-0.095415;-0.50336;-0.002304;0.219;-0.27801;0.019167;-0.090256;0.04533;-0.05833
5.3046;0.44393;-0.078761;-0.57725;-0.15612;-0.45945;0.02994;0.17362;-0.16932;-0.018644;-0.14132;0.082507;-0.071589
5.2572;0.36846;0.008031;-0.53057;-0.19823;-0.31624;-0.069258;0.13456;-0.020824;-0.14441;-0.16253;0.097018;-0.10008
5.3314;0.12625;0.16998;-0.53607;0.0070443;-0.33528;-0.16153;0.24273;-0.09157;-0.066266;-0.27856;0.022896;-0.05928
5.1327;0.0050203;0.23569;-0.37025;0.19658;-0.40455;-0.28721;0.17119;-0.19836;-0.04749;-0.23019;0.072548;0.043968
5.0807;-0.23038;0.14655;-0.3409;0.24822;-0.54378;-0.21668;0.22217;-0.17941;-0.0097295;-0.22609;0.11226;0.077758
5.2536;-0.38785;0.14977;-0.34597;0.15998;-0.57983;-0.14787;0.28486;-0.28778;-0.015611;-0.18123;0.13795;0.065188
5.2383;-0.37675;0.19213;-0.29436;0.26422;-0.56941;-0.10512;0.32775;-0.27588;-0.12408;-0.27645;0.161;0.11083
5.0595;-0.40096;0.14897;-0.23897;0.31599;-0.59524;-0.03051;0.24148;-0.40797;-0.14609;-0.13813;0.20829;0.071841
5.1448;-0.44958;0.19966;-0.38322;0.20296;-0.6398;0.078285;0.16921;-0.41686;-0.12509;-0.12477;0.26503;0.087042
4.9487;-0.41913;0.17656;-0.21251;0.218;-0.645;-0.080424;0.13266;-0.34976;0.023942;-0.10323;0.15996;0.077798
4.6316;-0.41981;0.092428;-0.26444;0.14593;-0.41106;0.025974;0.012877;-0.22374;-0.060782;-0.2617;0.17866;0.10938
4.3939;-0.36727;-0.030878;-0.041503;0.17524;-0.46761;0.022579;0.025568;-0.25232;-0.13945;-0.24795;0.15438;0.13245
4.4755;-0.37087;0.066248;-0.23202;0.11019;-0.3876;0.14619;-0.014051;-0.33212;-0.088207;-0.11905;0.13968;0.055199
4.6481;-0.40326;0.027321;-0.4847;0.0019051;-0.31169;-0.052676;0.17239;-0.25864;0.031347;-0.049379;0.041632;0.10544
4.6749;-0.52795;0.2343;-0.53755;-0.0061308;-0.23989;-0.1712;0.26257;-0.098106;0.013804;0.010085;0.062268;0.078238
4.6019;-0.57793;0.17272;-0.47952;-0.08822;0.024152;-0.19734;0.10975;-0.072774;-0.026304;0.19507;0.0049971;-0.050408
4.6327;-0.53988;0.14559;-0.4475;-0.12529;0.088602;-0.11904;0.21645;-0.090417;-0.0696;0.15945;-0.071444;-0.058832
4.4787;-0.48113;0.092775;-0.38863;-0.224;-0.017837;-0.13211;0.064153;-0.021796;0.023051;0.085058;-0.070003;-0.026429
4.8709;-0.044663;0.31229;-0.35604;-0.45312;-0.055475;-0.22685;-0.19941;-0.031671;-0.055276;-0.022612;-0.057224;-0.05707
5.3752;0.24737;0.23795;-0.50748;-0.69348;0.011655;-0.080284;-0.18032;0.072734;-0.040005;-0.053569;-0.051617;-0.037641
5.4377;0.27702;0.055698;-0.46127;-0.60101;-0.12597;0.16565;-0.13394;-0.0047726;0.039415;-0.10699;-0.068596;-0.022313
5.6166;0.18709;0.03622;-0.40413;-0.54558;-0.19622;0.054252;-0.00028221;0.0087188;-0.076696;-0.03024;-0.06844;-0.068695
5.6711;0.16023;0.037494;-0.43952;-0.48036;-0.21364;0.0073217;0.011711;0.092065;-0.083334;-0.042378;-0.025849;-0.086021
5.7196;0.2029;-0.15283;-0.24973;-0.3851;-0.45343;0.086148;0.08946;-0.029178;-0.086338;0.025587;-0.053372;-0.11961
5.6858;0.25949;-0.25709;-0.31278;-0.30497;-0.39816;-0.02276;0.035777;0.098712;-0.044716;-0.005376;-0.085328;-0.061907
5.5369;0.39046;-0.31962;-0.3563;-0.30894;-0.29023;-0.14846;0.037477;0.20901;-0.12453;0.019625;-0.047698;-0.061466
5.3811;0.4463;-0.20921;-0.46699;-0.26955;-0.24555;-0.15426;-0.022235;0.19201;-0.043467;-0.044573;-0.036149;-0.045639
5.1473;0.42203;-0.061364;-0.35366;-0.25509;-0.20788;-0.15833;-0.016608;0.084076;-0.11461;0.033592;-0.067605;-0.070737
4.9175;0.39508;0.068644;-0.15998;-0.13637;-0.29381;-0.11855;-0.056571;-0.083501;-0.14153;0.0099257;0.0093202;-0.030841
4.744;0.41962;0.10646;-0.032063;-0.19633;-0.2546;-0.20308;-0.12515;-0.026331;-0.1437;0.020126;0.033525;0.019462
4.7052;0.41937;0.1141;0.037116;-0.27608;-0.30163;-0.13302;-0.16023;-0.028329;-0.060521;-0.018765;-0.012533;0.06535
4.746;0.41712;0.037714;0.014376;-0.22478;-0.32408;-0.17706;-0.18934;-0.068042;0.042042;0.013093;-0.034774;0.028701
4.6955;0.41702;0.046701;-0.064575;-0.21353;-0.27099;-0.168;-0.16517;-0.16017;0.069587;0.052318;-0.049641;0.014898
4.6513;0.42261;0.047167;-0.14119;-0.23654;-0.10836;-0.23682;-0.20541;-0.098252;0.036698;0.062097;-0.074924;0.017113
4.5115;0.39838;0.10498;-0.07349;-0.2112;-0.31559;-0.14136;-0.072095;-0.1692;-0.018662;0.053947;-0.028077;-0.00079808
4.4501;0.31355;0.060276;-0.049608;-0.12652;-0.26426;-0.075381;-0.15238;-0.26872;0.015107;0.088456;-0.0024269;-0.034305
4.3814;0.25477;0.066393;-0.034085;-0.051396;-0.20367;-0.1956;-0.14288;-0.26742;0.007298;0.074595;-0.058103;0.013108
4.8226;0.15522;-0.14723;-0.30918;0.02238;-0.17329;-0.16164;-0.12475;-0.13695;-0.076176;-0.074013;0.018511;-0.0094729
5.0885;0.30943;-0.06313;-0.38954;0.047235;-0.27119;-0.1347;-0.11958;-0.10848;-0.11273;-0.11064;0.066477;-0.0019146
5.3555;0.54809;-0.22016;-0.66024;0.052307;-0.31013;-0.034085;-0.11185;0.01537;-0.0020919;-0.17221;-0.059304;-0.031749
5.4644;0.61983;-0.38184;-0.66808;-0.080328;-0.29711;-0.067257;-0.033924;0.072162;0.022755;-0.1282;-0.072049;-0.035744
5.5851;0.63648;-0.38069;-0.82079;-0.030348;-0.32751;-0.082129;0.011169;0.026227;0.038028;-0.071901;-0.066099;-0.051372
5.6699;0.64006;-0.44552;-0.80471;-0.13536;-0.20698;-0.20352;0.12146;-0.029946;0.068161;-0.036186;-0.09188;-0.025435
5.6599;0.70541;-0.55246;-0.71427;-0.15561;-0.19536;-0.1957;0.085802;-0.039953;0.08988;-0.063075;-0.08086;-0.014161
5.7203;0.67326;-0.57361;-0.72507;-0.063634;-0.25418;-0.19127;0.048118;-0.057139;0.10509;-0.061249;-0.079678;-0.00087752
5.8212;0.60875;-0.62767;-0.69083;-0.0212;-0.28465;-0.23568;0.029632;-0.058921;0.13696;-0.064557;-0.077926;0.013793
5.8508;0.57263;-0.62855;-0.67098;0.061457;-0.38197;-0.21207;-0.084934;-0.017932;0.12722;-0.059266;-0.065241;0.026349
5.7925;0.59967;-0.56193;-0.62955;0.053978;-0.42552;-0.22062;-0.097078;0.021278;0.10065;-0.065719;-0.063325;0.038527
5.817;0.59836;-0.47723;-0.62766;0.055622;-0.45773;-0.31697;-0.034136;-0.0047271;0.18517;-0.069027;-0.038733;0.011312
5.8913;0.54043;-0.44221;-0.66951;0.032617;-0.48807;-0.38802;0.0087422;0.0047461;0.23026;-0.058718;-0.045184;-0.0037101
5.8844;0.51909;-0.45563;-0.69865;0.0068787;-0.49006;-0.41396;0.043532;-0.011357;0.24788;-0.052333;-0.034421;-0.001436
5.9284;0.48008;-0.42939;-0.69288;0.0076105;-0.47449;-0.42557;0.013428;0.01584;0.23811;-0.042051;-0.029951;-0.01207
5.9189;0.45721;-0.38255;-0.72533;0.051533;-0.49267;-0.40532;0.011277;0.020485;0.24294;-0.045957;-0.035438;-0.011092
5.8829;0.44192;-0.32289;-0.81878;0.11034;-0.53412;-0.34927;0.041519;-0.029615;0.2771;-0.071849;0.011889;-0.0059123
5.7606;0.43365;-0.14093;-0.98591;0.077629;-0.48073;-0.2953;0.13008;-0.12725;0.24197;-0.053766;0.06261;0.021669
5.7284;0.48352;-0.23642;-0.89894;0.062211;-0.43815;-0.2076;0.042493;-0.06865;0.15204;-0.08686;0.055571;0.022182
5.6742;0.57749;-0.4646;-0.69829;0.0040822;-0.37591;-0.13466;0.044162;-0.0030373;0.039428;-0.15562;-0.011979;0.031794
5.7102;0.54357;-0.40214;-0.72965;-0.03476;-0.36417;-0.095262;0.054137;0.06504;0.0053126;-0.22808;0.0062974;-0.0019375
5.5888;0.56741;-0.32987;-0.74529;-0.11069;-0.3135;-0.13188;0.073345;0.063877;0.014008;-0.18798;0.00058356;-0.012094
5.321;0.56943;-0.1924;-0.76696;-0.23591;-0.21818;-0.16799;0.12789;0.022934;-0.017361;-0.12315;0.0048232;-0.028921
4.8683;0.54739;-0.10299;-0.63444;-0.26449;-0.15922;-0.11666;0.059035;0.072115;0.0021487;-0.12925;-0.018422;-0.041199
4.6499;0.42626;-0.15099;-0.36365;-0.06215;-0.14745;-0.076198;-0.10989;0.012215;-0.012412;-0.1825;-0.15812;0.0092616
4.473;0.25897;-0.24506;-0.34888;-0.15039;-0.1869;-0.17241;-0.11772;0.030239;0.089564;-0.093952;-0.18255;-0.021046
4.4091;0.25036;-0.048993;-0.17149;-0.16906;-0.19395;-0.05322;-0.15773;0.013026;-0.014746;-0.22991;-0.089309;0.065028
4.2274;0.16906;-0.0087934;-0.040277;-0.14114;-0.097798;-0.16815;-0.23356;-0.074693;0.032972;-0.14426;-0.11584;0.11562
4.1402;0.06261;-0.16192;-0.21853;0.011839;-0.029327;-0.16711;-0.25298;-0.15738;-0.084312;-0.035276;-0.086693;-0.004767
4.8815;-0.085598;-0.62891;-0.21046;0.32469;-0.3455;-0.11835;-0.11541;0.020232;-0.16878;-0.099389;-0.017037;-0.0503
5.3729;-0.090852;-0.78539;-0.4649;-0.0079207;-0.61506;-0.016321;0.0078972;0.23857;-0.0057038;-0.032402;-0.023609;-0.11124
5.1878;-0.040868;-0.69632;-0.47308;-0.14752;-0.57055;0.097813;0.053726;0.23127;-0.044898;0.017318;-0.042116;-0.12521
4.653;-0.12586;-0.5878;-0.26392;-0.05215;-0.29571;-0.030737;-0.12446;0.1601;-0.011654;0.04446;-0.084634;-0.21068
4.4448;-0.14487;-0.64035;-0.16578;-0.061978;-0.19601;0.06721;0.0052665;0.010353;-0.17607;-0.063484;0.00012463;-0.084343
4.5066;0.038661;-0.38914;-0.034965;0.083313;-0.13695;-0.21451;-0.2761;-0.024245;-0.15036;-0.016871;-0.058801;-0.10302
4.7227;0.2503;-0.17577;0.00018492;-0.067275;-0.25834;-0.16063;-0.18132;-0.15159;-0.20413;0.088972;0.00027932;-0.036065
4.7178;0.36034;-0.065222;-0.045331;-0.059083;-0.17412;-0.19456;-0.24901;-0.12023;-0.10335;0.037954;-0.029432;-0.0079089
4.6747;0.38061;0.16014;-0.10553;-0.073358;-0.37169;-0.17044;-0.16464;-0.047481;-0.09192;-0.042417;0.025934;-0.032059
4.7091;0.47535;0.023605;-0.11611;-0.10796;-0.29908;-0.23466;-0.11265;-0.075187;-0.055294;0.038898;-0.091837;0.012467
4.6419;0.54214;0.1252;-0.28386;-0.19945;-0.12086;-0.23243;-0.13621;-0.099295;-0.038031;0.00032657;-0.050384;0.058933
4.6622;0.54979;0.06274;-0.25161;-0.16383;-0.16446;-0.18737;-0.22414;0.0037154;-0.08557;-0.040502;0.042709;0.024515
4.5944;0.51589;0.083327;-0.18872;-0.18823;-0.24032;-0.16477;-0.20907;0.00388;-0.057357;-0.066198;0.044195;0.026585
4.6247;0.34609;0.17957;-0.11908;-0.19247;-0.32528;-0.15561;-0.11379;-0.016363;-0.059937;-0.087915;0.068251;0.031672
5.3698;0.025351;0.056775;-0.33041;-0.097598;-0.30756;0.08868;-0.18354;-0.25195;0.1122;-0.15578;0.081261;0.10757
5.6057;-0.013828;-0.022961;-0.34727;-0.19385;-0.35213;0.19581;-0.13363;-0.25311;0.16411;-0.17352;-0.059022;0.02619
5.6199;0.247;-0.15484;-0.40551;-0.36606;-0.40876;0.30257;-0.09589;-0.085412;0.07818;-0.14802;-0.077142;-0.020392
5.7156;0.21989;-0.12345;-0.36749;-0.42436;-0.29443;0.25553;-0.076015;-0.10675;0.07574;-0.098498;-0.10757;-0.00083305
5.7391;0.20365;-0.12106;-0.38729;-0.30194;-0.2024;0.1309;-0.065972;-0.10932;0.029968;-0.11638;-0.079808;0.034826
5.8203;0.17035;-0.2166;-0.25663;-0.33354;-0.20432;0.16014;-0.010238;-0.25652;0.0041222;-0.012824;-0.15254;0.097155
5.95;0.080617;-0.12;-0.41171;-0.26186;-0.11506;0.083072;0.031424;-0.32448;0.015233;0.033013;-0.20206;0.14405
6.1338;0.026179;-0.19308;-0.40247;-0.21518;-0.17104;0.0021947;0.15005;-0.29726;-0.029715;0.092539;-0.19234;0.068183
5.9929;0.15058;-0.31152;-0.33072;-0.26661;-0.28888;0.067771;0.14299;-0.21544;-0.060215;0.066269;-0.102;0.0070508
5.8094;0.27437;-0.30052;-0.44328;-0.21415;-0.23848;-0.061762;0.11978;-0.072797;-0.037296;-0.0021426;-0.094493;0.048087
5.5913;0.37926;-0.34312;-0.46259;-0.11833;-0.28242;-0.13587;0.10828;0.039285;-0.058424;-0.038728;-0.033566;-0.020003
5.4283;0.38611;-0.24789;-0.43439;-0.20489;-0.2192;-0.12072;-0.082937;0.10906;0.037307;-0.059516;-0.097337;-0.017852
5.3389;0.42733;-0.21695;-0.43969;-0.19853;-0.17033;-0.21358;0.011414;0.045493;0.023777;-0.041068;-0.11566;-0.0027438
5.3093;0.45413;-0.17988;-0.43556;-0.20996;-0.21164;-0.16753;0.023172;0.026841;0.015052;-0.03898;-0.10048;-0.0098115
5.2923;0.48796;-0.20749;-0.4688;-0.19056;-0.30443;-0.041668;-0.035158;0.030339;-0.010048;-0.035471;-0.071032;-0.05406
5.3546;0.51392;-0.31048;-0.46109;-0.19963;-0.34111;-0.14203;0.058374;0.052148;-0.027743;0.0043498;-0.098021;-0.039113
5.4619;0.51466;-0.36658;-0.44641;-0.20255;-0.46826;-0.076693;0.13497;0.078073;-0.092231;-0.063461;0.023623;-0.036785
5.5991;0.49124;-0.34986;-0.47029;-0.25236;-0.51856;0.021542;0.096533;0.024247;-0.081524;-0.038055;-0.0066353;-0.022408
5.7187;0.42913;-0.30574;-0.38679;-0.47064;-0.40407;0.11126;0.0071375;-0.053624;-0.033385;0.053787;-0.12142;0.021021
5.8794;0.29048;-0.087633;-0.48301;-0.63422;-0.17008;0.0094783;-0.045214;-0.036103;-0.0851;0.14674;-0.17525;0.038562
5.8833;0.2485;0.081987;-0.60576;-0.61872;-0.066652;-0.14866;-0.035366;0.024117;-0.13082;0.11742;-0.089507;0.064398
5.875;0.18888;0.23017;-0.64737;-0.57076;-0.053101;-0.24268;-0.032675;0.063259;-0.18517;0.13337;-0.010479;0.034705
5.7804;0.20709;0.30725;-0.69061;-0.54471;-0.020856;-0.24494;-0.18954;0.21229;-0.16584;0.049992;0.084352;-0.028482
5.7852;0.19689;0.31745;-0.72833;-0.50652;-0.078509;-0.2547;-0.1652;0.15099;-0.090025;0.052463;0.049975;-0.013046
5.6989;0.17951;0.40995;-0.80258;-0.48016;-0.13541;-0.23519;-0.22744;0.21017;-0.076144;-0.0036183;0.13286;-0.080426
5.3394;0.25639;0.29277;-0.62919;-0.36731;-0.17088;-0.24208;-0.17463;0.19379;-0.13479;-0.031278;0.11496;-0.071717
4.9455;0.25027;0.14121;-0.31467;-0.36491;-0.10027;-0.33194;-0.28089;0.18757;-0.04551;-0.038938;-0.0068549;-0.019443
4.7366;0.21247;0.14318;-0.3219;-0.44249;-0.082823;-0.33998;-0.23126;0.069578;-0.023928;0.02514;-0.042802;-0.026334
4.4732;0.15515;0.061448;-0.2841;-0.14836;-0.12597;-0.36393;-0.28564;0.024468;-0.07316;0.033634;-0.0072532;-0.11623
4.2472;0.08546;-0.011454;-0.30812;-0.2013;-0.043303;-0.31536;-0.24263;0.027674;-0.045382;-0.0055186;0.030635;-0.0056286
4.1497;0.089989;-0.11273;-0.28152;-0.12605;-0.11847;-0.27814;-0.36791;0.032527;0.0967;0.017857;0.030177;-0.00061232
4.1875;0.021081;-0.13688;-0.23686;-0.21512;-0.11214;-0.20826;-0.39571;0.090626;0.11079;0.034997;0.058262;-0.030242
4.0722;-0.049996;-0.17815;-0.23988;-0.20395;-0.059449;-0.11771;-0.30531;0.062812;0.087872;0.12779;0.11527;-0.010004
3.9229;-0.27127;-0.24094;-0.20658;-0.1146;0.2045;-0.07954;-0.30156;0.034339;0.092614;0.085847;0.050879;-0.0095603
4.6459;-0.52683;-0.26865;-0.070723;-0.18563;0.15844;0.012309;-0.17585;-0.10094;0.073808;0.1665;0.011305;-0.030793
4.5801;-0.30272;-0.084535;0.013316;-0.32811;0.023636;-0.12663;-0.24259;-0.11539;-0.045284;0.072497;-0.025445;0.051754
5.0687;0.12519;0.29589;-0.2037;-0.62943;-0.10691;-0.24039;-0.2173;0.089307;-0.17602;-0.040731;-0.0098065;-0.013049
5.4916;0.10254;0.46233;-0.44272;-0.74908;-0.079965;-0.053371;-0.30056;0.13517;-0.027589;-0.034501;0.081968;-0.053934
5.5235;0.048086;0.55157;-0.56597;-0.74089;-0.032245;-0.06522;-0.32562;0.11385;0.006329;-0.048038;0.13081;-0.010429
5.4917;0.10934;0.55572;-0.57736;-0.5588;-0.13083;-0.099742;-0.20771;0.043548;0.0022792;-0.078569;0.123;-0.010632
5.3248;0.074024;0.5793;-0.50597;-0.53382;-0.06827;-0.084406;-0.20115;0.025669;0.042689;-0.15936;0.12278;-0.010659
5.0585;0.018683;0.63303;-0.34356;-0.40185;-0.085853;-0.048671;-0.20133;-0.10191;-0.041488;-0.13212;0.061017;-0.032261
4.7035;0.050546;0.54232;-0.22594;-0.29406;-0.14642;-0.22688;-0.21978;-0.06634;0.069325;-0.1032;0.057686;-0.020104
4.4963;0.068796;0.26386;-0.16659;-0.40045;-0.14875;-0.26731;-0.2395;0.048653;-0.050332;0.042559;0.079159;-0.083038
4.313;0.15716;0.29413;-0.10501;-0.15854;-0.11858;-0.15134;-0.2192;-0.17078;-0.015475;-0.020073;-0.010022;0.0045874
4.1005;0.080936;0.27262;-0.073926;-0.2168;-0.10924;-0.11914;-0.15272;-0.14997;-0.15162;-0.014263;0.057925;-0.004107
3.9246;-0.12962;-0.0096585;-0.16862;-0.20313;-0.06821;-0.029383;-0.26801;-0.12175;-0.16137;-0.076807;0.013449;0.020601
3.9613;-0.2349;0.19251;-0.17906;0.0092941;-0.2529;-0.035416;-0.14354;-0.21097;-0.083935;-0.10426;0.1074;-0.031374
4.0448;-0.45239;0.40461;-0.41742;0.17066;-0.032103;-0.12379;-0.13717;-0.16566;0.098427;-0.1693;0.068376;0.040476
3.9546;-0.62257;0.32804;-0.46124;0.23435;-0.068193;-0.16241;-0.089694;-0.19461;0.16302;-0.12683;0.0013664;0.016894
4.3487;-0.84543;0.50206;-0.53014;0.1062;0.044771;-0.2065;0.070063;-0.089456;0.12241;0.063239;0.08386;0.0088864
4.4603;-1.0264;0.44912;-0.6012;-0.0019401;0.14042;-0.33123;-0.10386;-0.19674;0.0093057;0.1732;0.10476;0.019145
4.5185;-1.2059;0.54795;-0.58103;-0.17537;0.27133;-0.068111;0.016208;-0.25526;-0.10797;-0.057563;-0.021133;0.08339
4.6502;-1.316;0.56539;-0.47817;-0.29839;0.078954;-0.34567;-0.028609;-0.080396;-0.11413;-0.10487;0.0011418;0.094682
4.6605;-1.3732;0.45476;-0.53441;-0.26396;0.075767;-0.15866;0.11903;0.033383;-0.01996;-0.23068;-0.17211;0.12634
4.7464;-1.3189;0.44338;-0.56498;-0.35797;0.297;-0.15558;-0.0081683;-0.094397;-0.10649;-0.19128;-0.27316;0.19883
4.6899;-1.1539;0.31824;-0.3578;-0.61858;0.097911;-0.035269;-0.18135;-0.0016601;0.15646;-0.20223;-0.19086;0.15712
4.6002;-0.86193;0.26055;-0.26888;-0.50549;0.046368;0.12332;-0.19781;-0.12279;-0.039646;-0.21017;0.019784;0.13503
5.3778;-0.22292;0.33436;-0.30936;-0.61507;-0.07121;-0.089836;-0.13381;-0.14789;0.007629;-0.029936;-0.086448;0.089562
6.1118;-0.16218;0.1781;-0.50158;-0.61452;-0.084241;0.058016;-0.11622;0.012468;0.067054;-0.11485;-0.10064;0.065347
6.2747;-0.19649;0.098405;-0.49268;-0.5616;-0.048605;0.076625;-0.12646;-0.054998;0.062216;-0.062522;-0.12419;0.059858
6.2532;-0.094537;-0.048206;-0.51326;-0.48105;-0.017034;0.16065;-0.1775;-0.095905;0.063317;-0.11924;-0.084733;0.10493
6.2131;-0.0023814;-0.15459;-0.47797;-0.49267;-0.0049027;0.13102;-0.16509;-0.072968;0.03278;-0.071175;-0.077237;0.082985
6.2344;-0.029547;-0.11188;-0.52676;-0.43735;0.00039618;0.10767;-0.086659;-0.1679;0.049227;0.013646;-0.15931;0.11355
6.1801;-0.0082597;-0.21375;-0.39774;-0.41449;-0.03754;0.17057;-0.18907;-0.15802;0.039871;0.0028509;-0.11746;0.056491
6.2782;-0.065213;-0.24197;-0.31073;-0.44405;-0.0056994;0.18593;-0.23181;-0.18835;0.071378;-0.00031492;-0.11593;0.066704
6.2811;-0.054508;-0.23743;-0.28324;-0.39812;-0.016316;0.22449;-0.28838;-0.18538;0.066364;-0.021872;-0.11858;0.087223
6.1918;0.018928;-0.24966;-0.28921;-0.37685;-0.035129;0.18674;-0.25639;-0.15257;0.00080236;-0.0073005;-0.064061;0.04487
6.1528;0.0074698;-0.20582;-0.31695;-0.32241;-0.13161;0.27257;-0.27622;-0.19359;0.016102;0.010071;-0.066462;0.01742
6.0438;0.027972;-0.15611;-0.30394;-0.35877;-0.071107;0.20354;-0.2246;-0.1364;-0.034318;0.0059529;-0.091861;0.015329
6.0753;-0.024915;-0.1567;-0.17657;-0.43787;-0.0089667;0.16092;-0.25584;-0.1528;-0.014459;0.0031322;-0.079809;0.075397
6.0242;0.0024634;-0.079919;-0.30576;-0.40883;-0.092533;0.23265;-0.22878;-0.076096;-0.01852;-0.066257;-0.046614;0.0024874
5.946;0.0024868;-0.023288;-0.2392;-0.47052;-0.10342;0.18615;-0.23511;-0.066317;0.0035986;-0.08818;-0.053377;0.026255
5.7954;0.044342;0.020225;-0.2824;-0.43089;-0.19629;0.27584;-0.20752;-0.0424;-0.018939;-0.12165;-0.030815;0.020132
5.6298;0.12973;-0.0032027;-0.24731;-0.35229;-0.17628;0.19152;-0.19932;-0.086221;-0.047257;-0.061707;-0.080457;0.020485
5.6174;0.10495;0.013255;-0.10515;-0.45959;-0.027202;0.094078;-0.30256;-0.0080639;-0.0066543;-0.053645;-0.15303;0.030039
5.5738;0.12206;-0.0098322;-0.15254;-0.35536;-0.09504;0.13;-0.32999;-0.0033984;0.070359;-0.093179;-0.16732;0.01116
5.5155;0.10249;0.00026265;-0.05445;-0.36876;-0.1272;0.20402;-0.39446;-0.058291;0.11434;-0.092792;-0.21529;0.03545
5.4611;0.1274;-0.06401;0.069633;-0.45154;-0.014121;0.082857;-0.38412;-0.051377;0.13282;-0.063645;-0.26922;0.069395
5.4471;0.14812;-0.04063;0.049797;-0.47109;0.0049583;0.098566;-0.34465;-0.060768;0.055425;-0.066667;-0.22706;0.10481
5.3713;0.18038;-0.034997;-0.063049;-0.37477;-0.017904;0.17245;-0.39234;-0.14105;0.10217;-0.066292;-0.16278;0.070556
5.1399;0.28524;-0.083724;-0.17198;-0.18868;0.053003;0.061144;-0.38023;-0.19051;0.047744;-0.060834;-0.05641;0.052343
4.8929;0.25933;-0.082114;-0.052274;-0.070965;0.025446;-0.063056;-0.43433;-0.1562;-0.02576;-0.066914;0.089793;0.021817
4.6205;0.18495;0.014504;0.034923;-0.16256;-0.018364;-0.084109;-0.28735;-0.211;-0.107;0.030608;0.039408;0.04995
4.4434;0.064313;0.02249;0.09375;-0.171;-0.11199;0.10055;-0.30547;-0.268;-0.024357;-0.030877;-0.0050182;0.11435
4.1721;-0.0094568;-0.041783;0.1049;-0.06155;-0.14371;0.020065;-0.22753;-0.19638;-0.069142;-0.051224;0.010553;0.082041
3.9267;-0.14253;-0.1448;0.031525;-0.11295;-0.13429;0.089486;-0.093737;-0.16295;-0.09109;-0.12179;-0.069993;0.064689
3.8599;-0.23194;-0.24765;0.045974;-0.27515;-0.13329;0.24932;-0.32293;-0.23544;0.077141;-0.022305;-0.18207;0.0033096
3.6948;-0.2035;-0.1952;-0.082304;-0.15391;-0.1056;0.034172;-0.22062;0.018607;0.068381;0.056467;0.0069635;-0.034046
3.6467;-0.22594;-0.2469;-0.11489;-0.057056;-0.090293;0.080026;-0.069735;-0.042602;-0.14829;-0.087498;0.01561;-0.0019928
3.5866;-0.26166;-0.31064;-0.11832;-0.1276;-0.084347;0.027006;-0.098148;-0.041646;-0.063549;-0.023021;0.029837;-0.011722
3.6613;-0.28834;-0.26532;-0.054142;-0.18267;-0.062;0.04203;-0.25669;-0.11793;0.028411;-0.049178;-0.017614;0.046581
3.6009;-0.27533;-0.14356;-0.050242;-0.16556;0.079764;-0.0092677;-0.34365;-0.075613;0.025376;-0.073838;0.04283;0.064016
3.5911;-0.36943;-0.2212;-0.13826;-0.32088;0.066289;0.095922;-0.25958;-0.21381;-0.037627;-0.058637;0.0093429;0.11186
3.4833;-0.42024;-0.20705;-0.030047;-0.31048;-0.13936;0.0063626;-0.11819;-0.026299;0.14582;-0.011475;-0.062841;0.050144
3.3567;-0.48869;-0.37315;-0.17642;-0.26187;-0.1313;-0.097955;-0.24406;-0.026666;0.10223;0.083119;-0.032054;-0.014373
3.4569;-0.38397;-0.26584;-0.099897;-0.1246;7.1614e-005;0.10366;-0.027743;0.075493;-0.050719;-0.12808;0.043529;0.047106
3.5133;-0.3614;-0.28364;-0.12741;-0.16514;-0.12051;-0.063561;-0.285;-0.12408;-0.053796;-0.1563;0.12183;0.095745
3.434;-0.38658;-0.21452;-0.020591;-0.082962;-0.053945;0.043892;-0.22362;-0.14013;0.0013356;-0.02377;0.078087;0.056656
3.5033;-0.4257;-0.33503;-0.12059;-0.086268;-0.0024004;0.079545;-0.18387;-0.094156;0.075719;-0.03685;0.064121;0.010017
3.416;-0.37974;-0.18282;-0.045291;-0.28391;-0.28369;0.039387;-0.12755;-0.12631;0.045502;-0.036746;-0.11442;0.056976
3.464;-0.42846;-0.2167;-0.15954;-0.21304;-0.22591;-0.11438;-0.12882;-0.14408;-0.063115;-0.038352;-0.034817;0.055363
3.3982;-0.43526;-0.25347;-0.16919;-0.22635;-0.19176;-0.053426;-0.1915;-0.15482;0.1907;0.1422;-0.0099655;0.0089295
3.3328;-0.44967;-0.36215;-0.18707;-0.18789;-0.14307;-0.010733;-0.13233;-0.093861;0.13925;-0.013496;-0.053816;0.020311
3.4281;-0.34177;-0.30031;-0.17983;-0.18737;-0.10703;-0.1056;-0.19842;-0.11743;0.047478;0.046785;0.12507;0.082214
3.3792;-0.3536;-0.29102;-0.077247;-0.050428;-0.1613;0.064201;0.075367;-0.13245;-0.10985;-0.011161;0.13364;0.051048
3.5177;-0.33472;-0.15591;0.03731;-0.02061;-0.17431;0.022601;-0.06544;-0.1534;-0.036828;0.19947;0.11449;-0.073763
3.5023;-0.34801;-0.20426;-0.020897;-0.068239;-0.11534;-0.021418;-0.026947;-0.11291;0.025567;0.072814;0.0090115;-0.036663
3.4399;-0.37327;-0.34606;-0.085345;-0.024242;-0.069432;-0.20854;-0.29323;-0.015715;0.11495;0.042901;-0.13387;-0.013443
3.3202;-0.40575;-0.20615;-0.23149;-0.11582;-0.0089183;-0.011894;0.024326;-0.033316;-0.029078;-0.019706;-0.058034;-0.00025743
3.4063;-0.3622;-0.30884;-0.28923;-0.12301;-0.19629;-0.050019;-0.10929;-0.1655;0.00177;0.10334;0.10826;0.0049978
3.468;-0.3363;-0.33868;-0.18072;-0.20216;-0.2443;-0.1263;-0.088924;-0.094532;-0.10698;0.079658;0.069519;-0.09453
3.5099;-0.41993;-0.28934;-0.090913;-0.16396;-0.15236;-0.17049;0.0059897;-0.018073;-0.15903;0.091749;0.072032;-0.095969
3.466;-0.41996;-0.29428;-0.2405;-0.12449;0.047516;-0.08773;-0.22086;0.007167;-0.082646;0.15219;0.121;-0.14469
3.3764;-0.43705;-0.13187;-0.1291;-0.19589;-0.17895;0.053605;-0.21061;-0.053423;-0.065508;0.020425;0.075014;-0.027675
3.3663;-0.41825;-0.18272;-0.051405;-0.16927;-0.060663;-0.023146;-0.11267;0.050627;0.0033545;-0.016497;0.051352;-0.0037349
3.3407;-0.3985;-0.24487;-0.25453;-0.1854;-0.20861;-0.076893;-0.04418;-0.017768;-0.14921;0.032918;0.045803;-0.044416
3.3607;-0.36293;-0.23612;-0.20165;-0.23819;-0.083722;-0.034459;-0.10327;-0.032485;-0.059348;0.025951;0.066324;0.0031303
3.4496;-0.40146;-0.2954;-0.24093;-0.34818;-0.054002;0.11412;-0.21821;-0.081329;0.046436;-0.092967;-0.017111;0.070268
3.462;-0.40277;-0.38615;-0.10182;-0.22232;-0.041257;0.033745;-0.37346;-0.021892;0.11061;-0.036836;-0.023434;0.046729
3.4438;-0.38417;-0.37158;-0.21644;-0.19105;-0.11525;0.10981;-0.20585;-0.1372;-0.051764;-0.10256;-0.03259;0.073636
3.3685;-0.41936;-0.406;-0.28529;-0.1025;-0.072594;0.0097832;-0.20374;-0.15897;-0.042298;0.017969;0.050776;0.0050391
3.4648;-0.37426;-0.28159;-0.12233;-0.32766;-0.17667;0.06196;-0.21129;-0.22352;-0.079761;-0.0088461;0.04421;0.086582
3.3817;-0.41185;-0.35349;-0.22003;-0.26606;-0.034979;0.075359;-0.23408;-0.1696;-0.0030041;-0.069439;-0.075477;0.0099084
3.3173;-0.45741;-0.3365;-0.13957;-0.29142;-0.13324;-0.10331;-0.31644;-0.090053;-0.057306;-0.00058571;0.04729;-0.014694
3.3722;-0.39561;-0.21817;-0.20653;-0.16924;-0.13283;-0.030299;-0.26518;-0.11446;-0.091314;0.016197;0.083201;-0.048359
3.3867;-0.36903;-0.22061;-0.10152;-0.15456;-0.20045;-0.071669;-0.093728;-0.18785;-0.073393;0.021425;0.14442;-0.029829
3.405;-0.39294;-0.37765;-0.20498;0.0037794;-0.12359;-0.12949;-0.23245;-0.27374;-0.065776;0.11929;0.1693;-0.018215
3.3963;-0.33814;-0.26393;-0.21508;-0.10154;-0.032931;-0.1377;-0.25554;-0.19003;-0.051909;0.072374;0.083507;-0.046525
3.3136;-0.35603;-0.13398;-0.16427;-0.14239;-0.16916;-0.099064;-0.12091;-0.10379;-0.06699;-0.063652;0.012916;-0.011721
3.4718;-0.25864;-0.31717;-0.33675;-0.13255;-0.17286;-0.34063;-0.2534;-0.15654;-0.011178;0.11444;0.078735;0.034255
3.5391;-0.22567;-0.31995;-0.31686;-0.13169;-0.20797;-0.41473;-0.30909;-0.10566;-0.087905;0.048676;0.046144;0.047077
3.3043;-0.40842;-0.41409;-0.29708;-0.05354;-0.21705;-0.29258;-0.18692;-0.0040966;0.056315;-0.047564;0.020616;0.060237
3.337;-0.33255;-0.27497;-0.23094;-0.13284;-0.19115;-0.19721;-0.17683;-0.069511;-0.10359;-0.089118;0.08571;0.11351
3.3756;-0.41959;-0.35199;-0.14536;-0.1256;-0.11229;-0.23005;-0.29534;0.03255;0.11677;-0.038199;0.1047;0.062415
3.4005;-0.35073;-0.40238;-0.21884;-0.18065;-0.10452;-0.19496;-0.23899;-0.026065;-0.013779;-0.071689;0.043347;0.076111
3.3839;-0.33986;-0.36414;-0.25584;-0.097781;0.033387;-0.068119;-0.26905;-0.17784;-0.089911;-0.075988;0.077046;0.093412
3.4238;-0.39665;-0.25874;-0.40379;-0.13315;0.070906;0.033637;-0.16509;-0.15115;-0.087397;-0.085818;0.047741;0.10524
3.4049;-0.40824;-0.25868;-0.2823;-0.26385;0.024433;0.029671;-0.2153;-0.090489;-0.025493;-0.07044;0.046836;0.16159
3.3926;-0.4093;-0.36364;-0.25087;-0.18825;-0.074507;0.014043;-0.15474;-0.083731;0.07143;0.039874;0.048604;0.017234
3.3339;-0.36327;-0.24742;-0.13646;-0.054376;-0.093837;-0.13671;-0.036658;0.0022783;-0.020285;-0.028589;-0.076515;0.010216
3.3542;-0.44684;-0.40054;-0.25851;-0.098811;-0.1744;-0.30212;0.015898;0.17558;0.032913;0.017403;-0.0057404;-0.035977
3.3204;-0.44797;-0.36076;-0.21185;-0.22104;-0.12879;-0.24331;-0.12594;0.17178;-0.068655;-0.023489;0.0085218;-0.018072
3.3856;-0.48521;-0.41059;-0.13628;-0.11557;-0.063435;-0.2784;-0.1254;0.23869;-0.0031267;-0.02255;0.024254;-0.071922
3.3356;-0.44134;-0.23522;-0.098128;-0.15914;-0.15546;-0.29919;-0.14095;-0.073094;-0.090486;-0.011349;0.042058;0.0086186
3.4202;-0.34695;-0.18336;-0.10001;-0.22811;-0.33301;-0.33985;-0.17921;-0.18026;-0.040968;0.037768;-0.03643;0.11149
3.3007;-0.44882;-0.17079;-0.19401;-0.10609;-0.34772;-0.23187;-0.11654;-0.076011;-0.031889;0.019335;-0.0045527;0.068548
3.463;-0.36091;-0.24106;-0.27901;-0.16486;-0.17177;-0.24543;-0.17838;-0.082446;0.01817;-0.0042079;0.095892;0.079964
3.3364;-0.37822;-0.35597;-0.26635;-0.18267;-0.21519;-0.15936;-0.16897;-0.20057;-0.055133;0.15223;0.10088;0.0088117
3.3731;-0.35172;-0.25868;-0.30461;-0.16624;-0.11897;-0.27649;-0.22585;-0.24348;-0.15511;0.065159;0.14754;0.06829
3.2259;-0.41498;-0.2584;-0.19902;-0.24471;-0.15076;-0.10145;-0.2306;-0.21336;-0.13425;-0.014547;0.062078;0.024701
3.3574;-0.37864;-0.29064;-0.26662;-0.26197;-0.080043;0.12514;-0.11565;-0.15577;0.0047271;0.048639;0.13443;0.045036
3.2541;-0.35432;-0.2754;-0.18712;-0.23602;-0.21071;-0.020029;-0.24927;-0.15104;-0.024616;-0.00058701;0.035025;0.029241
3.3078;-0.28812;-0.21706;-0.10456;-0.093175;-0.079698;-0.14081;-0.23573;-0.1551;0.054413;0.048077;0.0046981;0.0010581
3.3086;-0.37867;-0.33043;-0.20566;-0.043128;-0.07021;-0.25358;-0.3743;-0.149;0.10565;0.11268;0.042964;0.030501
3.3307;-0.33864;-0.25845;-0.1244;-0.12688;-0.18887;-0.18013;-0.24971;-0.074681;0.1228;-0.017536;-0.12059;-0.022193
3.5168;-0.26098;-0.29305;-0.10757;-0.16689;-0.24038;-0.25089;-0.4857;-0.16446;0.089183;0.05753;-0.0036242;0.032452
3.4649;-0.34792;-0.36166;-0.16285;-0.10688;-0.173;-0.10706;-0.35098;-0.23557;0.087192;0.031356;0.0028896;0.006609
3.3351;-0.47596;-0.34275;-0.1108;-0.28942;-0.13042;0.0021116;-0.17912;-0.15849;0.0474;0.018104;-0.10244;-0.02424
3.3392;-0.40609;-0.2922;-0.035677;-0.26209;-0.17366;-0.074567;-0.095448;-0.13949;-0.10396;0.18004;0.13246;0.0012852
3.2784;-0.42983;-0.19675;-0.020369;-0.19709;-0.19659;-0.1484;-0.12867;-0.15691;-0.11851;0.056274;0.031704;0.032431
3.3502;-0.36521;-0.19138;-0.1086;-0.18461;-0.15938;-0.25154;-0.22546;-0.042029;0.070793;0.0086471;-0.036418;0.030829
3.3056;-0.43496;-0.27652;-0.19659;-0.12126;-0.23118;-0.030787;-0.17095;-0.038903;0.071504;-0.020593;-0.041019;0.020888
3.2279;-0.49703;-0.19779;-0.20536;-0.063346;-0.21999;0.055363;-0.18518;-0.15986;-0.063265;-0.025642;0.06468;0.014051
