1.7492;-0.54225;-0.23481;-0.26665;-0.177;-0.15732;-0.10544;-0.076858;-0.054723;-0.032522;-0.0056295;0.02072;0.012425
1.8266;-0.50371;-0.22974;-0.25649;-0.12926;-0.13721;-0.15448;-0.12002;-0.047036;-0.027077;-0.01083;0.027483;0.023766
2.6868;-0.34798;-0.26624;-0.086677;0.062828;-0.027305;-0.22655;-0.2495;0.00042162;0.01764;-0.062104;0.15145;-0.014982
2.0409;-0.41502;-0.19657;-0.14259;0.022464;-0.040296;-0.13836;-0.14694;-0.049939;-0.035923;-0.056532;0.025246;-0.007016
1.7454;-0.54625;-0.24043;-0.27974;-0.18861;-0.1561;-0.10466;-0.07543;-0.047669;-0.026516;-0.0061601;0.019081;0.018649
1.7514;-0.55403;-0.24495;-0.28075;-0.18777;-0.17134;-0.1;-0.066471;-0.043939;-0.026526;-0.013688;0.013445;0.023001
1.7516;-0.54703;-0.24597;-0.29038;-0.1851;-0.16285;-0.11055;-0.079573;-0.048197;-0.019226;-0.003262;0.02572;0.015435
1.7441;-0.54611;-0.23517;-0.27033;-0.17642;-0.15549;-0.10721;-0.076121;-0.051004;-0.020513;-0.0098509;0.014648;0.01781
1.7522;-0.54345;-0.24875;-0.27531;-0.18455;-0.15953;-0.10699;-0.087019;-0.052716;-0.021273;-0.020567;0.0082384;0.0221
1.7421;-0.54873;-0.23963;-0.27411;-0.18101;-0.15658;-0.10828;-0.07986;-0.049453;-0.020905;-0.005383;0.015334;0.017795
1.7404;-0.54941;-0.24648;-0.28382;-0.19255;-0.15542;-0.103;-0.075672;-0.048152;-0.024358;-0.0081544;0.01364;0.016957
1.7397;-0.54736;-0.23827;-0.27652;-0.18451;-0.162;-0.10403;-0.079841;-0.049496;-0.019919;-0.0042876;0.017541;0.015031
1.7481;-0.54362;-0.24026;-0.26785;-0.1841;-0.15989;-0.11372;-0.087661;-0.053092;-0.033297;-0.0091248;0.015648;0.015346
1.7515;-0.54703;-0.23659;-0.2842;-0.18928;-0.1646;-0.09731;-0.070627;-0.041924;-0.010092;-0.012599;0.012282;0.016332
1.7565;-0.53686;-0.22269;-0.26749;-0.17889;-0.15443;-0.10344;-0.070253;-0.037601;-0.0119;0.00158;0.012966;0.014401
1.7571;-0.54767;-0.23014;-0.26036;-0.17786;-0.15834;-0.11125;-0.065967;-0.050449;-0.018556;0.00074212;0.019338;0.016837
1.7549;-0.55116;-0.25161;-0.28464;-0.18137;-0.15234;-0.10068;-0.090145;-0.065244;-0.02059;0.0087219;0.031981;0.019393
1.7835;-0.52498;-0.21672;-0.25032;-0.17099;-0.1365;-0.10137;-0.10126;-0.068034;-0.022435;-0.0020923;0.028331;0.016599
1.8043;-0.51013;-0.21616;-0.25241;-0.14371;-0.11934;-0.084117;-0.079005;-0.042675;-0.012348;-0.003185;0.029971;0.013134
1.8985;-0.44889;-0.15509;-0.21751;-0.17297;-0.19521;-0.099586;-0.084054;-0.074982;-0.049263;-0.036836;-0.020706;-0.0041855
1.9667;-0.46638;-0.14274;-0.17;-0.15155;-0.13052;-0.016734;-0.057438;-0.083973;-0.039267;-0.034322;-0.0122;0.011252
1.9757;-0.49027;-0.20456;-0.22146;-0.19261;-0.13176;-0.080174;-0.14493;-0.1381;-0.069156;-0.018208;0.031974;0.039083
2.0092;-0.40884;-0.12986;-0.14801;-0.05684;-0.10214;-0.091894;-0.1327;-0.15787;-0.020665;0.035538;0.050635;0.016207
1.9787;-0.43388;-0.18574;-0.28337;-0.21223;-0.18472;-0.11453;-0.066108;0.0049789;0.056959;0.045055;0.021507;-0.027597
2.0251;-0.41183;-0.17009;-0.22802;-0.13729;-0.1791;-0.11089;-0.053072;-0.05526;-0.0077579;0.0034469;-0.014942;0.0021195
2.249;-0.3851;-0.22372;-0.28402;-0.20405;-0.14489;-0.0071712;-0.045246;-0.058343;-0.027214;0.0029984;0.044753;-0.021271
2.3454;-0.36162;-0.17663;-0.27058;-0.2639;-0.20158;0.050124;-0.024589;-0.031456;0.047574;0.049958;-0.0081133;-0.087164
2.2972;-0.3795;-0.17246;-0.18264;-0.13446;-0.21426;-0.086651;-0.089579;-0.06936;0.0012353;0.10714;0.062613;-0.063497
2.351;-0.41919;-0.2156;-0.15789;-0.11613;-0.15662;-0.036057;-0.12125;-0.1433;-0.014658;0.095592;0.024873;-0.041849
2.4295;-0.38832;-0.2887;-0.19428;-0.13913;-0.15245;-0.15294;-0.2709;-0.27506;-0.034616;0.13003;0.078376;0.0054746
2.4662;-0.4181;-0.21266;-0.20115;-0.01545;-0.10483;-0.027325;-0.070649;-0.19716;-0.064163;0.11708;0.076818;-0.027494
2.4935;-0.37995;-0.1217;-0.17131;-0.12652;-0.12547;0.02636;-0.083251;-0.23745;-0.10843;-0.014717;0.053396;0.02906
2.6159;-0.4281;-0.25769;-0.20682;-0.019511;-0.093885;0.032977;-0.22013;-0.25951;-0.0098707;0.12772;0.071805;0.0033434
2.7043;-0.58608;-0.39866;-0.1831;-0.024991;-0.18961;0.039348;-0.10324;-0.17492;-0.097509;0.036253;0.074311;0.029886
2.842;-0.47637;-0.30413;-0.13963;-0.08634;-0.084102;0.014558;-0.063299;-0.14942;-0.14667;0.10272;0.073159;-0.096872
3.0821;-0.52367;-0.17189;-0.25407;-0.24314;-0.33839;0.096955;-0.155;0.061691;0.013023;-0.088865;0.14267;0.0039347
3.0331;-0.41824;-0.26387;-0.23203;-0.19802;-0.32018;0.01385;-0.33025;-0.21952;0.065348;0.10002;0.09696;-0.047365
2.9915;-0.40073;-0.19621;-0.16563;-0.064531;-0.11033;0.033903;-0.2136;-0.13854;0.02228;0.032528;0.11523;-0.027648
3.0847;-0.33645;-0.038098;-0.10309;-0.13746;-0.16379;0.062768;-0.11284;-0.24823;-0.16179;-0.064143;0.096043;0.10084
3.0877;-0.39587;-0.22467;-0.15136;-0.062959;-0.17737;-0.020495;-0.2216;-0.17313;-0.0091175;0.027354;0.064367;-0.010495
3.1134;-0.3187;-0.2408;-0.01573;-0.034348;-0.053107;-0.049387;-0.41767;-0.20918;0.043184;0.02113;0.046475;0.028477
3.1153;-0.36605;-0.24021;-0.15001;-0.11832;0.002166;0.018411;-0.37448;-0.18153;0.052098;0.07146;0.065949;0.079026
3.0973;-0.33873;-0.30416;-0.19221;-0.12129;-0.12509;-0.032188;-0.20077;-0.1562;0.035447;0.031901;-0.012123;0.09308
3.2231;-0.24789;-0.21;-0.1186;-0.20661;-0.26189;-0.10503;-0.20532;-0.093297;-0.086007;-0.097923;0.039661;0.11269
3.2161;-0.30365;-0.13869;-0.17767;-0.21879;-0.14939;-0.05303;-0.22309;-0.13458;0.025132;-0.034759;-0.044045;0.10693
3.1873;-0.36236;-0.15526;-0.22442;-0.17649;-0.090308;-0.11405;-0.24474;-0.27724;0.022014;0.050876;0.0072385;0.085914
3.2199;-0.314;-0.11873;-0.15974;-0.16374;-0.13171;-0.099721;-0.10007;-0.17013;0.027593;-0.071229;0.014061;0.12583
3.2513;-0.27545;-0.1608;-0.17436;-0.18582;-0.050158;-0.14547;-0.19561;-0.16173;-0.030301;0.085623;0.13;0.028187
3.3607;-0.34558;-0.22038;-0.2501;-0.21447;-0.23646;-0.19374;-0.22227;-0.16063;-0.0074497;0.025044;0.064953;0.0894
3.3835;-0.28038;-0.1488;-0.15684;-0.21694;-0.069457;-0.10279;-0.31593;-0.20974;0.024146;0.1011;0.045045;0.031373
3.4177;-0.27918;-0.21672;-0.22878;-0.14562;-0.056653;0.0054101;-0.29793;-0.19399;-0.036401;0.028315;0.011726;-0.028556
3.3925;-0.31951;-0.20384;-0.18151;-0.19466;-0.048846;-0.060644;-0.087667;-0.14024;-0.065373;-0.040197;-0.02465;0.013571
3.6844;-0.43923;-0.23263;0.0050736;-0.23419;-0.21195;0.021423;-0.26376;-0.11209;-0.039373;0.022241;0.054941;-0.022979
4.0789;-0.60966;-0.37913;0.18124;-0.29088;-0.31019;-0.10973;-0.39783;-0.066723;-0.027026;0.068405;0.13918;0.0013231
4.1739;-0.58376;-0.17437;-0.029281;-0.13031;-0.28994;0.10042;-0.26707;0.12474;-0.018664;-0.064009;0.032258;-0.1312
4.2155;-0.71155;-0.21261;-0.18137;-0.019413;-0.46007;0.050105;-0.33046;0.0070483;-0.069066;-0.05817;0.13262;-0.11397
4.3687;-0.66163;-0.28901;-0.28571;0.047134;-0.35729;0.013751;-0.21108;-0.039722;-0.019588;0.10311;0.10923;-0.19164
4.4661;-0.70981;-0.25533;-0.22663;-0.0071915;-0.1136;-0.021116;-0.23298;-0.12477;-0.073752;0.044363;0.12773;-0.15836
4.3899;-0.70558;-0.32461;-0.32108;-0.066995;-0.12331;0.039865;-0.34873;-0.29211;-0.0056416;0.073308;0.10172;-0.06916
4.5613;-0.80465;-0.17071;-0.1323;-0.095286;-0.19223;-0.023569;-0.16655;-0.16801;-0.076917;-0.0027553;0.096937;-0.062773
4.5417;-0.83126;-0.33917;-0.12368;0.022456;-0.24161;0.062131;-0.19998;-0.17175;-0.11096;-0.025772;0.1395;-0.082945
4.522;-0.90613;-0.41239;-0.09249;0.016864;-0.2009;-0.012886;-0.23924;-0.28539;-0.11787;0.062377;0.16749;-0.056778
4.5318;-0.83537;-0.33882;-0.14971;-0.039141;-0.10038;0.19053;-0.17757;-0.1814;-0.10326;0.073009;0.12488;-0.093958
4.5909;-0.7713;-0.25235;-0.076561;-0.11009;-0.068475;0.087949;-0.3354;-0.30256;-0.15188;0.066023;0.16993;-0.032114
4.6019;-0.81381;-0.22109;-0.26943;-0.16768;-0.12775;0.13055;-0.18799;-0.11572;-0.13719;0.014799;0.10222;-0.0069696
4.7504;-0.67069;0.13947;-0.011924;-0.25535;-0.19807;-0.10016;-0.17911;-0.08203;-0.05699;0.069439;0.12308;0.073222
4.946;-0.24753;0.41349;-0.11562;-0.35899;-0.38275;-0.20268;-0.075514;-0.1825;-0.075623;0.11155;-0.074462;-0.0022818
5.545;0.085783;0.44382;-0.51129;-0.31965;-0.19538;-0.29976;-0.047024;-0.0052332;-0.10729;-0.087175;-0.058012;0.052185
5.7041;0.14756;0.33779;-0.53153;-0.34897;-0.20244;-0.31386;-0.045428;0.087948;-0.077761;-0.061819;0.061189;0.054276
5.81;0.11077;0.42464;-0.61368;-0.39963;-0.2164;-0.19322;-0.12061;0.11379;-0.055403;-0.077522;0.096573;-0.022658
5.8942;0.082069;0.43021;-0.60851;-0.47631;-0.16936;-0.13579;-0.18279;0.15274;-0.070489;-0.072355;0.13625;-0.020515
5.8501;0.12609;0.45579;-0.65304;-0.55292;-0.17495;-0.036914;-0.239;0.06166;0.053896;-0.068922;0.11895;0.0029788
5.9696;0.072778;0.44495;-0.65388;-0.49236;-0.28075;-0.042598;-0.19783;0.093118;-0.032612;-0.036783;0.14843;-0.013818
6.0281;0.059425;0.37146;-0.59858;-0.45538;-0.29979;-0.1266;-0.10365;0.089786;-0.052794;-0.034415;0.14093;0.026052
6.0583;0.046336;0.33638;-0.56943;-0.49064;-0.23487;-0.16677;-0.10576;0.079799;-0.028965;-0.0039693;0.060305;0.079765
6.2187;-0.023673;0.27939;-0.46806;-0.55603;-0.23293;-0.093376;-0.17569;0.096967;-0.030103;-0.019509;0.076954;0.0507
6.3236;-0.076542;0.25441;-0.39053;-0.62167;-0.21706;-0.0054726;-0.25938;0.11047;-0.013654;-0.044114;0.095366;0.020115
6.3664;-0.11418;0.21882;-0.35044;-0.64618;-0.1474;-0.0027286;-0.31341;0.12127;0.0027182;-0.046555;0.046141;0.030468
6.3653;-0.094569;0.14384;-0.38466;-0.5226;-0.12489;-0.01686;-0.30293;0.090974;0.026048;-0.078473;-0.0053349;0.045136
6.2996;-0.039235;0.01355;-0.36103;-0.32341;-0.22816;-0.035975;-0.1957;0.047343;0.0061488;-0.12536;-0.057434;0.083256
6.2481;-0.060159;-0.057515;-0.29024;-0.21541;-0.2619;-0.065657;-0.043393;-0.10726;-0.0080885;-0.068299;-0.13352;0.060547
6.1106;-0.13184;0.13167;-0.40547;-0.086307;-0.27769;0.069501;-0.18096;-0.21126;0.079738;-0.083123;-0.10641;-0.053641
6.0341;-0.23466;0.17319;-0.27732;0.053045;-0.45884;0.041699;-0.15759;-0.2763;0.093396;-0.03369;0.0084033;-0.083802
6.0131;-0.48854;0.31134;-0.24375;0.11409;-0.5139;-0.015259;0.087774;-0.41944;0.10543;-0.044603;0.046613;0.01109
5.7908;-0.60341;0.25108;-0.28684;0.0058837;-0.54743;0.017119;0.12933;-0.39994;0.046967;-0.012442;0.019084;0.022532
5.763;-0.68631;0.31674;-0.31394;0.087451;-0.40886;-0.031187;0.13201;-0.47156;0.05049;-0.088452;-0.028399;0.054039
5.7525;-0.78271;0.14535;-0.22055;0.15483;-0.42772;0.040137;0.14918;-0.54536;-0.052297;-0.034044;0.049664;0.040209
5.6172;-0.85392;0.27141;-0.18848;0.056607;-0.49245;-0.07633;0.16048;-0.39701;0.11708;-0.0018949;-0.14526;0.03042
5.4137;-0.99694;0.10188;-0.11576;0.10251;-0.52497;0.081707;0.13535;-0.47592;0.13523;-0.0081849;-0.0478;0.066025
5.3239;-0.90264;0.22631;-0.21084;0.052504;-0.49152;0.18993;0.33808;-0.45199;-0.015532;-0.10322;0.087325;0.073957
5.1767;-0.85723;0.050907;-0.42352;-0.096419;-0.45742;0.18282;0.23475;-0.33471;0.015531;-0.13665;0.10839;0.10792
5.0413;-0.84037;0.2417;-0.17328;-0.13196;-0.42676;0.15143;0.11828;-0.28494;0.11407;-0.17571;0.091483;0.099433
5.0741;-0.65403;0.35935;-0.20532;-0.11785;-0.32496;-0.015344;-0.14699;-0.36746;0.067408;-0.16862;0.16595;0.14317
5.5961;-0.074027;0.3967;-0.17487;-0.56728;-0.27073;0.0029924;-0.22354;-0.11377;0.023501;-0.1712;-0.010907;0.066961
6.113;-0.099481;0.29026;-0.25958;-0.62347;-0.20759;-0.064169;-0.19706;0.035615;0.060149;-0.096564;0.049377;0.017777
6.0954;-0.11431;0.29352;-0.23401;-0.66433;-0.16288;-0.055725;-0.25684;0.080506;0.092239;-0.14687;0.080233;0.094287
6.006;-0.057298;0.25025;-0.2988;-0.46433;-0.11481;-0.21648;-0.19819;0.15093;0.0068408;-0.17384;0.028831;0.096938
5.9415;-0.07136;0.26883;-0.29971;-0.39941;-0.085182;-0.19312;-0.20108;0.12621;0.022075;-0.22974;-0.038183;0.12009
5.8008;-0.19384;0.46373;-0.27294;-0.34979;0.05752;-0.25702;-0.26686;0.083694;-0.011815;-0.18599;-0.035769;0.059307
5.6021;-0.34676;0.6464;-0.23456;-0.3339;0.051136;-0.30247;-0.2042;-0.09086;0.0592;-0.062169;-0.11798;0.066854
5.4901;-0.54243;0.48325;-0.16587;-0.38753;-0.049806;-0.14312;-0.27153;-0.093186;0.033175;-0.14531;0.042189;0.1347
5.5196;-0.66382;0.55429;-0.16195;-0.40105;0.033524;-0.21148;-0.28072;-0.15002;0.081778;0.0046368;-0.047212;0.10094
5.5079;-0.72317;0.51928;-0.17203;-0.32722;0.07907;-0.24721;-0.18955;-0.16932;-0.0053599;0.027356;-0.034759;0.1064
5.2722;-0.83227;0.42013;-0.30577;-0.21908;-0.0047558;-0.36823;-0.10372;-0.1443;-0.036413;-0.013692;-0.029543;0.0768
5.3166;-0.86399;0.41973;-0.13398;-0.32954;0.023928;-0.17909;-0.0049404;-0.20649;-0.12947;0.081843;0.023367;0.054589
5.3396;-0.82213;0.42278;-0.15115;-0.43546;0.059485;-0.17864;-0.074502;-0.18643;-0.11245;0.038966;0.046917;0.11135
5.3144;-0.90671;0.40009;-0.24162;-0.41067;0.091493;-0.16891;0.11865;-0.27898;-0.20064;0.08365;-0.054546;0.10386
5.4431;-1.0206;0.33454;-0.21716;-0.3655;0.062332;-0.20685;0.0026326;-0.26292;-0.17234;-0.039487;-0.020423;0.16121
5.4986;-0.99466;0.24887;-0.26604;-0.42751;0.094054;-0.1954;-0.076002;-0.18753;-0.094897;0.07839;0.053633;0.11686
5.4934;-1.1033;0.13317;-0.40629;-0.44951;0.077191;-0.17915;-0.26772;-0.21487;0.020923;0.038029;0.069248;0.15402
5.3532;-1.0623;-0.081925;-0.51449;-0.41013;-0.098107;-0.22987;-0.078167;-0.0080363;0.12589;0.078788;0.055992;0.053216
5.376;-0.95478;-0.070186;-0.40766;-0.87112;-0.22168;-0.15757;-0.17735;0.050646;0.10691;0.077838;0.077714;0.16137
5.2348;-0.80909;0.080494;-0.21271;-0.79502;-0.22892;-0.11355;-0.27715;-0.00079731;0.078702;-0.1209;-0.047092;0.16092
5.3207;-0.52282;0.26547;-0.060217;-0.42512;-0.047377;-0.065696;-0.33087;-0.20057;0.043001;-0.02424;-0.0044346;0.067011
5.9759;-0.12999;0.071178;-0.059989;-0.4626;-0.21382;-0.11401;-0.22893;0.042069;-0.052586;-0.21358;0.052463;0.076491
6.4431;-0.1655;0.020366;-0.13144;-0.5935;-0.29846;0.046351;-0.24788;0.058108;0.07204;-0.10344;0.044298;0.066673
6.3762;-0.15208;0.046461;-0.1561;-0.59996;-0.23387;0.097235;-0.29493;-0.019953;0.078901;-0.058884;-0.047065;0.0551
6.4001;-0.12666;0.013471;-0.17783;-0.58872;-0.21681;0.06805;-0.27755;0.0085744;0.063016;-0.055694;-0.052466;0.048779
6.4398;-0.13931;0.019984;-0.2135;-0.55535;-0.2095;0.011056;-0.23083;0.038278;-0.003868;-0.043583;-0.02495;0.025584
6.421;-0.1064;-0.0050004;-0.23312;-0.53623;-0.20169;-0.026454;-0.20217;0.053748;-0.022652;-0.023304;-0.020126;0.019114
6.3682;-0.076668;-0.0063752;-0.2059;-0.53039;-0.19513;-0.023529;-0.2009;0.032561;-0.0030233;-0.056359;-0.032225;0.045234
6.3306;-0.068462;0.016176;-0.20015;-0.53478;-0.14782;-0.052409;-0.20622;0.074023;-0.035763;-0.063158;-0.036864;0.044296
6.3747;-0.12189;0.062447;-0.18838;-0.56763;-0.13424;-0.057547;-0.23014;0.092342;-0.011764;-0.096772;-0.026232;0.06505
6.2801;-0.072133;0.11103;-0.27992;-0.51075;-0.12185;-0.11644;-0.16191;0.056658;-0.020656;-0.053576;-0.059073;0.073685
6.2478;-0.072195;0.14368;-0.29823;-0.48314;-0.16166;-0.11452;-0.18303;0.020752;0.062437;-0.08356;-0.06683;0.11326
6.1051;-0.02946;0.20379;-0.34191;-0.43007;-0.13116;-0.18288;-0.15784;0.020085;0.086235;-0.11367;-0.054766;0.13068
5.8655;0.011173;0.2946;-0.37951;-0.33428;-0.14762;-0.24032;-0.065805;-0.015842;0.019318;-0.084763;-0.097414;0.11658
5.3179;0.13448;0.22938;-0.28508;-0.17244;-0.23608;-0.19526;-0.048134;-0.053672;0.010948;-0.12294;-0.10125;0.063547
4.8451;0.072932;0.21679;-0.050155;-0.24247;-0.17708;-0.13997;-0.27201;-0.18906;-0.025693;0.053982;-0.057792;-0.0062266
4.6051;0.055968;0.14609;-0.19084;-0.12071;-0.18929;-0.22422;-0.2221;-0.085229;0.0066435;-0.059929;-0.053646;0.024292
4.4128;0.078408;0.22408;-0.024376;-0.21683;-0.19743;-0.31007;-0.21062;0.03904;-0.0041046;-0.076163;-0.02858;0.0083049
4.2253;-0.048702;0.016199;-0.058986;-0.14484;-0.12786;-0.18171;-0.29313;-0.12698;0.048239;-0.0070392;-0.049003;-0.033628
4.2058;-0.070981;-0.021046;-0.17108;-0.091054;0.0009218;-0.25954;-0.30739;-0.070967;-0.047045;-0.058454;-0.0089399;0.0683
4.2366;-0.10766;0.05301;-0.22893;0.022014;-0.063781;-0.17526;-0.32335;-0.075528;-0.097319;-0.012493;0.11412;-0.045859
4.5847;-0.35848;0.1482;-0.48884;0.13983;-0.13832;-0.17435;-0.098953;-0.13552;0.0089537;0.05574;0.020565;-0.025314
4.9112;-0.49495;0.077479;-0.63598;-0.11851;-0.27118;-0.17264;0.027272;-0.13769;-0.078845;0.073199;-0.039933;-0.0013991
4.8117;-0.7005;0.18672;-0.6452;-0.15047;-0.07868;-0.058962;-0.053715;-0.019682;-0.038412;0.044212;-0.0014422;-0.009088
4.7604;-0.7885;0.21659;-0.5805;-0.15117;0.032771;-0.2155;-0.15701;0.042012;0.083332;0.053765;-0.054842;0.046846
4.7697;-0.67604;0.30576;-0.35599;-0.11352;-0.012654;-0.20103;-0.14934;-0.014265;-0.096759;-0.086691;-0.11711;0.062051
5.3466;-0.21419;0.4255;-0.20691;-0.38342;-0.31577;-0.036421;-0.24233;-0.030136;-0.19053;0.024587;0.023996;-0.073238
5.9882;-0.032819;0.28069;-0.45896;-0.64212;-0.11613;-0.066143;-0.15764;0.13335;-0.21417;0.062955;-0.0089907;-0.079021
6.1125;-0.089782;0.23188;-0.52877;-0.48019;-0.2179;0.043296;-0.2478;0.18687;-0.11824;-0.045537;0.03791;-0.075907
5.9497;-0.099242;0.20502;-0.35306;-0.48171;-0.1988;0.11155;-0.3011;0.16121;-0.059785;-0.07885;-0.041187;-0.10432
5.5642;-0.14775;0.066672;-0.085706;-0.31469;-0.33851;0.014134;-0.10233;0.031503;-0.22327;0.10522;0.037381;-0.20416
5.4475;-0.40821;-0.1879;0.05284;-0.3026;-0.2847;-0.012414;-0.29217;-0.062053;-0.18579;0.10277;0.063105;-0.12076
5.2319;-0.36693;-0.027181;-0.014542;-0.13953;-0.36724;0.022131;-0.29099;-0.075914;-0.093983;0.11953;0.056836;-0.10253
5.0171;-0.42616;-0.0085462;-0.019271;-0.20791;-0.28976;-0.041163;-0.23598;0.10392;-0.15428;-0.037244;-0.024626;-0.12517
4.8071;-0.45823;0.018126;0.01988;-0.16294;-0.26505;-0.13659;-0.16367;0.10102;-0.29388;-0.10619;0.068982;-0.015136
4.8;-0.57196;-0.0056813;-0.0043645;-0.068867;-0.24739;-0.056822;-0.19639;0.10388;-0.1542;-0.10355;0.047494;-0.047663
5.0171;-0.57591;-0.074349;0.094064;0.0050018;-0.16327;-0.052294;-0.34469;0.18579;-0.19144;-0.10879;0.042292;-0.15685
4.9263;-0.49343;-0.33968;0.023818;0.080492;-0.18691;-0.035864;-0.22752;0.25815;-0.13931;-0.12233;0.13463;-0.029083
4.7134;-0.32835;-0.3138;0.071589;0.089204;-0.25722;-0.17677;-0.065519;0.12975;-0.20595;-0.071834;0.0065543;0.01386
4.4732;-0.28881;-0.20405;0.064939;-0.050246;-0.17802;-0.18976;-0.22378;0.0097133;-0.13153;0.080427;-0.049973;-0.073381
4.8124;0.040631;0.033026;0.243;-0.071333;-0.41536;-0.37072;-0.046205;0.028002;-0.24203;-0.0088014;0.030985;0.025031
5.1708;0.255;0.039411;0.11976;-0.15166;-0.4451;-0.27031;-0.033471;-0.019429;-0.21373;-0.012909;-0.018048;0.016952
5.3734;0.33628;-0.075796;0.033416;-0.15014;-0.41031;-0.26121;-0.020799;0.034887;-0.17225;-0.0068264;-0.05479;0.030465
5.4245;0.36223;-0.15307;0.045504;-0.12477;-0.44051;-0.2173;-0.060769;-0.036109;-0.072903;-0.030972;-0.079043;0.01833
5.579;0.33481;-0.21541;0.060627;-0.091393;-0.54679;-0.19939;0.020177;-0.026983;-0.13552;-0.047488;0.044312;-0.02511
5.7009;0.29543;-0.20789;0.067161;-0.21836;-0.51569;-0.18915;0.02811;0.027356;-0.17803;-0.019435;0.11418;-0.05195
5.7356;0.32256;-0.25353;0.083571;-0.27478;-0.5202;-0.21641;0.086227;0.043384;-0.21256;-0.00023051;0.11254;0.00061751
5.6897;0.39036;-0.27853;-0.0012555;-0.28454;-0.42183;-0.23651;0.059162;0.058251;-0.19978;0.018794;0.073324;0.023894
5.828;0.30753;-0.20177;-0.080276;-0.29247;-0.36548;-0.25515;-0.016414;0.065457;-0.13273;0.0095303;0.076819;-0.0039174
6.2037;0.10264;-0.11327;-0.31997;-0.31468;-0.04475;-0.20208;-0.20059;0.033896;-0.048064;-0.030101;0.059678;0.0049425
6.4773;-0.075382;-0.039063;-0.37795;-0.3841;0.041353;-0.11463;-0.31103;0.06238;-0.038056;-0.051751;0.055353;0.073419
6.5676;-0.10377;-0.10805;-0.3405;-0.3967;0.022043;-0.10739;-0.30795;0.078211;-0.032009;-0.047316;0.060206;0.089046
6.5986;-0.1208;-0.12737;-0.34967;-0.31922;-0.050967;-0.10681;-0.2979;0.065498;-0.044887;-0.032778;0.06078;0.040933
6.6968;-0.18028;-0.13581;-0.30924;-0.37881;-0.070611;-0.043052;-0.28793;0.070072;-0.035448;-0.071139;0.065444;0.06517
6.6538;-0.16298;-0.1336;-0.29567;-0.37833;-0.069537;-0.03971;-0.29417;0.099186;-0.036634;-0.11012;0.059385;0.07814
6.544;-0.10922;-0.12538;-0.33188;-0.33152;-0.022269;-0.081853;-0.2609;0.11237;-0.079548;-0.15003;0.073963;0.053284
6.5223;-0.15024;-0.092899;-0.2697;-0.2907;0.00070002;-0.1392;-0.21512;0.072401;-0.13542;-0.15039;0.046343;0.095192
6.4169;-0.17333;-0.0016903;-0.24385;-0.27945;0.090027;-0.12923;-0.31039;0.025801;-0.089088;-0.12982;0.017838;0.080144
6.2603;-0.19186;0.12432;-0.23345;-0.25769;0.22851;-0.18208;-0.42573;-0.026067;-0.023906;-0.10139;0.015523;0.10849
6.021;-0.11565;0.15082;-0.21653;-0.21691;0.15486;-0.32559;-0.33194;0.074801;0.00068661;-0.13193;-0.039919;0.080686
5.6864;-0.11829;0.26045;-0.21196;-0.19736;-0.084598;-0.2554;-0.19089;0.089534;-0.042532;-0.14354;-0.045726;0.015431
5.5753;-0.35184;0.27845;-0.28121;-0.079946;0.02186;-0.37329;-0.10954;-0.12006;-0.09436;-0.0026541;-0.020749;0.0086701
5.4879;-0.50595;0.2392;-0.331;0.14294;-0.161;-0.18266;-0.20048;-0.074516;-0.31014;-0.060872;0.17882;-0.031293
5.1318;-0.4127;0.2524;-0.35165;0.23459;-0.3119;-0.19486;-0.084525;-0.047981;-0.25806;-0.087174;0.16922;-0.038058
4.7142;-0.35714;0.17542;-0.30704;0.052703;-0.34396;-0.17456;-0.13632;-0.099224;-0.0026484;-0.012927;0.041895;-0.06442
4.4513;-0.21779;0.011252;-0.081342;-0.068115;-0.22419;-0.15602;-0.092144;-0.2007;-0.02507;0.11081;-0.053606;-0.060359
4.3006;-0.2362;0.027402;-0.074155;0.058666;-0.065891;-0.20326;-0.20403;-0.29722;-0.023776;0.1415;0.03953;0.034465
4.1793;-0.24542;-0.0057835;-0.13249;0.046362;-0.045861;-0.054575;-0.30211;-0.26867;-0.10113;0.14982;0.036341;-0.073055
4.3407;-0.35634;-0.013551;-0.16525;0.12589;-0.21345;-0.095154;-0.18602;-0.1973;-0.070443;0.12051;-0.017988;-0.12309
4.894;-0.58383;0.028697;-0.34286;0.17573;-0.23245;-0.077009;-0.021002;-0.11424;-0.13847;-0.033073;-0.032776;-0.10687
5.1308;-0.66031;-0.11425;-0.85618;0.044183;-0.20481;0.092399;0.094974;-0.24516;0.13706;-0.078367;0.083903;-0.010799
4.8075;-0.55877;0.078019;-0.42899;0.057956;-0.28239;-0.051712;-0.032772;-0.13063;-0.012504;-0.099137;0.01816;-0.020384
4.8093;-0.73212;0.10314;-0.59715;-0.0080411;-0.070462;-0.19225;0.03807;-0.13508;0.028054;0.0055583;0.02073;0.025213
4.7722;-0.67073;0.18342;-0.36947;-0.021958;-0.14653;-0.20877;-0.041553;-0.18939;-0.10191;-0.085437;0.005214;0.085333
4.8934;-0.49746;0.21135;-0.30289;-0.21869;-0.14665;-0.16818;-0.10566;0.026426;-0.051286;-0.0878;0.051654;0.056295
5.1113;-0.1063;0.32367;-0.091601;-0.4872;-0.15782;-0.11699;-0.25455;-0.042167;-0.1106;-0.095985;0.021706;0.053197
5.8847;0.0087331;0.1099;-0.2693;-0.66259;-0.13027;0.0073393;-0.30482;0.19108;-0.068487;-0.078097;0.033348;-0.020917
5.9051;-0.009544;0.11087;-0.3485;-0.62229;-0.024631;-0.093972;-0.28537;0.2171;-0.094022;-0.040034;0.0020311;0.0069394
5.8492;0.043757;0.0036256;-0.31628;-0.34946;-0.27067;-0.037704;-0.12734;0.15045;-0.17205;0.0135;-0.045384;-0.13944
5.5726;0.049137;-0.074509;-0.090626;-0.2155;-0.34994;-0.032866;-0.035917;0.11143;-0.23905;-0.018354;-0.044527;-0.16972
5.2779;-0.039585;-0.10038;0.097362;0.04217;-0.43216;-0.16446;-0.079582;-0.11214;-0.1912;0.054977;-0.0074774;-0.010004
5.082;-0.31133;-0.24904;0.1716;0.09733;-0.28713;-0.31007;-0.13614;-0.035275;-0.18112;0.0044009;0.045721;-0.019437
5.1793;-0.30858;-0.29344;0.088384;0.06828;-0.14218;-0.26207;-0.10399;-0.032536;-0.18722;-0.011477;0.030505;-0.083415
5.071;-0.41752;-0.41954;0.0082266;0.074553;-0.30622;-0.19707;-0.0029889;-0.11355;-0.14111;0.0054192;0.034003;-0.076202
5.0449;-0.52625;-0.32723;-0.021394;-0.031735;-0.35789;-0.18754;0.042338;0.021453;-0.023817;-0.057514;0.058763;-0.12079
5.0236;-0.45016;-0.30315;0.070716;0.065325;-0.20905;-0.23375;-0.14337;-0.012967;-0.061886;-0.026707;0.088757;-0.037288
5.0508;-0.49601;-0.51024;-0.0046788;-0.086832;-0.04951;-0.15551;-0.090569;-0.10943;-0.1569;0.15906;0.096772;-0.046537
4.8974;-0.51923;-0.45815;-0.075752;0.17926;-0.23326;-0.1466;-0.08951;0.075156;-0.13341;-0.02065;0.061409;-0.031878
4.8033;-0.48611;-0.34201;0.046929;0.15145;-0.22005;-0.077631;-0.037566;0.048215;-0.18572;0.023526;0.031397;-0.066553
4.8248;-0.35741;-0.3831;-0.096969;0.07194;-0.46906;-0.17001;-0.045875;0.025329;-0.1697;-0.0066682;0.0872;0.022328
5.4157;0.063864;-0.20282;-0.32328;-0.038728;-0.40614;-0.10367;-0.025103;-0.15678;-0.15289;-0.0076759;0.028937;0.021657
5.8064;0.17447;-0.28457;-0.34414;-0.11547;-0.33783;-0.15055;0.013897;-0.10525;-0.08387;-0.079876;0.090449;0.042449
5.8509;-0.26021;-0.19001;0.058884;-0.19209;-0.27506;-0.16549;-0.03463;-0.1793;0.0039132;-0.032942;0.031293;0.026515
5.8602;-0.46239;-0.30072;0.059429;-0.21608;-0.33713;-0.12561;-0.0067173;-0.18509;0.023762;0.058486;0.1208;-0.0097781
5.6286;-0.47731;-0.39849;-0.031156;-0.15736;-0.33733;-0.063294;-0.0026277;-0.098624;0.015551;-0.050639;0.16531;-0.034135
5.8957;-0.31987;-0.14438;0.0096926;-0.0145;-0.43395;-0.16563;0.053874;-0.17986;-0.14058;-0.12235;0.17694;-0.022369
6.197;0.047023;-0.31581;-0.35303;-0.19763;-0.19203;-0.20564;0.054597;-0.040539;-0.18024;-0.020021;0.036939;-0.035176
6.2291;0.090986;-0.33066;-0.44702;-0.1098;-0.19966;-0.10782;0.01689;-0.10646;-0.16153;0.041972;0.068365;-0.03572
6.2147;0.15482;-0.35448;-0.49983;0.063085;-0.26594;-0.13781;-0.028458;-0.065244;-0.082486;-0.030292;0.05524;0.0051286
6.2544;0.13972;-0.36467;-0.46728;0.18266;-0.41268;-0.052793;-0.097003;-0.02218;-0.040223;-0.072703;0.042566;-0.025617
6.2058;0.17259;-0.37068;-0.42148;0.2074;-0.4576;-0.046352;-0.12785;0.031965;-0.011339;-0.12184;-0.0017526;-0.075829
6.0552;0.18636;-0.25358;-0.39973;0.16488;-0.50515;-0.0028756;-0.094591;0.026992;-0.029335;-0.095476;-0.085223;-0.128
5.7699;0.27236;-0.20176;-0.33413;0.075611;-0.31598;-0.223;0.039486;-0.045075;-0.032164;-0.061324;-0.097977;-0.090784
5.5871;0.28721;-0.038568;-0.3393;-0.013477;-0.22841;-0.30839;0.13749;-0.097327;0.0098132;-0.16134;-0.13255;0.0018661
5.4184;0.2934;0.0031894;-0.29252;-0.096975;-0.20927;-0.21365;0.074812;-0.13969;0.054505;-0.17783;-0.13606;-0.010919
5.2518;0.32119;-0.12342;-0.18236;0.026067;-0.30731;-0.26998;0.072496;-0.025502;-0.052733;-0.19891;-0.030773;-0.017336
4.9027;0.23349;-0.029781;-0.23972;0.004726;-0.26319;-0.23275;-0.080893;-0.076287;-0.05265;-0.056601;0.0099947;-0.024396
4.5068;-0.032585;0.024979;-0.39378;-0.035754;-0.16831;-0.13291;-0.05363;-0.063702;0.069319;-0.080701;-0.023544;-0.013468
4.9479;-0.23228;0.068007;-0.42473;0.24245;-0.23686;-0.087931;-0.063636;-0.17169;0.010466;-0.11646;0.010573;-0.042973
4.8346;-0.38174;0.060386;-0.63475;0.19257;-0.33594;-0.095618;0.030602;-0.22174;0.11277;-0.1233;0.023363;-0.010892
4.7722;-0.41583;0.30478;-0.47264;0.32206;-0.33592;-0.1946;0.040521;-0.33902;0.087148;-0.11825;0.093766;0.083309
4.8666;-0.44224;0.29555;-0.38619;0.36353;-0.34887;-0.16379;0.0050398;-0.44295;0.028413;-0.079822;0.061322;0.038512
4.8749;-0.50506;0.25486;-0.4115;0.24841;-0.39624;-0.078956;0.071756;-0.36791;-0.10551;-0.059599;0.079818;0.0049939
4.8131;-0.6284;0.29617;-0.49619;0.44956;-0.35273;-0.063764;0.17792;-0.3513;-0.0051846;-0.1857;0.066694;0.022581
4.7628;-0.55565;0.14603;-0.38723;0.43237;-0.50031;-0.11297;0.14468;-0.31949;0.025735;-0.11713;0.036498;0.0010872
4.7614;-0.42379;0.091678;-0.32021;0.41233;-0.49892;-0.21686;0.090832;-0.37245;0.0039809;-0.067821;0.072295;0.054434
5.3584;0.032766;0.20111;-0.52413;0.062354;-0.50399;-0.16693;0.062194;-0.17816;-0.038734;-0.11996;-0.035408;-0.022963
5.763;0.16541;-0.016734;-0.55977;0.057285;-0.56295;-0.071152;0.068656;-0.19916;0.073963;-0.0046655;-0.02535;-0.044412
5.8407;0.19937;-0.13911;-0.52586;-0.0076804;-0.62606;0.011217;0.052801;-0.18712;0.030878;0.039079;0.0023913;-0.054947
5.8998;0.17961;-0.079459;-0.58674;0.027592;-0.58802;-0.040045;0.055403;-0.19607;0.086805;0.019393;-0.041582;-0.012847
5.9391;0.13233;-0.032669;-0.56867;-0.0070015;-0.43705;-0.17194;0.13039;-0.17949;0.0339;0.063001;-0.12223;0.038666
5.8194;0.16597;-0.0054133;-0.57935;0.027082;-0.39033;-0.22588;0.15481;-0.12136;-0.031534;0.032162;-0.12821;0.027318
5.7207;0.10901;-0.0073324;-0.48271;0.1339;-0.57878;-0.019526;0.099791;-0.18995;0.092224;-0.05801;-0.12357;-0.072931
5.4102;-0.0020512;0.19902;-0.50899;0.26186;-0.49759;-0.10186;0.071639;-0.26057;0.059841;-0.051315;-0.072774;-0.12388
5.2415;-0.28636;0.28645;-0.46611;0.2696;-0.49173;-0.26471;0.047888;-0.24501;0.039745;0.034622;0.042888;-0.089212
5.2792;-0.47301;0.19949;-0.29763;0.29275;-0.65238;-0.10968;0.076255;-0.29921;0.042928;0.058039;0.03612;-0.081724
5.1866;-0.46879;0.20555;-0.20201;0.31892;-0.78102;-0.16634;0.20919;-0.28741;-0.0061702;-0.05028;0.12864;0.016084
5.1319;-0.60981;0.05834;-0.29438;0.2768;-0.7879;-0.049618;0.12518;-0.38197;0.041848;-0.018534;0.14987;0.046811
4.9502;-0.69799;0.083119;-0.2551;0.24303;-0.75129;-0.090255;0.30153;-0.29057;-0.024546;-0.066814;0.098243;0.016589
4.7618;-0.54022;0.087574;-0.18474;0.36604;-0.67667;-0.093825;0.21841;-0.43395;-0.089357;-0.07995;0.17311;0.062829
4.1717;-0.2272;-0.019028;-0.1532;0.13126;-0.35203;-0.058853;-0.062369;-0.26027;-0.043946;-0.056373;0.12177;0.00089621
3.8485;-0.29006;-0.11713;-0.34094;0.0077966;-0.34054;-0.032715;0.07938;-0.30989;-0.013266;0.06161;0.026266;-0.046797
3.6108;-0.27943;-0.13327;-0.25243;0.013475;-0.35887;-0.085177;-0.043417;-0.22027;0.022977;-0.10775;-0.1427;0.066653
3.9599;-0.43808;0.062867;-0.3502;0.048513;-0.13248;-0.29143;-0.050353;-0.19078;-0.085145;0.067092;-0.020275;0.038241
4.7677;-0.62498;0.24329;-0.57361;0.0020724;-0.079303;-0.44159;0.17491;-0.13131;-0.056128;0.083655;-0.079494;0.019916
4.8733;-0.5696;0.29446;-0.5303;-0.084665;-0.18403;-0.3959;0.26283;-0.053161;-0.0051031;0.17589;-0.1088;-0.040717
4.6615;-0.64981;0.47282;-0.57754;-0.2478;-0.2355;-0.3863;0.25083;0.054781;-0.076664;0.19928;-0.04587;-0.036635
4.627;-0.69561;0.3803;-0.51245;-0.32073;-0.025402;-0.40951;0.16404;-0.059452;-0.0088887;0.25741;-0.18348;-0.030832
4.4225;-0.67141;0.26513;-0.28908;-0.16184;0.07886;-0.3389;-0.21647;-0.14033;-0.077023;0.093671;0.015415;0.033596
4.5303;-0.3244;0.37771;-0.19904;-0.26388;0.0024064;-0.44925;-0.095192;0.0096844;-0.19002;0.036854;-0.089133;0.012403
4.9995;-0.0087825;0.44533;-0.23717;-0.60136;-0.058886;-0.10395;-0.31945;0.079858;-0.091458;-0.1069;-0.039098;0.030478
5.7593;-0.022226;0.24282;-0.39179;-0.65107;-0.1882;0.012443;-0.28215;0.16941;-0.059585;-0.034846;0.022497;-0.050389
5.9521;-0.082374;0.16409;-0.28606;-0.64642;-0.23193;-0.012143;-0.17118;0.11288;-0.17276;0.051145;0.04634;-0.061259
5.8482;0.056343;0.07887;-0.36662;-0.42376;-0.49202;0.026377;-0.061576;0.03706;-0.25905;0.1176;0.092602;-0.18723
5.6961;0.12768;0.096653;-0.49269;-0.4094;-0.3463;-0.017016;-0.1551;0.1268;-0.19006;0.054907;0.034838;-0.14904
5.6759;0.13034;0.02216;-0.45523;-0.34574;-0.30182;-0.096989;-0.10366;0.23204;-0.26909;0.059569;0.025839;-0.19223
5.5543;0.20066;-0.12544;-0.4537;-0.27605;-0.30192;-0.13968;-0.060015;0.29156;-0.24595;0.043329;0.0032453;-0.15854
5.4192;0.33865;-0.18448;-0.59865;-0.041091;-0.42834;-0.092086;-0.11905;0.25733;-0.083215;-0.083923;0.01374;-0.11527
5.248;0.45881;-0.19792;-0.6586;-0.041557;-0.304;-0.11384;-0.18329;0.21862;-0.040542;-0.065277;0.021566;-0.10858
4.9142;0.50996;0.011794;-0.6206;-0.099532;-0.27838;-0.14108;-0.13953;0.10852;-0.027982;-0.079146;0.020673;-0.07021
4.7612;0.5459;0.08089;-0.41578;-0.2199;-0.31682;-0.099633;-0.096665;-0.11392;0.049662;-0.0085912;-0.021524;0.0084246
4.6895;0.60928;0.047262;-0.42808;-0.27491;-0.24953;-0.099363;-0.15479;-0.099535;0.055882;0.015952;-0.027149;0.021038
4.6076;0.59797;0.13867;-0.46916;-0.24424;-0.23193;-0.16631;-0.081129;-0.11308;0.058301;0.010066;-0.039416;0.026081
4.4799;0.60193;0.10345;-0.43508;-0.24065;-0.13411;-0.1595;-0.11206;-0.037155;0.014736;-0.022249;-0.072096;0.0006582
4.3683;0.54444;0.15119;-0.39911;-0.22011;-0.12625;-0.094027;-0.1354;-0.060957;0.054219;-0.092396;-0.050667;-0.032023
4.2253;0.47616;0.2408;-0.21304;-0.29149;-0.099922;-0.10617;-0.15907;-0.10043;0.010672;-0.069158;-0.078063;0.022288
4.1512;0.4639;0.21396;-0.19592;-0.21285;-0.25716;-0.1583;-0.20368;-0.089939;0.060952;-0.057841;-0.0014674;0.025881
4.2552;0.30798;0.18723;-0.022547;-0.25476;-0.21133;-0.18921;-0.19055;-0.046817;0.031398;-0.11265;0.016658;0.028022
4.8125;0.013147;-0.10711;0.092255;-0.063659;-0.20694;-0.2027;-0.1562;-0.077989;-0.12922;-0.028014;0.1045;-0.0022213
5.5905;-0.094765;-0.26528;0.0089491;-0.0020831;-0.25906;-0.14021;-0.090559;-0.052488;-0.17046;-0.084649;0.038506;-0.012186
5.5851;0.38481;-0.28121;-0.56201;0.0025309;-0.23805;-0.21252;-0.098371;0.08803;0.031026;-0.066056;-0.10629;-0.046804
5.6085;0.56496;-0.39374;-0.64922;-0.033162;-0.28605;-0.20178;-0.050017;0.046187;-0.0049014;0.016505;-0.074795;-0.020506
5.8667;0.49849;-0.4978;-0.61158;0.026337;-0.38573;-0.26116;-0.048244;0.074055;0.029602;0.00088917;-0.078852;0.021025
5.9345;0.508;-0.61364;-0.53595;0.12177;-0.46133;-0.24231;-0.12377;0.049641;0.099655;-0.046886;-0.04347;0.031694
5.9519;0.51039;-0.62497;-0.5521;0.13205;-0.46211;-0.21184;-0.12783;0.045643;0.10191;-0.051769;-0.019556;0.035843
5.9206;0.49678;-0.57197;-0.61679;0.10919;-0.41229;-0.22821;-0.068864;-0.0090207;0.097875;-0.02729;0.0038886;0.037296
5.9422;0.41389;-0.4048;-0.73523;0.10558;-0.37013;-0.30903;0.023526;-0.049895;0.084769;0.055969;-0.026795;0.072639
5.954;0.33055;-0.28957;-0.80653;0.06184;-0.32086;-0.43276;0.10754;-0.092627;0.084788;0.13146;-0.067706;0.12068
5.933;0.28438;-0.24186;-0.89811;0.13878;-0.36754;-0.41061;0.02959;-0.10612;0.14244;0.13788;-0.037791;0.058928
5.9387;0.27848;-0.2159;-0.92376;0.17979;-0.38341;-0.39417;0.00098189;-0.1102;0.18837;0.099948;-0.027045;0.01825
6.0102;0.2434;-0.17912;-0.88442;0.1671;-0.31868;-0.45595;0.024522;-0.092064;0.15886;0.13771;-0.079488;0.041844
5.9994;0.25661;-0.17865;-0.88417;0.21391;-0.34697;-0.44442;0.032665;-0.12689;0.1918;0.11341;-0.066397;0.023316
5.9047;0.30721;-0.21476;-0.86827;0.2108;-0.36192;-0.42174;0.027636;-0.14615;0.22002;0.088433;-0.041145;0.011529
5.9548;0.24873;-0.1574;-0.86654;0.11984;-0.21564;-0.53431;0.098104;-0.13768;0.1183;0.1737;-0.11442;0.11093
6.005;0.22888;-0.15405;-0.88478;0.16933;-0.29803;-0.4641;0.08368;-0.11733;0.098859;0.12671;-0.074326;0.097731
6.0719;0.23347;-0.24668;-0.81702;0.19265;-0.43172;-0.40026;0.082876;-0.045859;0.11493;0.033242;-0.052146;0.10302
6.1155;0.27043;-0.31526;-0.79151;0.21543;-0.47323;-0.32958;0.030882;-0.032841;0.12067;-0.0075453;-0.044232;0.051575
6.007;0.39065;-0.41147;-0.74074;0.20659;-0.59243;-0.13792;-0.067338;0.0022586;0.10322;-0.096649;0.029987;-0.031889
6.0453;0.38315;-0.39864;-0.72164;0.23508;-0.63619;-0.12364;-0.05297;0.025476;0.11053;-0.14732;0.032982;-0.053668
5.8616;0.4405;-0.39903;-0.68763;0.22919;-0.6111;-0.15208;-0.039953;0.056756;0.15323;-0.16625;0.0045517;-0.063652
5.3407;0.51139;-0.36547;-0.67316;0.1837;-0.52543;-0.12967;-0.027546;0.10203;0.17319;-0.12174;-0.022317;-0.059858
4.8211;0.36013;-0.35443;-0.56727;0.17233;-0.40651;-0.28483;-0.15117;0.064919;0.15782;0.0016273;0.00097487;-0.04583
4.3799;0.36038;-0.11402;-0.32931;0.06426;-0.39677;-0.31463;-0.14279;0.08231;0.13106;-0.068941;-0.0442;0.062705
4.1636;0.29318;-0.093142;-0.2718;0.017548;-0.3501;-0.28794;-0.11184;0.015824;0.091022;-0.15245;-0.018852;0.072487
4.032;0.19811;-0.35063;-0.45456;-0.139;-0.27019;-0.35487;-0.16643;0.07177;0.017025;-0.052072;-0.02248;0.036771
4.0676;0.20181;-0.21762;-0.40997;-0.077498;-0.19173;-0.12674;-0.14705;0.074126;0.073548;-0.14052;-0.072494;-0.0098115
5.0656;-0.024751;-0.7502;-0.54743;0.30197;-0.50263;-0.037107;-0.16918;0.16845;0.057716;-0.05337;0.041342;-0.0869
5.4222;-0.075596;-0.82336;-0.55024;0.18821;-0.70186;0.018389;-0.16901;0.14672;-0.035227;-0.11898;0.064393;-0.071961
5.0649;-0.1753;-0.84893;-0.52068;0.034082;-0.90619;-0.050642;-0.16114;0.13765;-0.097747;-0.12297;0.13074;-0.0011546
4.3897;-0.22815;-0.64729;-0.25516;0.12221;-0.77341;-0.17273;-0.081531;0.18335;0.054582;-0.019774;0.084103;-0.084998
4.2044;-0.21498;-0.69044;-0.14291;0.094818;-0.56381;-0.26721;-0.17321;-0.054689;0.019885;0.090398;0.19845;0.0012418
3.9845;-0.14003;-0.64374;0.041054;-0.060132;-0.65133;-0.15193;-0.065228;-0.063612;-0.073705;0.13327;0.13548;-0.050153
3.775;-0.12785;-0.52811;0.062222;-0.027944;-0.52727;-0.11734;-0.063877;-0.14955;-0.077518;0.19116;0.14038;0.001936
3.5394;-0.3171;-0.67383;-0.14383;0.076252;-0.10204;-0.025446;-9.9203e-005;-0.11786;-0.17542;0.008551;0.077951;0.04031
3.4717;-0.20472;-0.46318;-0.10449;0.073925;0.10262;0.029796;-0.17412;-0.23246;-0.17931;0.035115;0.082962;0.063682
3.3765;-0.19096;-0.38174;-0.060773;0.11581;-0.02568;-0.1062;-0.16143;-0.092292;-0.0041479;0.035079;-0.038433;-0.0096561
3.3865;-0.26497;-0.35604;0.014314;0.15995;-0.069239;-0.12722;-0.081407;-0.046042;-0.15608;-0.019061;0.028825;-0.00027984
3.2797;-0.21834;-0.24302;0.0011772;0.22017;0.08315;-0.12572;-0.1513;-0.077733;-0.14694;-0.013327;0.094336;0.012686
3.2697;-0.20475;-0.21262;-0.0032576;0.1546;-0.020566;-0.011542;-0.14751;-0.22272;-0.21314;0.066613;0.13519;0.024853
3.2143;-0.15883;-0.2111;-0.21653;0.045804;-0.032315;-0.031615;-0.043759;-0.18263;-0.14572;0.056908;0.0016728;0.069898
3.4805;0.061021;-0.0067913;-0.089397;-0.12074;-0.26639;-0.20884;-0.21982;-0.099042;-0.035013;-0.0309;0.039501;0.042873
3.927;0.33006;0.23018;-0.069903;-0.23014;-0.29784;-0.29889;-0.11392;-0.045986;-0.12459;-0.10209;0.035528;0.059771
4.4104;0.52603;0.14504;-0.28136;-0.31218;-0.3057;-0.2594;0.060569;0.011484;-0.16032;-0.057524;0.065601;0.020286
4.4647;0.63933;0.064924;-0.33353;-0.32488;-0.28434;-0.25801;0.040614;-0.034021;-0.074912;-0.00058479;0.03495;0.05573
4.6038;0.70678;-0.00066175;-0.4124;-0.26842;-0.26399;-0.2877;0.051789;0.0016437;-0.11892;-0.0041127;0.021763;0.064068
4.6324;0.72452;-0.0076839;-0.43253;-0.25076;-0.25296;-0.24591;0.024408;0.012856;-0.12311;-0.020036;0.009721;0.056826
4.5443;0.71664;0.050472;-0.47957;-0.29594;-0.15141;-0.18903;-0.013953;0.020398;-0.10125;-0.063943;-0.02457;0.016672
4.4376;0.60115;0.073901;-0.30239;-0.36661;-0.11572;-0.090508;-0.1091;0.084927;-0.072786;-0.15241;-0.030354;-0.016588
4.8476;0.11029;0.13517;-0.12951;-0.34814;-0.15077;-0.011268;-0.12433;-0.0011485;0.0026815;-0.12435;-0.1231;-0.034994
5.891;-0.20901;-0.16572;-0.31708;-0.27145;-0.17346;0.018718;-0.15362;-0.057606;0.12748;-0.071875;-0.11756;-0.057394
5.8798;0.095479;-0.11654;-0.31621;-0.38817;-0.3722;0.097839;0.074682;-0.17118;-0.060909;0.084381;-0.11598;-0.05423
6.1913;0.11081;-0.18794;-0.44457;-0.31186;-0.32078;0.062394;0.11713;-0.23457;-0.10814;0.19053;-0.14369;-0.005655
6.2778;0.070349;-0.1514;-0.47599;-0.26941;-0.22898;-0.045461;0.001366;-0.13381;-0.039747;0.11934;-0.16398;0.092961
6.1934;0.15582;-0.27006;-0.4341;-0.17736;-0.35526;0.0093364;-0.0070435;-0.10849;-0.047517;0.090424;-0.099345;0.025711
6.096;0.21516;-0.25423;-0.51943;-0.090138;-0.43171;-0.019266;-0.012846;-0.031007;-0.057573;0.028009;-0.028134;-0.047044
5.9631;0.25745;-0.30308;-0.48786;-0.021909;-0.49902;-0.093297;0.015672;0.057532;-0.0056613;0.01086;-0.04181;-0.056636
5.7103;0.31951;-0.38617;-0.43538;0.019585;-0.44673;-0.15701;-0.0030368;0.091125;0.0025254;0.0010656;-0.030451;-0.033223
5.519;0.35389;-0.41381;-0.38573;0.084856;-0.47491;-0.11671;-0.048144;0.07102;-0.03391;-0.052872;0.0085414;-0.042059
5.4438;0.32729;-0.26361;-0.49839;0.16203;-0.43804;-0.13876;-0.090369;0.047782;0.0013667;-0.029112;-0.018604;-0.11451
5.4687;0.34409;-0.2536;-0.5266;0.14161;-0.40538;-0.13933;-0.060126;0.055919;-0.017593;-0.017374;-0.053543;-0.11887
5.5574;0.4151;-0.36071;-0.4421;0.053414;-0.4233;-0.18565;-0.02301;0.10868;-0.08003;-0.0057638;-0.089493;-0.032181
5.8297;0.36469;-0.36454;-0.44066;-0.067057;-0.38864;-0.24546;-0.0119;0.21664;-0.17287;0.007024;-0.067109;0.018499
6.0384;0.31162;-0.34821;-0.35699;-0.20944;-0.47195;-0.11825;0.0022672;0.12722;-0.15748;0.054945;-0.062852;0.018788
6.1922;0.21167;-0.26549;-0.32545;-0.28983;-0.53542;-0.021529;-0.044068;0.025787;-0.14804;0.11605;-0.038963;-0.02597
6.2556;0.12873;-0.15232;-0.27342;-0.48905;-0.29918;-0.18375;-0.076914;0.064076;-0.19404;0.19343;-0.034839;-0.028011
6.3226;0.021574;0.027096;-0.33455;-0.53287;-0.25226;-0.18176;-0.15225;0.077628;-0.13932;0.15499;0.017872;-0.024958
6.3355;-0.022871;0.091594;-0.32169;-0.59296;-0.2226;-0.19824;-0.20762;0.14553;-0.10675;0.10943;0.051557;-0.022959
6.3693;-0.093532;0.19507;-0.36093;-0.61387;-0.22742;-0.17417;-0.23207;0.14656;-0.078659;0.11013;0.058809;-0.02657
5.9898;0.075243;0.21216;-0.39349;-0.61609;-0.20253;-0.1669;-0.24877;0.14591;-0.07117;0.094123;0.036853;-0.012324
5.2936;0.2734;0.27232;-0.2913;-0.53547;-0.18561;-0.12768;-0.23318;0.046767;-0.11448;0.076167;0.025563;-0.011434
4.8369;0.27991;0.31351;-0.042015;-0.49279;-0.090803;-0.12694;-0.21383;-0.05359;-0.23688;0.10737;0.014946;-0.037567
4.5698;0.33273;0.33864;-0.056771;-0.49605;-0.14816;-0.16143;-0.18036;-0.017248;-0.12392;0.018009;-0.053452;0.043072
4.3262;0.33306;0.32025;-0.09776;-0.50429;-0.15352;-0.17254;-0.2026;0.061055;-0.12739;0.012618;-0.015059;-0.001715
4.0767;0.29612;0.20535;-0.033508;-0.36745;-0.30104;-0.21341;-0.10895;0.014967;-0.079753;-0.029336;-0.010453;0.017733
3.8884;0.19875;0.25764;-0.08905;-0.22665;-0.2933;-0.21327;-0.13501;-0.14237;-0.014412;-0.010132;-0.035962;0.020758
3.9276;0.098567;0.18861;-0.058799;-0.31707;-0.28298;-0.16243;-0.19101;-0.058374;0.0032518;0.0064288;-0.02455;-0.01976
4.1292;-0.11648;0.084274;-0.001307;-0.42463;-0.44095;-0.17423;-0.10413;-0.0151;0.031594;0.0065354;0.02586;-0.0054938
5.2652;-0.60995;-0.22624;-0.043798;-0.39814;-0.49148;-0.27283;-0.12385;0.033432;-0.032864;0.023117;0.15329;0.02868
5.1995;-0.53073;-0.11738;0.0086054;-0.38207;-0.56819;-0.24902;-0.061387;0.10785;-0.016894;0.042187;0.17034;-0.027055
5.2407;-0.031249;0.30171;-0.18704;-0.5176;-0.30755;-0.1555;-0.1006;-0.0013997;-0.13605;0.0073964;0.06533;0.0048038
5.8504;0.0020449;0.38698;-0.50069;-0.61701;-0.27633;-0.18768;-0.12482;0.069061;-0.043423;0.050277;0.088191;0.013857
5.836;0.10524;0.34547;-0.56541;-0.59414;-0.28461;-0.2056;-0.21405;0.062986;0.030456;-0.041843;0.10385;0.055554
5.8096;0.03881;0.49318;-0.55559;-0.60622;-0.2408;-0.095612;-0.29456;0.063457;0.095715;-0.14314;0.14974;0.034859
5.561;-0.022058;0.59553;-0.57077;-0.51482;-0.14764;-0.031358;-0.30006;0.074001;0.14889;-0.23475;0.13151;0.02434
5.3214;-0.064811;0.39436;-0.22663;-0.57299;-0.25049;0.017313;-0.1962;0.080947;0.049277;-0.15903;0.14062;-0.0035743
4.9406;-0.10131;0.27721;-0.16283;-0.76486;-0.39338;-0.058594;-0.30288;0.090837;0.010093;-0.076123;0.16828;0.023787
4.3982;0.079457;0.31077;-0.19794;-0.56544;-0.38319;-0.036979;-0.17695;0.037477;0.091529;-0.092246;0.14702;0.023135
4.1147;-0.032224;0.11135;-0.17216;-0.51729;-0.55516;-0.14352;-0.13742;0.032737;0.030113;-0.050571;0.1312;0.060606
3.8221;-0.039097;0.032016;-0.052387;-0.38499;-0.4829;-0.13527;-0.12618;0.12092;0.020323;-0.024217;0.14659;0.062647
3.8397;-0.042259;0.12415;0.062066;-0.37139;-0.49938;0.020857;-0.16446;-0.043029;0.15654;-0.030426;-0.0045781;0.048095
4.6219;-0.53155;0.091511;-0.29878;-0.088198;-0.50504;-0.18377;-0.052947;0.027476;0.10933;-0.053362;0.21184;-0.023711
5.1743;-0.65677;-0.026152;-0.4912;-0.099425;-0.64546;-0.35414;-0.061703;-0.032005;0.070995;-0.060178;0.18904;0.051344
4.8644;-0.87627;0.33622;-0.61669;-0.20095;-0.47656;-0.45767;-0.092263;-0.053282;0.068241;-0.023005;0.22701;0.093497
4.9563;-1.0251;0.50654;-0.59596;-0.1952;-0.40996;-0.52542;-0.12775;-0.026605;0.061999;0.0010844;0.20107;0.0963
4.9526;-1.0983;0.59292;-0.47202;-0.3564;-0.42907;-0.38345;-0.020297;-0.097772;-0.044913;0.0828;0.17843;0.080801
5.0347;-1.1553;0.43417;-0.46657;-0.32347;-0.33541;-0.43205;-0.11396;-0.11869;0.068721;0.007462;0.080745;0.15189
4.9361;-1.2292;0.23669;-0.51242;-0.3671;-0.035831;-0.26347;-0.027003;-0.15191;-0.13101;-0.05142;-0.06872;0.19949
4.7667;-1.1526;0.37667;-0.34568;-0.46482;-0.012797;-0.023876;-0.098597;-0.0019665;0.098019;-0.15807;-0.14945;0.1073
4.265;-1.0489;0.16308;-0.20265;-0.35849;0.085353;0.10254;-0.25863;0.070639;0.19706;-0.2487;-0.18597;0.074593
4.4131;-0.85127;0.14475;-0.023954;-0.43625;0.14909;0.0055544;-0.44255;-0.083824;0.19699;-0.07758;-0.13315;0.10542
4.8319;-0.44103;0.36378;-0.017336;-0.41187;0.13384;-0.18546;-0.50752;-0.081519;0.089263;-0.053255;-0.07281;0.077662
5.6077;-0.13769;0.17091;-0.25462;-0.49824;0.018182;0.004695;-0.35064;-0.017353;0.010928;-0.17959;-0.067819;0.14011
5.9009;-0.05497;0.0048011;-0.38259;-0.50479;-0.030267;0.069991;-0.22303;-0.014291;-0.0094491;-0.061322;-0.053821;0.097614
6.0556;-0.015816;-0.06806;-0.39614;-0.46966;-0.059503;0.051587;-0.16928;-0.092027;0.028646;-0.0091725;-0.13181;0.12903
6.1181;-0.015083;-0.070567;-0.42341;-0.42716;-0.15527;0.18318;-0.24531;-0.077892;0.010651;-0.063436;-0.034542;0.070287
6.1572;-0.01204;-0.11779;-0.38822;-0.50594;-0.060647;0.17115;-0.28106;-0.021959;-0.0038186;-0.073365;-0.026279;0.063699
6.1826;-0.035846;-0.15517;-0.36804;-0.50224;-0.042441;0.1309;-0.21213;-0.041407;-0.070031;0.032099;-0.056314;0.01066
6.1976;-0.038776;-0.15757;-0.4203;-0.41252;-0.1316;0.18703;-0.25096;-0.04112;-0.052819;0.0074794;-0.0369;-0.020743
6.2547;-0.041847;-0.1805;-0.4401;-0.36575;-0.15258;0.17933;-0.27403;-0.041361;-0.02712;0.0059184;-0.035965;-0.01839
6.2093;-0.015865;-0.19971;-0.42788;-0.43713;-0.04514;0.10603;-0.25287;-0.053122;0.0055337;0.034499;-0.10804;0.063948
6.2704;-0.080212;-0.10957;-0.37883;-0.55688;0.070143;0.025099;-0.22681;-0.029586;-0.035341;0.061641;-0.11754;0.063906
6.2999;-0.1148;-0.060212;-0.40433;-0.47904;-0.054138;0.067723;-0.20435;-0.029241;-0.078207;0.09273;-0.10033;0.00082899
6.1409;-0.028852;-0.024625;-0.46991;-0.4756;-0.0058348;0.027754;-0.23135;0.029826;-0.034186;0.049562;-0.097264;0.027439
6.0014;0.048052;-0.031927;-0.45902;-0.46219;-0.056936;0.045791;-0.24535;0.037592;-0.019875;0.043025;-0.095138;0.016684
6.0041;0.042967;-0.078492;-0.39847;-0.50522;0.015679;-0.049909;-0.25448;0.075624;0.019543;0.027795;-0.098581;0.06085
6.0522;0.014356;-0.094564;-0.3757;-0.47137;0.031579;-0.060353;-0.21394;0.02188;0.0017545;0.077546;-0.11293;0.045348
6.0402;-0.0048882;-0.11885;-0.29515;-0.43848;0.066506;-0.060807;-0.25641;0.00060201;0.027405;0.068811;-0.11177;0.048463
5.93;0.0098279;-0.11336;-0.24796;-0.40631;0.043625;-0.047536;-0.2546;-0.0065489;0.068098;0.048968;-0.15306;0.025481
5.6937;0.078438;-0.0839;-0.24197;-0.24704;-0.0085873;-0.25566;-0.14814;0.12479;-0.029489;-0.013819;-0.14051;-0.0081948
5.6173;0.034566;-0.10565;-0.099857;-0.21559;-0.10142;-0.11983;-0.2253;0.013488;0.043469;-0.033636;-0.15683;0.0060123
5.1967;0.06871;-0.026527;0.06647;-0.14041;-0.11272;-0.048015;-0.30699;-0.18165;0.061583;-0.04899;-0.16212;0.13934
4.9857;0.12433;-0.049684;0.013921;-0.11331;0.053649;-0.1421;-0.31778;-0.21642;-0.073193;0.052169;-0.0043744;0.089829
4.7267;0.14297;-0.2007;0.015392;-0.08145;0.14649;-0.1469;-0.29584;-0.24595;-0.10488;0.033285;0.016241;0.12897
4.2989;0.043144;-0.2418;-0.076632;-0.004793;0.20222;-0.18438;-0.28888;-0.23424;-0.19462;0.096193;0.0081173;0.062834
3.8272;-0.094593;-0.24846;-0.12122;-0.020766;0.10236;-0.096258;-0.22771;-0.29701;-0.10904;-0.010851;-0.027316;0.070606
3.6843;-0.069198;-0.14311;-0.12352;0.0065297;0.11513;-0.17299;-0.33089;-0.1978;-0.035679;0.023526;-0.00057015;0.037246
3.5196;-0.1275;-0.13105;0.010459;-0.016364;-0.048391;-0.10196;-0.25965;-0.26528;0.021305;0.087489;-0.036764;0.026028
3.3071;-0.1868;-0.21822;-0.13553;0.010414;0.083586;-0.088101;-0.17878;-0.21922;0.030368;0.11674;-0.049341;-0.044211
3.3628;-0.15139;-0.24742;-0.013348;0.13049;0.078476;-0.034692;-0.32341;-0.22228;0.13724;0.064833;-0.059263;-0.0050741
3.3418;-0.09787;-0.05448;0.035934;0.0072552;-0.0037976;-0.061241;-0.206;-0.14548;0.12589;-0.028252;-0.078213;0.014583
3.1802;-0.168;0.021626;-0.044448;0.018093;-0.083385;-0.081698;-0.24479;-0.16239;0.092347;-0.03456;-0.08313;-0.0069262
3.0996;-0.20408;-0.027219;-0.067644;-0.06667;-0.075032;-0.0071287;-0.18695;-0.20435;-0.028211;0.092613;0.025726;-0.0045222
3.037;-0.28252;-0.17876;-0.13744;-0.071959;-0.11717;-0.090142;-0.14336;-0.1241;0.021604;0.086657;0.031871;-0.044198
3.0275;-0.26367;-0.14684;-0.090935;-0.067452;-0.15577;-0.10061;-0.22485;-0.1485;0.03792;0.068765;0.013427;-0.038288
2.9819;-0.26034;-0.13818;-0.04395;-0.01776;-0.071019;0.084778;-0.25671;-0.2151;-0.044387;0.047236;0.090895;-0.01776
2.9842;-0.30446;-0.18072;-0.1249;-0.15963;-0.16879;0.01853;0.012918;-0.21729;0.035487;0.041306;0.020394;-0.025559
2.9929;-0.32898;-0.143;-0.038833;-0.11026;-0.22992;0.04421;-0.079154;-0.20681;-0.0584;-0.090842;0.073197;0.064499
3.0576;-0.26587;-0.1894;-0.11691;-0.077657;-0.23971;-0.11062;-0.02582;-0.033757;0.054223;0.0018654;0.027022;-0.020936
3.1146;-0.23152;-0.11207;-0.10523;-0.14182;-0.2337;-0.08123;-0.15749;-0.11033;0.033839;0.021254;0.024168;-0.080492
2.9694;-0.33348;-0.21066;-0.18238;-0.17546;-0.11613;0.14288;0.012585;-0.22827;0.017768;0.021422;-0.010524;0.0030487
2.8928;-0.37116;-0.17601;-0.1637;-0.30091;-0.16664;-0.0018987;-0.098189;-0.16838;-0.017779;0.14545;0.016566;-0.08056
2.9825;-0.30599;-0.2538;-0.1961;-0.2059;-0.091779;0.081282;-0.022615;-0.11537;0.004396;0.10279;-0.020963;-0.046588
3.0923;-0.30904;-0.16094;-0.1409;-0.23352;-0.13282;0.0078576;-0.16978;-0.075208;0.055779;-0.054907;-0.018367;-0.015903
2.9129;-0.40768;-0.19074;-0.013479;-0.21826;-0.089694;0.10744;-0.11842;-0.12371;-0.029846;0.04136;-0.005769;-0.080294
2.9559;-0.35309;-0.33747;-0.22965;-0.24275;-0.088643;0.020887;-0.097116;-0.10074;-0.014754;0.071919;0.046875;-0.060859
3.1935;-0.17677;-0.3649;-0.49683;-0.30737;-0.087381;0.038067;-0.056461;-0.21463;-0.14908;0.026313;0.024458;0.050582
3.6172;0.002653;-0.34164;-0.63701;-0.29824;-0.05146;0.016167;-0.14432;-0.23847;-0.16054;-0.029968;0.049452;0.18273
3.8835;0.12816;-0.34866;-0.62679;-0.25963;-0.091971;0.062517;-0.13328;-0.16542;-0.064186;-0.10115;0.048512;0.1646
4.1435;0.21331;-0.26125;-0.71793;-0.27503;-0.19098;-0.18416;-0.22367;-0.21954;-0.13383;-0.040386;0.069022;0.15228
4.2297;0.14771;-0.13309;-0.54003;-0.27699;-0.17317;-0.25584;-0.10976;-0.048321;-0.12682;-0.0050572;0.072818;0.16215
4.2194;0.051278;-0.14574;-0.50256;-0.048856;-0.28904;-0.26979;-0.019512;-0.027698;-0.13774;0.083228;0.12071;0.12883
4.2489;0.093248;-0.02631;-0.37115;-0.13362;-0.28401;-0.26021;-0.079954;0.059205;-0.28588;0.017134;0.12981;0.093312
4.1601;0.025918;0.082281;-0.25149;-0.055592;-0.11045;-0.2725;-0.076714;0.23111;-0.31539;0.044811;0.09552;6.6278e-005
3.8686;-0.06537;0.11691;-0.21025;-0.27781;-0.23179;-0.13976;-0.1916;0.097315;-0.086061;0.15664;-0.0071978;-0.026858
3.5445;-0.13691;-0.095116;-0.35702;-0.14315;-0.16289;0.028854;-0.13043;0.035903;-0.064737;-0.031924;0.025553;0.049699
3.4665;-0.038551;-0.031061;-0.28779;-0.10214;0.022234;-0.03679;-0.13271;-0.0115;-0.087107;-0.013164;0.0070938;0.089661
3.4731;-0.12463;-0.1793;-0.27178;-0.058899;0.026276;0.013679;-0.0095192;-0.062852;-0.32265;-0.1078;0.0045566;0.053282
3.3464;-0.16151;-0.15543;-0.17705;-0.015489;-0.10051;-0.027802;-0.1692;-0.063966;-0.11223;0.0023397;0.09123;0.018953
3.239;-0.13297;-0.1126;-0.26291;-0.18682;-0.031744;-0.032435;-0.11836;-0.0099354;-0.0093524;-0.07419;-0.044462;0.071458
3.1709;-0.23655;-0.14002;-0.18989;-0.09982;-0.090203;-0.11009;-0.25378;-0.1234;0.089799;0.061748;0.042568;-0.0015113
3.1942;-0.33875;-0.2476;-0.29859;-0.25602;-0.031496;-0.13564;-0.29138;-0.084308;-0.072971;0.017286;0.21404;0.014389
3.1027;-0.37897;-0.24136;-0.15123;-0.2865;-0.14291;-0.18628;-0.23114;-0.1413;-0.064249;0.029841;0.22978;0.064174
2.9324;-0.40387;-0.15888;-0.18198;-0.31227;-0.083085;-0.12492;-0.21444;-0.13717;-0.04091;0.013234;0.075242;0.071083
3.0159;-0.30268;-0.16232;-0.067172;-0.25183;-0.15412;-0.038836;-0.18724;-0.24092;0.0024592;0.11248;0.084329;0.021159
3.07;-0.43129;-0.26952;-0.091309;-0.28499;-0.028316;-0.042883;-0.22413;-0.10898;0.083106;0.14016;0.091232;0.031967
3.1107;-0.39395;-0.24684;0.072037;-0.12557;0.063531;0.042038;-0.18997;-0.098135;-0.12087;0.051435;0.089038;-0.016204
3.2241;-0.30135;-0.18247;0.072183;-0.19017;-0.075244;-0.02515;-0.13518;-0.1512;-0.18737;-0.041788;0.046148;0.041416
3.3938;-0.21922;-0.19067;-0.106;-0.15422;-0.0074174;-0.095651;-0.15044;-0.079205;-0.14765;0.034515;0.038691;0.046279
3.5409;-0.23609;-0.046829;-0.0608;-0.026025;-0.15202;-0.18731;-0.32017;0.053298;-0.022789;0.014571;0.019194;0.036411
3.6634;-0.20871;0.0061672;-0.010277;-0.12842;-0.039927;-0.054874;-0.28777;0.012202;-0.08725;0.077941;-0.041831;-0.11361
3.6866;-0.25119;0.05045;-0.11713;-0.37827;0.0030084;-0.22986;-0.25659;0.12005;-0.25539;0.062935;0.12512;-0.036954
3.6275;-0.27349;0.11941;0.065124;-0.35999;0.05872;-0.19546;-0.13991;0.15347;-0.27578;0.017749;0.10532;-0.02442
3.5489;-0.38675;-0.032671;0.047272;-0.39353;0.079837;-0.30679;-0.092292;0.14387;-0.33746;0.025123;0.1525;0.0075633
3.4497;-0.32669;-0.10306;0.042665;-0.23475;0.2358;-0.33551;-0.25959;0.014115;-0.21591;0.12069;0.1075;0.035949
3.2798;-0.39578;-0.13249;0.072048;-0.11965;0.1454;-0.39507;-0.15896;0.056444;-0.18506;0.14463;0.076647;-0.065417
3.1697;-0.38187;-0.18146;0.030589;-0.12645;0.17357;-0.16709;-0.04354;0.11516;-0.23254;-0.0080193;0.0011205;-0.027143
3.1197;-0.34167;-0.19611;-0.011579;-0.20374;-0.2408;-0.085797;-0.11958;-0.04747;-0.12137;-0.060748;0.10541;0.060646
3.0882;-0.28475;-0.11489;0.016628;-0.1727;-0.17636;-0.084932;-0.15396;-0.083144;0.015077;0.067489;0.12777;0.032886
3.1347;-0.29288;-0.2053;-0.025584;-0.15175;-0.073635;-0.074135;-0.31432;-0.083822;0.028055;0.062837;0.13523;0.0007798
3.0618;-0.31571;-0.15179;0.0019463;-0.13323;-0.15997;-0.0011039;-0.24796;-0.15816;-0.057852;0.024532;0.048236;0.022499
3.0733;-0.24956;-0.17601;0.0015297;-0.27285;-0.20833;-0.035711;-0.21403;-0.040067;-0.0018416;-0.044087;-0.033917;0.082771
2.9253;-0.39282;-0.24231;-0.1369;-0.2436;-0.27539;-0.12678;-0.089461;-0.027179;-0.10442;-0.024043;0.044011;0.02927
2.9711;-0.31537;-0.2616;-0.10224;-0.042462;-0.2126;-0.073786;-0.15468;-0.20217;-0.11443;0.029258;0.0086416;0.044393
3.0429;-0.30284;-0.25393;-0.29355;-0.16618;-0.24064;-0.14316;-0.18369;-0.16583;-0.093138;0.028143;0.08813;0.088282
3.0673;-0.28834;-0.1626;-0.070841;-0.18904;-0.23248;-0.13638;-0.33294;-0.16425;-0.0005607;0.0089726;0.017928;0.013476
2.9486;-0.3521;-0.17927;-0.11733;-0.29155;-0.1979;-0.081133;-0.23724;-0.19669;0.045405;0.094997;0.018806;0.023303
2.8937;-0.35934;-0.25204;-0.14581;-0.056986;-0.049361;-0.10486;-0.13787;-0.10843;0.09362;-0.011439;-0.11617;0.053828
2.9955;-0.33126;-0.26084;-0.14972;-0.17606;0.017052;-0.16807;-0.13281;0.013597;0.073604;-0.0051208;-0.10734;-0.023223
2.9659;-0.34406;-0.29353;-0.065544;-0.14855;-0.14185;-0.15661;-0.13836;-0.13455;0.08138;0.052738;-0.014141;0.13452
3.0036;-0.31592;-0.15339;0.010724;-0.12198;-0.23638;-0.019552;-0.12419;-0.19746;-0.085079;-0.080357;0.035655;0.085019
2.8963;-0.37782;-0.22043;-0.17943;-0.20436;-0.4172;-0.07918;-0.18043;-0.057407;0.013057;-0.0099523;0.086252;0.0045369
2.9911;-0.2861;-0.14789;-0.053912;-0.11362;-0.2444;-0.18254;-0.25986;-0.17073;-0.053011;0.052685;0.024267;0.044498
2.934;-0.30758;-0.11767;0.066264;-0.11158;-0.21461;-0.10836;-0.18243;-0.15324;0.016817;0.043006;0.046634;0.093776
3.0701;-0.28207;-0.11326;-0.12915;-0.15981;-0.10794;-0.047325;-0.19479;-0.24828;-0.070386;0.0041548;0.084982;0.025057
3.0896;-0.34788;-0.16417;-0.03367;-0.044525;-0.11909;-0.10025;-0.12079;-0.14516;-0.051301;0.056341;0.12756;-0.026032
3.0355;-0.28775;-0.21161;0.0039601;-0.082058;-0.14827;0.018119;-0.12913;-0.15967;0.032463;0.026171;0.0025334;0.080556
2.9879;-0.4292;-0.37734;-0.071148;-0.10033;-0.23319;0.14665;0.00074112;-0.19056;0.020236;0.16285;0.061543;-0.098404
3.1372;-0.31734;-0.24624;-0.12781;-0.10121;-0.18841;-0.011641;-0.080574;-0.32685;0.005295;0.15981;0.0137;-0.053972
2.9856;-0.32304;-0.11423;-0.15945;-0.2823;-0.21647;-0.082643;-0.062545;-0.19028;0.014325;0.071969;-0.018665;0.087916
3.0094;-0.36198;-0.23019;-0.27388;-0.19358;-0.09405;-0.12166;-0.080931;-0.17431;-0.031074;0.10607;0.069455;0.044211
3.1543;-0.29343;-0.20211;-0.28996;-0.22884;0.054846;-0.023131;-0.016126;-0.22845;-0.051374;0.02154;-0.04637;0.0068564
3.0948;-0.36398;-0.34133;-0.4176;-0.2217;-0.11184;0.035046;-0.069327;-0.079392;0.018319;-0.082715;-0.059596;0.0285
3.4818;-0.40894;-0.26513;-0.44166;0.26425;-0.14416;-0.21678;-0.29942;0.22944;0.0089471;-0.044472;-0.12264;-0.18814
3.6036;-0.52412;-0.3984;-0.33132;0.41332;-0.024294;-0.56724;-0.43855;0.35063;-0.037272;0.13663;-0.040573;-0.23709
3.6531;-0.64836;-0.6373;-0.61953;0.56276;-0.19161;-0.31732;-0.44889;0.29272;-0.027205;0.0064924;-0.00013148;-0.25354
3.892;-0.6036;-0.57242;-0.46813;0.78555;-0.1116;-0.3141;-0.44775;0.26668;0.018238;0.01586;-0.013351;-0.26838
4.0504;-0.66199;-0.57703;-0.38834;0.69577;0.065541;-0.45615;-0.45743;0.29179;-0.11017;0.099431;-0.047296;-0.27071
3.9696;-0.75454;-0.68796;-0.43917;0.55951;0.12317;-0.47117;-0.33768;0.43417;-0.036069;0.18384;-0.060145;-0.27334
3.9688;-0.66364;-0.72043;-0.36271;0.45957;0.034015;-0.69949;-0.52458;0.24254;-0.097348;0.22664;-0.027777;-0.15
3.9635;-0.68039;-0.80056;-0.44487;0.40716;0.085128;-0.52221;-0.28041;0.45665;0.012877;0.22188;-0.10564;-0.23668
3.9628;-0.60481;-0.81683;-0.32976;0.30044;0.10833;-0.71691;-0.33208;0.31105;-0.0040636;0.26288;-0.089328;-0.13306
3.9154;-0.58436;-0.81497;-0.28144;0.2616;0.12712;-0.79712;-0.38029;0.21851;-0.031285;0.24895;-0.069926;-0.097779
3.8362;-0.54817;-0.80115;-0.12782;0.36544;0.31657;-0.72209;-0.34135;0.15224;-0.094059;0.17136;-0.12277;-0.11133
3.7313;-0.52993;-0.84973;-0.17932;0.41489;0.18038;-0.65218;-0.39149;0.15085;-0.055219;0.20207;-0.12156;-0.073838
3.7616;-0.44993;-0.80905;-0.2098;0.46883;0.059709;-0.58363;-0.39786;0.12412;-0.027375;0.16286;-0.12114;-0.049888
3.7215;-0.44279;-0.8401;-0.23379;0.33617;0.076622;-0.65715;-0.2845;0.16012;0.037998;0.15632;-0.12311;-0.066303
3.6101;-0.35786;-0.94687;-0.39117;0.32989;-0.19033;-0.58068;-0.21835;0.09195;0.25993;0.12583;-0.078179;-0.047653
3.578;-0.32365;-0.97394;-0.28752;0.33002;-0.094254;-0.5095;-0.17044;0.12418;0.28068;0.11085;-0.10154;-0.067926
3.5025;-0.33207;-0.84324;-0.15269;0.56315;0.015173;-0.50503;-0.28889;0.057774;0.16811;0.087584;-0.11373;-0.061756
3.5391;-0.31949;-0.82457;-0.2139;0.56769;-0.03772;-0.5152;-0.28226;0.11807;0.21235;0.12217;-0.068629;-0.067265
3.5675;-0.2769;-0.78819;-0.1695;0.44966;0.015471;-0.49458;-0.23042;0.23905;0.18081;0.088658;-0.084566;-0.13907
3.5557;-0.24807;-0.7814;-0.18669;0.39637;-0.044406;-0.41852;-0.2431;0.26871;0.19718;0.0011979;-0.070119;-0.14885
3.495;-0.35176;-0.84565;-0.25973;0.48211;0.042732;-0.32307;-0.22092;0.18933;0.18942;-0.055406;-0.06203;-0.13731
3.5018;-0.25911;-0.87985;-0.15898;0.4627;-0.014715;-0.43083;-0.33709;0.085555;0.15213;-0.04601;-0.045288;-0.081212
3.5453;-0.28173;-0.84039;-0.139;0.36976;0.01474;-0.33463;-0.33369;0.20728;0.1542;-0.10514;-0.042715;-0.12582
